shell0_X0_Y0_Z0_mono0_fix1/shell0_X0_Y0_Z0_mono1_fix1/shell1_X-1_Y0_Z0_mono1_fix1//test20tig_AVDZ// DONE 4.832536863788853 4.87481984938681 4.576816950491205 14.284173663666868 2	0.02094441 0.15406540 -0.05952335 0.02630354 0.05416422 0.05819254 0.05586367
shell0_X0_Y0_Z0_mono0_fix1/shell1_X-1_Y1_Z0_mono1_fix1/shell1_X0_Y1_Z0_mono1_fix1//test20tig_AVDZ// DONE 4.874819824994216 4.8325372673373375 4.576816950491205 14.284174042822757 2	0.02816372 0.16762450 -0.06320610 0.02898060 0.06238922 0.06653542 0.06413840
shell0_X0_Y0_Z0_mono0_fix1/shell0_X0_Y0_Z0_mono1_fix1/shell1_X1_Y0_Z0_mono0_fix1//test20tig_AVDZ// DONE 4.832536863788853 4.576817879131266 4.87481984938681 14.284174592306929 4	0.02813556 0.16762390 -0.06324051 0.02901258 0.06236349 0.06653525 0.06412345
shell0_X0_Y0_Z0_mono0_fix1/shell1_X-1_Y0_Z0_mono0_fix1/shell1_X-1_Y1_Z0_mono1_fix1//test20tig_AVDZ// DONE 4.576817879131266 4.874819824994216 4.8325372673373375 14.284174971462818 4	0.02096688 0.15406500 -0.05949705 0.02627862 0.05418531 0.05819607 0.05587735
shell0_X0_Y0_Z0_mono0_fix1/shell0_X0_Y0_Z0_mono1_fix1/shell1_X0_Y1_Z0_mono1_fix1//test20tig_AVDZ// DONE 4.832536863788853 4.8325372673373375 5.83480027387607 15.49987440500226 2	0.00938386 0.11165910 -0.04764877 0.02098129 0.03605134 0.03914114 0.03735485
shell0_X0_Y0_Z0_mono0_fix1/shell1_X0_Y1_Z0_mono0_fix1/shell1_X0_Y1_Z0_mono1_fix1//test20tig_AVDZ// DONE 5.834800797021388 4.8325372673373375 4.832536863788853 15.499874928147579 4	0.00938419 0.11165970 -0.04764976 0.02098114 0.03605281 0.03914091 0.03735560
shell0_X0_Y0_Z0_mono0_fix1/shell1_X0_Y0_Z-1_mono1_fix1/shell1_X0_Y1_Z-1_mono1_fix1//test20tig_AVDZ// DONE 4.8748181239170645 4.874818245582405 5.83480027387607 15.58443664337554 2	0.00793391 0.10358570 -0.04438415 0.02031423 0.03200383 0.03537897 0.03342772
shell0_X0_Y0_Z0_mono0_fix1/shell1_X0_Y0_Z-1_mono1_fix1/shell1_X0_Y-1_Z0_mono0_fix1//test20tig_AVDZ// DONE 4.8748181239170645 5.83480079702139 4.874818245582404 15.584437166520857 4	0.00793716 0.10358660 -0.04438519 0.02031600 0.03200635 0.03537536 0.03342765
shell0_X0_Y0_Z0_mono0_fix1/shell0_X0_Y0_Z0_mono1_fix1/shell1_X0_Y0_Z1_mono0_fix1//test20tig_AVDZ// DONE 4.832536863788853 6.052387884674758 4.8748181239170645 15.759742872380675 4	0.00900023 0.09320310 -0.03777980 0.01824811 0.02853192 0.03148111 0.02977611
shell0_X0_Y0_Z0_mono0_fix1/shell0_X0_Y0_Z0_mono1_fix1/shell1_X0_Y0_Z-1_mono1_fix1//test20tig_AVDZ// DONE 4.832536863788853 4.8748181239170645 6.052388083568137 15.759743071274055 2	0.00732810 0.08700643 -0.03362579 0.01726018 0.02369371 0.02677796 0.02499488
shell0_X0_Y0_Z0_mono0_fix1/shell1_X0_Y0_Z1_mono0_fix1/shell1_X0_Y1_Z0_mono1_fix1//test20tig_AVDZ// DONE 6.052387884674758 4.8325372673373375 4.874818245582405 15.7597433975945 4	0.00731632 0.08700621 -0.03363112 0.01726659 0.02368085 0.02677750 0.02498725
shell0_X0_Y0_Z0_mono0_fix1/shell1_X0_Y1_Z-1_mono1_fix1/shell1_X0_Y1_Z0_mono1_fix1//test20tig_AVDZ// DONE 4.874818245582405 4.8325372673373375 6.052388083568135 15.75974359648788 2	0.00900288 0.09320300 -0.03777783 0.01824794 0.02853277 0.03147904 0.02977573
shell0_X0_Y0_Z0_mono0_fix1/shell0_X0_Y0_Z0_mono1_fix1/shell1_X-1_Y1_Z0_mono1_fix1//test20tig_AVDZ// DONE 4.832536863788853 4.874819824994216 7.2061641805828875 16.913520869365957 2	0.00015734 0.01283629 -0.00821231 0.00479859 0.00357106 0.00457328 0.00399387
shell0_X0_Y0_Z0_mono0_fix1/shell1_X-1_Y-1_Z0_mono0_fix1/shell1_X-1_Y0_Z0_mono1_fix1//test20tig_AVDZ// DONE 7.206164883641014 4.87481984938681 4.8325372673373375 16.913522000365163 4	0.00015482 0.01283627 -0.00821217 0.00479855 0.00356844 0.00457700 0.00399393
shell0_X0_Y0_Z0_mono0_fix1/shell0_X0_Y0_Z0_mono1_fix1/shell1_X1_Y-1_Z0_mono0_fix1//test20tig_AVDZ// DONE 4.832536863788853 7.234555636358268 4.874819824994216 16.941912325141338 4	-0.00035406 0.00971602 -0.00510586 0.00357519 0.00117661 0.00197435 0.00151316
shell0_X0_Y0_Z0_mono0_fix1/shell1_X-1_Y0_Z0_mono1_fix1/shell1_X0_Y1_Z0_mono1_fix1//test20tig_AVDZ// DONE 4.87481984938681 4.8325372673373375 7.23455534818809 16.941912464912235 2	-0.00034516 0.00971581 -0.00509712 0.00356776 0.00118419 0.00197232 0.00151668
shell0_X0_Y0_Z0_mono0_fix1/shell0_X0_Y0_Z0_mono1_fix1/shell1_X-1_Y0_Z-1_mono1_fix1//test20tig_AVDZ// DONE 4.832536863788853 4.832541803661923 7.3579458897229895 17.023024557173763 2	-0.00072992 0.00929829 -0.00618893 0.00362025 0.00183876 0.00266676 0.00218808
shell0_X0_Y0_Z0_mono0_fix1/shell0_X0_Y0_Z0_mono1_fix1/shell1_X1_Y0_Z1_mono0_fix1//test20tig_AVDZ// DONE 4.832536863788853 7.357945972453686 4.832541803661923 17.023024639904463 4	-0.00073323 0.00929829 -0.00619003 0.00362158 0.00183523 0.00266650 0.00218592
shell0_X0_Y0_Z0_mono0_fix1/shell0_X0_Y0_Z0_mono1_fix1/shell1_X1_Y0_Z0_mono1_fix1//test20tig_AVDZ// DONE 4.832536863788853 7.687882795249494 4.576816950491205 17.097236609529553 2	-0.00148577 0.00527610 -0.00374341 0.00243506 -0.00017742 0.00035134 0.00004565
shell0_X0_Y0_Z0_mono0_fix1/shell1_X1_Y1_Z0_mono1_fix1/shell1_X0_Y1_Z0_mono1_fix1//test20tig_AVDZ// DONE 7.687883006758034 4.8325372673373375 4.576816950491205 17.09723722458658 2	-0.00279263 0.00501930 -0.00257720 0.00204766 -0.00226309 -0.00163998 -0.00200021
shell0_X0_Y0_Z0_mono0_fix1/shell0_X0_Y0_Z0_mono1_fix1/shell1_X-1_Y0_Z0_mono0_fix1//test20tig_AVDZ// DONE 4.832536863788853 4.576817879131266 7.687882795249494 17.097237538169612 4	-0.00279507 0.00501931 -0.00258179 0.00205031 -0.00226359 -0.00164022 -0.00200061
shell0_X0_Y0_Z0_mono0_fix1/shell1_X-1_Y0_Z0_mono0_fix1/shell1_X0_Y1_Z0_mono1_fix1//test20tig_AVDZ// DONE 4.576817879131266 4.8325372673373375 7.687883006758034 17.097238153226638 4	-0.00148598 0.00527606 -0.00374346 0.00243771 -0.00018023 0.00034995 0.00004344
shell0_X0_Y0_Z0_mono0_fix1/shell1_X0_Y0_Z-1_mono1_fix1/shell1_X-1_Y0_Z0_mono1_fix1//test20tig_AVDZ// DONE 4.8748181239170645 4.87481984938681 7.4326967908791595 17.182334764183032 2	-0.00103548 0.00743609 -0.00356670 0.00278997 -0.00025876 0.00043130 0.00003236
shell0_X0_Y0_Z0_mono0_fix1/shell1_X0_Y0_Z-1_mono1_fix1/shell1_X1_Y0_Z-1_mono0_fix1//test20tig_AVDZ// DONE 4.8748181239170645 7.4326969331133075 4.87481984938681 17.182334906417182 4	-0.00103274 0.00743603 -0.00357014 0.00279341 -0.00025601 0.00043024 0.00003350
shell0_X0_Y0_Z0_mono0_fix1/shell1_X0_Y0_Z-1_mono1_fix1/shell1_X1_Y0_Z-1_mono1_fix1//test20tig_AVDZ// DONE 4.8748181239170645 7.741652423640553 4.576816950491205 17.193287498048825 2	-0.00383583 0.00215535 -0.00096016 0.00092655 -0.00380222 -0.00344050 -0.00364962
shell0_X0_Y0_Z0_mono0_fix1/shell1_X0_Y1_Z-1_mono1_fix1/shell1_X1_Y1_Z-1_mono1_fix1//test20tig_AVDZ// DONE 4.874818245582405 7.7416525542166985 4.576816950491205 17.19328775029031 2	-0.00381328 0.00145043 -0.00115628 0.00082209 -0.00347909 -0.00312924 -0.00333150
shell0_X0_Y0_Z0_mono0_fix1/shell1_X1_Y0_Z-1_mono1_fix1/shell1_X1_Y0_Z0_mono0_fix1//test20tig_AVDZ// DONE 7.741652423640553 4.576817879131266 4.8748181239170645 17.19328842668888 4	-0.00380976 0.00145048 -0.00115072 0.00081726 -0.00347630 -0.00312946 -0.00332997
shell0_X0_Y0_Z0_mono0_fix1/shell1_X0_Y1_Z-1_mono1_fix1/shell1_X-1_Y0_Z0_mono0_fix1//test20tig_AVDZ// DONE 4.874818245582405 4.576817879131266 7.7416525542166985 17.19328867893037 4	-0.00383806 0.00215530 -0.00095900 0.00092769 -0.00380676 -0.00344114 -0.00365251
shell0_X0_Y0_Z0_mono0_fix1/shell1_X-1_Y0_Z0_mono0_fix1/shell1_X0_Y1_Z0_mono0_fix1//test20tig_AVDZ// DONE 4.576817879131266 5.834800797021388 7.206164883641014 17.617783559793665 6	0.00117735 0.00991640 -0.00668498 0.00385216 0.00401017 0.00472733 0.00431272
shell0_X0_Y0_Z0_mono0_fix1/shell1_X-1_Y0_Z0_mono0_fix1/shell1_X-1_Y1_Z0_mono0_fix1//test20tig_AVDZ// DONE 4.576817879131266 7.234555636358268 5.834800797021388 17.646174312510922 6	-0.00001278 0.00704586 -0.00412193 0.00269568 0.00141347 0.00201938 0.00166909
shell0_X0_Y0_Z0_mono0_fix1/shell1_X-1_Y0_Z0_mono0_fix1/shell1_X1_Y0_Z0_mono0_fix1//test20tig_AVDZ// DONE 4.576817879131266 4.576817879131266 8.63133829007425 17.78497404833678 3	-0.00823295 -0.00017390 -0.00085913 0.00023212 -0.00760593 -0.00727730 -0.00746729
shell0_X0_Y0_Z0_mono0_fix1/shell0_X0_Y0_Z0_mono1_fix1/shell1_X0_Y1_Z-1_mono1_fix1//test20tig_AVDZ// DONE 4.832536863788853 4.874818245582405 8.215479171456105 17.922834280827363 2	-0.00337578 0.00228523 -0.00304068 0.00153249 -0.00186759 -0.00138003 -0.00166190
shell0_X0_Y0_Z0_mono0_fix1/shell1_X0_Y1_Z1_mono0_fix1/shell1_X0_Y1_Z0_mono1_fix1//test20tig_AVDZ// DONE 8.21547938783387 4.8325372673373375 4.8748181239170645 17.92283477908827 4	-0.00338000 0.00228526 -0.00304437 0.00153560 -0.00187122 -0.00137908 -0.00166360
shell0_X0_Y0_Z0_mono0_fix1/shell1_X-1_Y0_Z-1_mono0_fix1/shell1_X0_Y0_Z-1_mono0_fix1//test20tig_AVDZ// DONE 7.357945972453686 6.052387884674759 4.576817879131266 17.98715173625971 6	0.00115385 0.00690568 -0.00483711 0.00282102 0.00316994 0.00373679 0.00340908
shell0_X0_Y0_Z0_mono0_fix1/shell0_X0_Y0_Z0_mono1_fix1/shell1_X0_Y-1_Z1_mono0_fix1//test20tig_AVDZ// DONE 4.832536863788853 8.30173601819067 4.874818245582404 18.009091127561927 4	-0.00251835 0.00027018 -0.00046973 0.00028299 -0.00233160 -0.00219527 -0.00227409
shell0_X0_Y0_Z0_mono0_fix1/shell1_X0_Y0_Z-1_mono1_fix1/shell1_X0_Y1_Z0_mono1_fix1//test20tig_AVDZ// DONE 4.8748181239170645 4.8325372673373375 8.301736003054813 18.009091394309216 2	-0.00252009 0.00027020 -0.00047106 0.00028465 -0.00233367 -0.00219469 -0.00227504
shell0_X0_Y0_Z0_mono0_fix1/shell1_X0_Y0_Z-1_mono0_fix1/shell1_X1_Y0_Z-1_mono0_fix1//test20tig_AVDZ// DONE 6.052387884674759 7.4326969331133075 4.576817879131266 18.061902696919333 6	0.00011602 0.00480615 -0.00295418 0.00192734 0.00114286 0.00161628 0.00134258
shell0_X0_Y0_Z0_mono0_fix1/shell0_X0_Y0_Z0_mono1_fix1/shell1_X-1_Y1_Z-1_mono1_fix1//test20tig_AVDZ// DONE 4.832536863788853 4.832541657327352 9.220398664532015 18.88547718564822 1	-0.00596365 0.00308785 0.00410269 -0.00039298 -0.00967336 -0.00920874 -0.00947734
shell0_X0_Y0_Z0_mono0_fix1/shell1_X-1_Y-1_Z-1_mono0_fix1/shell1_X-1_Y0_Z-1_mono1_fix1//test20tig_AVDZ// DONE 9.220399005428119 4.832541803661923 4.8325372673373375 18.88547807642738 2	-0.00596486 0.00308790 0.00409607 -0.00038571 -0.00967522 -0.00920773 -0.00947800
shell0_X0_Y0_Z0_mono0_fix1/shell0_X0_Y0_Z0_mono1_fix1/shell1_X1_Y-1_Z1_mono0_fix1//test20tig_AVDZ// DONE 4.832536863788853 9.295639787140068 4.832541657327352 18.960718308256272 2	-0.00429278 0.00042001 0.00028447 0.00008173 -0.00465898 -0.00450145 -0.00459253
shell0_X0_Y0_Z0_mono0_fix1/shell1_X-1_Y0_Z-1_mono1_fix1/shell1_X0_Y1_Z0_mono1_fix1//test20tig_AVDZ// DONE 4.832541803661923 4.8325372673373375 9.295639782756695 18.960718853755957 1	-0.00428977 0.00042004 0.00029746 0.00006457 -0.00465179 -0.00449930 -0.00458746
shell0_X0_Y0_Z0_mono0_fix1/shell1_X0_Y1_Z-1_mono1_fix1/shell1_X-1_Y0_Z0_mono1_fix1//test20tig_AVDZ// DONE 4.874818245582405 4.87481984938681 9.28730372170711 19.036941816676325 1	-0.00656357 0.00086726 0.00114684 -0.00008070 -0.00762971 -0.00732992 -0.00750323
shell0_X0_Y0_Z0_mono0_fix1/shell1_X0_Y0_Z-1_mono1_fix1/shell1_X1_Y-1_Z-1_mono0_fix1//test20tig_AVDZ// DONE 4.8748181239170645 9.287303895161147 4.874819824994216 19.036941844072427 2	-0.00656448 0.00086728 0.00114579 -0.00007957 -0.00763070 -0.00732955 -0.00750366
shell0_X0_Y0_Z0_mono0_fix1/shell1_X0_Y0_Z-1_mono1_fix1/shell1_X-1_Y1_Z0_mono1_fix1//test20tig_AVDZ// DONE 4.8748181239170645 4.874819824994216 9.333735696013983 19.083373644925263 1	-0.00366579 0.00018696 0.00006464 0.00008779 -0.00381823 -0.00371881 -0.00377628
shell0_X0_Y0_Z0_mono0_fix1/shell1_X0_Y1_Z-1_mono1_fix1/shell1_X1_Y1_Z-1_mono0_fix1//test20tig_AVDZ// DONE 4.874818245582405 9.333735909753628 4.87481984938681 19.08337400472284 2	-0.00366368 0.00018699 0.00006548 0.00008730 -0.00381646 -0.00372208 -0.00377664
shell0_X0_Y0_Z0_mono0_fix1/shell1_X1_Y0_Z0_mono1_fix1/shell1_X0_Y1_Z0_mono1_fix1//test20tig_AVDZ// DONE 7.687882795249494 4.8325372673373375 7.2061641805828875 19.726584243169718 2	0.00107600 0.00180808 -0.00125818 0.00076922 0.00156495 0.00177236 0.00165245
shell0_X0_Y0_Z0_mono0_fix1/shell0_X0_Y0_Z0_mono1_fix1/shell1_X-1_Y-1_Z0_mono0_fix1//test20tig_AVDZ// DONE 4.832536863788853 7.206164883641014 7.687883006758034 19.7265847541879 4	0.00108611 0.00180813 -0.00124660 0.00075380 0.00157892 0.00176858 0.00165893
shell0_X0_Y0_Z0_mono0_fix1/shell0_X0_Y0_Z0_mono1_fix1/shell1_X1_Y1_Z0_mono1_fix1//test20tig_AVDZ// DONE 4.832536863788853 7.687883006758034 7.23455534818809 19.754975218734977 2	0.00078667 0.00112028 -0.00060678 0.00045396 0.00093950 0.00110680 0.00101008
shell0_X0_Y0_Z0_mono0_fix1/shell1_X-1_Y1_Z0_mono0_fix1/shell1_X0_Y1_Z0_mono1_fix1//test20tig_AVDZ// DONE 7.234555636358268 4.8325372673373375 7.687882795249494 19.7549756989451 4	0.00078939 0.00112031 -0.00060240 0.00045093 0.00094087 0.00110682 0.00101088
shell0_X0_Y0_Z0_mono0_fix1/shell1_X0_Y1_Z-1_mono1_fix1/shell1_X1_Y0_Z-1_mono1_fix1//test20tig_AVDZ// DONE 4.874818245582405 7.741652423640553 7.2061641805828875 19.822634849805848 2	0.00077544 0.00081595 -0.00033722 0.00029701 0.00081565 0.00096110 0.00087701
shell0_X0_Y0_Z0_mono0_fix1/shell1_X1_Y1_Z-1_mono1_fix1/shell1_X1_Y1_Z0_mono0_fix1//test20tig_AVDZ// DONE 7.7416525542166985 7.206164883641014 4.8748181239170645 19.822635561774774 4	0.00077515 0.00081598 -0.00033964 0.00029961 0.00081517 0.00095918 0.00087592
shell0_X0_Y0_Z0_mono0_fix1/shell1_X0_Y0_Z-1_mono1_fix1/shell1_X1_Y1_Z-1_mono1_fix1//test20tig_AVDZ// DONE 4.8748181239170645 7.7416525542166985 7.23455534818809 19.851026026321854 2	0.00068750 0.00038207 -0.00035035 0.00019064 0.00084721 0.00089561 0.00086763
shell0_X0_Y0_Z0_mono0_fix1/shell1_X0_Y1_Z-1_mono1_fix1/shell1_X-1_Y1_Z0_mono0_fix1//test20tig_AVDZ// DONE 4.874818245582405 7.234555636358268 7.741652423640553 19.851026305581225 4	0.00068321 0.00038208 -0.00037096 0.00021221 0.00084196 0.00089553 0.00086456
shell0_X0_Y0_Z0_mono0_fix1/shell1_X0_Y0_Z-1_mono1_fix1/shell1_X1_Y0_Z0_mono1_fix1//test20tig_AVDZ// DONE 4.8748181239170645 7.687882795249494 7.3579458897229895 19.92064680888955 2	0.00070419 0.00080797 -0.00072256 0.00041887 0.00100788 0.00115171 0.00106855
shell0_X0_Y0_Z0_mono0_fix1/shell1_X-1_Y0_Z-1_mono0_fix1/shell1_X0_Y0_Z-1_mono1_fix1//test20tig_AVDZ// DONE 7.357945972453686 4.8748181239170645 7.687882795249494 19.920646891620244 4	0.00081146 0.00152091 -0.00086218 0.00058993 0.00108371 0.00128239 0.00116753
shell0_X0_Y0_Z0_mono0_fix1/shell1_X0_Y1_Z-1_mono1_fix1/shell1_X1_Y1_Z0_mono1_fix1//test20tig_AVDZ// DONE 4.874818245582405 7.687883006758034 7.3579458897229895 19.92064714206343 2	0.00081485 0.00152095 -0.00085889 0.00058636 0.00108737 0.00128162 0.00116932
shell0_X0_Y0_Z0_mono0_fix1/shell1_X1_Y0_Z1_mono0_fix1/shell1_X1_Y1_Z0_mono1_fix1//test20tig_AVDZ// DONE 7.357945972453686 7.687883006758034 4.874818245582405 19.920647224794124 4	0.00070700 0.00080794 -0.00072322 0.00042042 0.00100981 0.00115102 0.00106938
shell0_X0_Y0_Z0_mono0_fix1/shell0_X0_Y0_Z0_mono1_fix1/shell1_X0_Y-1_Z0_mono1_fix1//test20tig_AVDZ// DONE 4.832536863788853 9.29807416463103 5.834800273876071 19.965411302295955 2	-0.00156506 0.00026258 -0.00055521 0.00024911 -0.00125897 -0.00121915 -0.00124217
shell0_X0_Y0_Z0_mono0_fix1/shell0_X0_Y0_Z0_mono1_fix1/shell1_X0_Y1_Z0_mono0_fix1//test20tig_AVDZ// DONE 4.832536863788853 5.834800797021388 9.298074164631034 19.965411825441272 4	-0.00304244 0.00037863 0.00038422 0.00005536 -0.00348203 -0.00341727 -0.00345471
shell0_X0_Y0_Z0_mono0_fix1/shell1_X0_Y1_Z0_mono1_fix1/shell2_X0_Y2_Z0_mono1_fix1//test20tig_AVDZ// DONE 4.8325372673373375 9.298074429663075 5.83480027387607 19.96541197087648 2	-0.00304126 0.00037860 0.00038412 0.00005564 -0.00348101 -0.00341709 -0.00345405
shell0_X0_Y0_Z0_mono0_fix1/shell1_X0_Y1_Z0_mono0_fix1/shell2_X0_Y2_Z0_mono1_fix1//test20tig_AVDZ// DONE 5.834800797021388 9.298074429663075 4.8325372673373375 19.9654124940218 4	-0.00155856 0.00026257 -0.00055147 0.00024343 -0.00125052 -0.00122017 -0.00123772
shell0_X0_Y0_Z0_mono0_fix1/shell0_X0_Y0_Z0_mono1_fix1/shell1_X1_Y0_Z-1_mono1_fix1//test20tig_AVDZ// DONE 4.832536863788853 7.741652423640553 7.4326967908791595 20.006886078308565 2	0.00069442 0.00041776 -0.00020495 0.00017934 0.00072003 0.00081431 0.00075981
shell0_X0_Y0_Z0_mono0_fix1/shell0_X0_Y0_Z0_mono1_fix1/shell1_X-1_Y0_Z1_mono0_fix1//test20tig_AVDZ// DONE 4.832536863788853 7.4326969331133075 7.741652423640553 20.006886220542714 4	0.00091050 0.00065253 -0.00055607 0.00031482 0.00115175 0.00127398 0.00120332
shell0_X0_Y0_Z0_mono0_fix1/shell1_X1_Y1_Z-1_mono1_fix1/shell1_X0_Y1_Z0_mono1_fix1//test20tig_AVDZ// DONE 7.7416525542166985 4.8325372673373375 7.4326967908791595 20.006886612433195 2	0.00092200 0.00065256 -0.00054516 0.00030368 0.00116348 0.00127214 0.00120932
shell0_X0_Y0_Z0_mono0_fix1/shell1_X1_Y0_Z-1_mono0_fix1/shell1_X1_Y1_Z-1_mono1_fix1//test20tig_AVDZ// DONE 7.4326969331133075 7.7416525542166985 4.8325372673373375 20.00688675466734 4	0.00069267 0.00041778 -0.00021629 0.00019018 0.00071878 0.00081195 0.00075809
shell0_X0_Y0_Z0_mono0_fix1/shell1_X0_Y-1_Z-1_mono1_fix1/shell1_X0_Y0_Z-1_mono1_fix1//test20tig_AVDZ// DONE 9.311075872665427 4.8748181239170645 5.83480027387607 20.020694270458563 2	-0.00272844 0.00006011 -0.00044508 0.00018736 -0.00247072 -0.00233561 -0.00241372
shell0_X0_Y0_Z0_mono0_fix1/shell1_X0_Y1_Z-1_mono1_fix1/shell2_X0_Y2_Z-1_mono1_fix1//test20tig_AVDZ// DONE 4.874818245582405 9.311076021291033 5.83480027387607 20.02069454074951 2	-0.00157770 0.00012104 -0.00058780 0.00024111 -0.00123102 -0.00114024 -0.00119272
shell0_X0_Y0_Z0_mono0_fix1/shell1_X0_Y-1_Z-1_mono1_fix1/shell1_X0_Y-1_Z0_mono0_fix1//test20tig_AVDZ// DONE 9.311075872665427 5.83480079702139 4.8748181239170645 20.02069479360388 4	-0.00157766 0.00012106 -0.00058544 0.00023934 -0.00123157 -0.00113981 -0.00119286
shell0_X0_Y0_Z0_mono0_fix1/shell1_X0_Y1_Z-1_mono1_fix1/shell1_X0_Y-1_Z0_mono0_fix1//test20tig_AVDZ// DONE 4.874818245582405 5.83480079702139 9.311076021291033 20.020695063894827 4	-0.00277305 0.00006008 -0.00050484 0.00025912 -0.00252734 -0.00234062 -0.00244857
shell0_X0_Y0_Z0_mono0_fix1/shell1_X0_Y-1_Z-1_mono0_fix1/shell1_X0_Y0_Z-1_mono0_fix1//test20tig_AVDZ// DONE 8.21547938783387 6.052387884674759 5.834800797021388 20.102668069530015 6	0.00059328 0.00149753 -0.00112937 0.00065360 0.00106906 0.00117555 0.00111399
shell0_X0_Y0_Z0_mono0_fix1/shell1_X0_Y0_Z-1_mono0_fix1/shell1_X0_Y1_Z-1_mono0_fix1//test20tig_AVDZ// DONE 6.052387884674759 8.30173601819067 5.834800797021388 20.188924699886815 6	-0.00099402 0.00013517 -0.00033960 0.00015867 -0.00081309 -0.00072079 -0.00077415
shell0_X0_Y0_Z0_mono0_fix1/shell1_X0_Y0_Z1_mono0_fix1/shell1_X0_Y0_Z1_mono1_fix1//test20tig_AVDZ// DONE 6.052387884674758 9.557279214796873 4.832536863788853 20.442203963260482 4	-0.00246438 -0.00020908 -0.00019398 0.00003633 -0.00230672 -0.00217032 -0.00224918
shell0_X0_Y0_Z0_mono0_fix1/shell0_X0_Y0_Z0_mono1_fix1/shell1_X0_Y0_Z1_mono1_fix1//test20tig_AVDZ// DONE 4.832536863788853 9.557279214796873 6.052388083568135 20.44220416215386 2	-0.00127397 0.00004619 -0.00059502 0.00019893 -0.00087788 -0.00081996 -0.00085345
shell0_X0_Y0_Z0_mono0_fix1/shell1_X0_Y0_Z-1_mono0_fix1/shell1_X0_Y1_Z0_mono1_fix1//test20tig_AVDZ// DONE 6.052387884674759 4.8325372673373375 9.557279331757533 20.44220448376963 4	-0.00127122 0.00004615 -0.00059566 0.00019993 -0.00087548 -0.00081976 -0.00085198
shell0_X0_Y0_Z0_mono0_fix1/shell1_X0_Y1_Z1_mono1_fix1/shell1_X0_Y1_Z0_mono1_fix1//test20tig_AVDZ// DONE 9.557279331757533 4.8325372673373375 6.052388083568137 20.442204682663007 2	-0.00248641 -0.00020908 -0.00021589 0.00007223 -0.00234275 -0.00217742 -0.00227300
shell0_X0_Y0_Z0_mono0_fix1/shell1_X0_Y0_Z-1_mono0_fix1/shell2_X0_Y0_Z-2_mono1_fix1//test20tig_AVDZ// DONE 6.052387884674759 9.594444158397373 4.8748181239170645 20.521650166989197 4	-0.00112974 0.00015477 -0.00026716 0.00013769 -0.00100028 -0.00092476 -0.00096842
shell0_X0_Y0_Z0_mono0_fix1/shell1_X0_Y0_Z-1_mono0_fix1/shell2_X0_Y1_Z-2_mono1_fix1//test20tig_AVDZ// DONE 6.052387884674759 9.594444174651146 4.874818245582405 20.521650304908313 4	-0.00212701 0.00025623 -0.00001993 0.00012154 -0.00222862 -0.00211524 -0.00218079
shell0_X0_Y0_Z0_mono0_fix1/shell1_X0_Y0_Z-1_mono1_fix1/shell2_X0_Y0_Z-2_mono1_fix1//test20tig_AVDZ// DONE 4.8748181239170645 9.594444158397373 6.052388083568137 20.521650365882575 2	-0.00212938 0.00025621 -0.00002859 0.00013352 -0.00223430 -0.00211738 -0.00218498
shell0_X0_Y0_Z0_mono0_fix1/shell1_X0_Y1_Z-1_mono1_fix1/shell2_X0_Y1_Z-2_mono1_fix1//test20tig_AVDZ// DONE 4.874818245582405 9.594444174651146 6.052388083568137 20.521650503801688 2	-0.00114384 0.00015476 -0.00028900 0.00015738 -0.00101222 -0.00092484 -0.00097536
shell0_X0_Y0_Z0_mono0_fix1/shell1_X-1_Y0_Z0_mono1_fix1/shell1_X1_Y0_Z0_mono1_fix1//test20tig_AVDZ// DONE 4.87481984938681 7.687882795249494 8.631337775704774 21.194040420341075 2	0.00024750 0.00008783 0.00003661 0.00002223 0.00018866 0.00023256 0.00020718
shell0_X0_Y0_Z0_mono0_fix1/shell1_X-1_Y1_Z0_mono1_fix1/shell1_X1_Y1_Z0_mono1_fix1//test20tig_AVDZ// DONE 4.874819824994216 7.687883006758034 8.631337775704774 21.194040607457026 2	0.00050965 0.00017587 -0.00002540 0.00005255 0.00048250 0.00053046 0.00050274
shell0_X0_Y0_Z0_mono0_fix1/shell1_X-1_Y0_Z0_mono1_fix1/shell2_X-2_Y0_Z0_mono0_fix1//test20tig_AVDZ// DONE 4.87481984938681 8.63133829007425 7.687882795249494 21.194040934710554 4	0.00051219 0.00017589 -0.00001811 0.00004465 0.00048566 0.00053798 0.00050773
shell0_X0_Y0_Z0_mono0_fix1/shell1_X-1_Y1_Z0_mono1_fix1/shell2_X-2_Y0_Z0_mono0_fix1//test20tig_AVDZ// DONE 4.874819824994216 8.63133829007425 7.687883006758034 21.1940411218265 4	0.00024462 0.00008783 0.00003147 0.00002737 0.00018577 0.00023108 0.00020489
shell0_X0_Y0_Z0_mono0_fix1/shell1_X-1_Y1_Z-1_mono1_fix1/shell1_X1_Y1_Z-1_mono1_fix1//test20tig_AVDZ// DONE 4.832541657327352 7.7416525542166985 8.631337775704774 21.205531987248825 2	0.00044224 0.00011678 0.00007357 0.00001438 0.00035429 0.00038805 0.00036853
shell0_X0_Y0_Z0_mono0_fix1/shell1_X-1_Y0_Z-1_mono1_fix1/shell1_X1_Y0_Z-1_mono1_fix1//test20tig_AVDZ// DONE 4.832541803661923 7.741652423640553 8.631337775704774 21.20553200300725 2	0.00062777 0.00019717 0.00002309 0.00002591 0.00057878 0.00061174 0.00059268
shell0_X0_Y0_Z0_mono0_fix1/shell1_X-1_Y1_Z-1_mono1_fix1/shell2_X-2_Y0_Z0_mono0_fix1//test20tig_AVDZ// DONE 4.832541657327352 8.63133829007425 7.7416525542166985 21.2055325016183 4	0.00062518 0.00019716 0.00000931 0.00004542 0.00057045 0.00061125 0.00058767
shell0_X0_Y0_Z0_mono0_fix1/shell1_X-1_Y0_Z-1_mono1_fix1/shell2_X-2_Y0_Z0_mono0_fix1//test20tig_AVDZ// DONE 4.832541803661923 8.63133829007425 7.741652423640553 21.205532517376724 4	0.00043032 0.00011679 0.00006727 0.00002820 0.00033485 0.00039820 0.00036158
shell0_X0_Y0_Z0_mono0_fix1/shell1_X1_Y0_Z0_mono1_fix1/shell1_X1_Y1_Z0_mono1_fix1//test20tig_AVDZ// DONE 7.687882795249494 7.687883006758034 5.83480027387607 21.210566075883598 2	0.00034186 0.00040008 -0.00035780 0.00021684 0.00048281 0.00057505 0.00052173
shell0_X0_Y0_Z0_mono0_fix1/shell1_X1_Y1_Z0_mono1_fix1/shell1_X0_Y1_Z0_mono0_fix1//test20tig_AVDZ// DONE 7.687883006758034 5.834800797021388 7.687882795249494 21.210566599028915 4	0.00034164 0.00040011 -0.00035974 0.00021722 0.00048416 0.00057456 0.00052229
shell0_X0_Y0_Z0_mono0_fix1/shell1_X1_Y0_Z-1_mono1_fix1/shell1_X1_Y1_Z-1_mono1_fix1//test20tig_AVDZ// DONE 7.741652423640553 7.7416525542166985 5.83480027387607 21.31810525173332 2	0.00036019 0.00012516 -0.00008942 0.00007686 0.00037275 0.00040801 0.00038762
shell0_X0_Y0_Z0_mono0_fix1/shell1_X1_Y1_Z-1_mono1_fix1/shell1_X0_Y1_Z0_mono0_fix1//test20tig_AVDZ// DONE 7.7416525542166985 5.834800797021388 7.741652423640553 21.31810577487864 4	0.00035730 0.00012518 -0.00009755 0.00008455 0.00037029 0.00040791 0.00038616
shell0_X0_Y0_Z0_mono0_fix1/shell1_X0_Y1_Z0_mono1_fix1/shell2_X-1_Y2_Z0_mono1_fix1//test20tig_AVDZ// DONE 4.8325372673373375 9.311076854260124 7.2061641805828875 21.34977830218035 2	0.00013319 0.00014842 -0.00011247 0.00008256 0.00016310 0.00024706 0.00019852
shell0_X0_Y0_Z0_mono0_fix1/shell0_X0_Y0_Z0_mono1_fix1/shell1_X1_Y1_Z0_mono0_fix1//test20tig_AVDZ// DONE 4.832536863788853 7.206164883641014 9.311076743517448 21.349778490947315 4	0.00013646 0.00014840 -0.00011047 0.00008235 0.00016459 0.00024707 0.00019939
shell0_X0_Y0_Z0_mono0_fix1/shell0_X0_Y0_Z0_mono1_fix1/shell1_X-1_Y-1_Z0_mono1_fix1//test20tig_AVDZ// DONE 4.832536863788853 9.311076743517448 7.23455534818809 21.37816895549439 2	0.00035940 0.00018743 -0.00021661 0.00011253 0.00046349 0.00050637 0.00048158
shell0_X0_Y0_Z0_mono0_fix1/shell1_X-1_Y1_Z0_mono0_fix1/shell2_X-1_Y2_Z0_mono1_fix1//test20tig_AVDZ// DONE 7.234555636358268 9.311076854260124 4.8325372673373375 21.378169757955728 4	0.00036170 0.00018746 -0.00021371 0.00010977 0.00046565 0.00050246 0.00048118
shell0_X0_Y0_Z0_mono0_fix1/shell1_X-1_Y0_Z0_mono1_fix1/shell1_X0_Y-1_Z0_mono1_fix1//test20tig_AVDZ// DONE 4.87481984938681 9.29807416463103 7.2061641805828875 21.379058194600727 2	0.00022426 0.00008425 -0.00023023 0.00008809 0.00036640 0.00039998 0.00038057
shell0_X0_Y0_Z0_mono0_fix1/shell1_X-1_Y-1_Z0_mono0_fix1/shell1_X-1_Y1_Z0_mono1_fix1//test20tig_AVDZ// DONE 7.206164883641014 4.874819824994216 9.298074429663075 21.379059138298302 4	0.00022506 0.00008426 -0.00023235 0.00008772 0.00036969 0.00040058 0.00038272
shell0_X0_Y0_Z0_mono0_fix1/shell1_X-1_Y1_Z0_mono1_fix1/shell2_X0_Y2_Z0_mono1_fix1//test20tig_AVDZ// DONE 4.874819824994216 9.298074429663075 7.23455534818809 21.407449602845382 2	0.00034099 0.00016317 -0.00006349 0.00006033 0.00034416 0.00038995 0.00036348
shell0_X0_Y0_Z0_mono0_fix1/shell1_X1_Y-1_Z0_mono0_fix1/shell1_X0_Y-1_Z0_mono1_fix1//test20tig_AVDZ// DONE 7.234555636358268 9.29807416463103 4.87481984938681 21.40744965037611 4	0.00031367 0.00016313 -0.00009336 0.00008073 0.00032630 0.00039049 0.00035338
shell0_X0_Y0_Z0_mono0_fix1/shell1_X0_Y0_Z1_mono0_fix1/shell1_X1_Y0_Z0_mono1_fix1//test20tig_AVDZ// DONE 6.052387884674758 7.687882795249494 7.741652423640553 21.481923103564803 4	0.00037887 0.00034090 -0.00019716 0.00011333 0.00046271 0.00051804 0.00048605
shell0_X0_Y0_Z0_mono0_fix1/shell1_X1_Y0_Z-1_mono1_fix1/shell1_X1_Y0_Z0_mono1_fix1//test20tig_AVDZ// DONE 7.741652423640553 7.687882795249494 6.052388083568135 21.48192330245818 2	0.00028617 0.00008241 -0.00011663 0.00004992 0.00035288 0.00038990 0.00036850
shell0_X0_Y0_Z0_mono0_fix1/shell1_X0_Y0_Z-1_mono0_fix1/shell1_X1_Y1_Z-1_mono1_fix1//test20tig_AVDZ// DONE 6.052387884674759 7.7416525542166985 7.687883006758034 21.481923445649493 4	0.00028540 0.00008241 -0.00012363 0.00006259 0.00034644 0.00038940 0.00036457
shell0_X0_Y0_Z0_mono0_fix1/shell1_X1_Y1_Z-1_mono1_fix1/shell1_X1_Y1_Z0_mono1_fix1//test20tig_AVDZ// DONE 7.7416525542166985 7.687883006758034 6.052388083568135 21.481923644542867 2	0.00037878 0.00034091 -0.00021607 0.00013625 0.00045859 0.00051785 0.00048359
shell0_X0_Y0_Z0_mono0_fix1/shell1_X0_Y1_Z-1_mono1_fix1/shell1_X1_Y0_Z0_mono1_fix1//test20tig_AVDZ// DONE 4.874818245582405 7.687882795249494 9.220398664532015 21.783099705363917 2	0.00050317 0.00017652 -0.00033509 0.00014755 0.00069071 0.00073531 0.00070953
shell0_X0_Y0_Z0_mono0_fix1/shell1_X1_Y1_Z1_mono0_fix1/shell1_X1_Y1_Z0_mono1_fix1//test20tig_AVDZ// DONE 9.220399005428119 7.687883006758034 4.8748181239170645 21.783100136103215 4	0.00050224 0.00017651 -0.00033721 0.00015049 0.00068895 0.00073673 0.00070911
shell0_X0_Y0_Z0_mono0_fix1/shell1_X0_Y0_Z1_mono1_fix1/shell1_X-1_Y0_Z0_mono1_fix1//test20tig_AVDZ// DONE 9.557279214796873 4.87481984938681 7.3579458897229895 21.790044953906673 2	0.00024213 0.00014009 -0.00010325 0.00005065 0.00029472 0.00031901 0.00030497
shell0_X0_Y0_Z0_mono0_fix1/shell1_X-1_Y0_Z-1_mono0_fix1/shell1_X-1_Y0_Z0_mono1_fix1//test20tig_AVDZ// DONE 7.357945972453686 4.87481984938681 9.557279214796873 21.79004503663737 4	0.00010015 0.00005456 -0.00016468 0.00008521 0.00017962 0.00023626 0.00020352
shell0_X0_Y0_Z0_mono0_fix1/shell1_X0_Y1_Z1_mono1_fix1/shell1_X-1_Y1_Z0_mono1_fix1//test20tig_AVDZ// DONE 9.557279331757533 4.874819824994216 7.3579458897229895 21.790045046474738 2	0.00011350 0.00005455 -0.00012912 0.00004784 0.00019478 0.00023805 0.00021303
shell0_X0_Y0_Z0_mono0_fix1/shell1_X-1_Y0_Z-1_mono0_fix1/shell1_X-1_Y1_Z0_mono1_fix1//test20tig_AVDZ// DONE 7.357945972453686 4.874819824994216 9.557279331757533 21.790045129205435 4	0.00023783 0.00014010 -0.00012805 0.00007168 0.00029420 0.00031747 0.00030402
shell0_X0_Y0_Z0_mono0_fix1/shell1_X1_Y-1_Z1_mono0_fix1/shell1_X1_Y0_Z0_mono1_fix1//test20tig_AVDZ// DONE 9.295639787140068 7.687882795249494 4.874818245582405 21.858340827971965 4	0.00016790 -0.00000734 -0.00005891 0.00000818 0.00021864 0.00022725 0.00022227
shell0_X0_Y0_Z0_mono0_fix1/shell1_X0_Y0_Z-1_mono1_fix1/shell1_X1_Y1_Z0_mono1_fix1//test20tig_AVDZ// DONE 4.8748181239170645 7.687883006758034 9.295639782756695 21.858340913431793 2	0.00015171 -0.00000736 -0.00007637 0.00002544 0.00020264 0.00022849 0.00021355
shell0_X0_Y0_Z0_mono0_fix1/shell0_X0_Y0_Z0_mono1_fix1/shell1_X-1_Y0_Z1_mono1_fix1//test20tig_AVDZ// DONE 4.832536863788853 9.594443387322988 7.4326967908791595 21.859677041991 2	0.00025315 0.00010196 -0.00017918 0.00008339 0.00034893 0.00037715 0.00036084
shell0_X0_Y0_Z0_mono0_fix1/shell0_X0_Y0_Z0_mono1_fix1/shell1_X1_Y0_Z-1_mono0_fix1//test20tig_AVDZ// DONE 4.832536863788853 7.4326969331133075 9.594443387322988 21.85967718422515 4	0.00018620 0.00007344 -0.00002870 0.00003024 0.00018467 0.00022512 0.00020173
shell0_X0_Y0_Z0_mono0_fix1/shell1_X-1_Y1_Z1_mono1_fix1/shell1_X0_Y1_Z0_mono1_fix1//test20tig_AVDZ// DONE 9.594443452897366 4.8325372673373375 7.4326967908791595 21.859677511113862 2	0.00019131 0.00007342 -0.00002497 0.00002593 0.00019035 0.00022429 0.00020467
shell0_X0_Y0_Z0_mono0_fix1/shell1_X-1_Y0_Z1_mono0_fix1/shell1_X-1_Y1_Z1_mono1_fix1//test20tig_AVDZ// DONE 7.4326969331133075 9.594443452897366 4.8325372673373375 21.859677653348008 4	0.00026489 0.00010190 -0.00016878 0.00007681 0.00035686 0.00037817 0.00036585
shell0_X0_Y0_Z0_mono0_fix1/shell0_X0_Y0_Z0_mono1_fix1/shell1_X1_Y1_Z-1_mono1_fix1//test20tig_AVDZ// DONE 4.832536863788853 7.7416525542166985 9.28730372170711 21.861493139712664 2	0.00041542 0.00002665 -0.00018730 0.00005658 0.00054615 0.00057198 0.00055705
shell0_X0_Y0_Z0_mono0_fix1/shell1_X1_Y-1_Z-1_mono0_fix1/shell1_X1_Y0_Z-1_mono1_fix1//test20tig_AVDZ// DONE 9.287303895161147 7.741652423640553 4.8325372673373375 21.861493586139037 4	0.00041656 0.00002665 -0.00016093 0.00003049 0.00054700 0.00057099 0.00055712
shell0_X0_Y0_Z0_mono0_fix1/shell0_X0_Y0_Z0_mono1_fix1/shell1_X-1_Y-1_Z1_mono0_fix1//test20tig_AVDZ// DONE 4.832536863788853 9.333735909753628 7.7416525542166985 21.90792532775918 4	0.00024730 0.00000697 -0.00004262 0.00001264 0.00027727 0.00029832 0.00028615
shell0_X0_Y0_Z0_mono0_fix1/shell1_X1_Y0_Z-1_mono1_fix1/shell1_X0_Y1_Z0_mono1_fix1//test20tig_AVDZ// DONE 7.741652423640553 4.8325372673373375 9.333735696013983 21.907925386991874 2	0.00025728 0.00000693 -0.00003697 0.00000623 0.00028802 0.00029094 0.00028925
shell0_X0_Y0_Z0_mono0_fix1/shell1_X-1_Y-1_Z-1_mono0_fix1/shell1_X0_Y-1_Z-1_mono0_fix1//test20tig_AVDZ// DONE 9.220399005428119 8.21547938783387 4.576817879131266 22.012696272393253 6	0.00058727 0.00020133 -0.00028305 0.00012083 0.00074950 0.00078664 0.00076517
shell0_X0_Y0_Z0_mono0_fix1/shell1_X-1_Y-1_Z0_mono0_fix1/shell1_X1_Y0_Z0_mono0_fix1//test20tig_AVDZ// DONE 7.206164883641014 4.576817879131266 10.281259045415679 22.06424180818796 6	-0.00040541 0.00002585 0.00000069 0.00001282 -0.00041892 -0.00036915 -0.00039793
shell0_X0_Y0_Z0_mono0_fix1/shell1_X0_Y-1_Z-1_mono0_fix1/shell1_X-1_Y0_Z0_mono0_fix1//test20tig_AVDZ// DONE 8.21547938783387 4.576817879131266 9.287303895161147 22.07960116212628 6	0.00032797 0.00012110 -0.00006503 0.00004422 0.00034878 0.00037740 0.00036086
shell0_X0_Y0_Z0_mono0_fix1/shell1_X-1_Y0_Z0_mono0_fix1/shell1_X1_Y-1_Z0_mono0_fix1//test20tig_AVDZ// DONE 4.576817879131266 7.234555636358268 10.301594281051562 22.112967796541096 6	-0.00050492 -0.00002299 -0.00007801 0.00001704 -0.00044395 -0.00041664 -0.00043243
shell0_X0_Y0_Z0_mono0_fix1/shell1_X-1_Y1_Z-1_mono0_fix1/shell1_X0_Y1_Z-1_mono0_fix1//test20tig_AVDZ// DONE 9.295639787140068 8.30173601819067 4.576817879131266 22.174193684462004 6	0.00030043 0.00000187 -0.00001552 -0.00000239 0.00031833 0.00031581 0.00031727
shell0_X0_Y0_Z0_mono0_fix1/shell1_X0_Y1_Z-1_mono0_fix1/shell1_X1_Y1_Z-1_mono0_fix1//test20tig_AVDZ// DONE 8.30173601819067 9.333735909753628 4.576817879131266 22.212289807075564 6	0.00028193 0.00000362 -0.00003132 0.00001414 0.00029911 0.00030723 0.00030254
shell0_X0_Y0_Z0_mono0_fix1/shell1_X-1_Y0_Z-1_mono0_fix1/shell1_X1_Y0_Z0_mono0_fix1//test20tig_AVDZ// DONE 7.357945972453686 4.576817879131266 10.370397658874877 22.30516151045983 6	-0.00032388 0.00002083 0.00001243 0.00001298 -0.00034928 -0.00028089 -0.00032043
shell0_X0_Y0_Z0_mono0_fix1/shell1_X0_Y-1_Z-1_mono0_fix1/shell1_X0_Y-1_Z-1_mono1_fix1//test20tig_AVDZ// DONE 8.21547938783387 9.311075872665427 4.832536863788853 22.35909212428815 4	0.00046477 0.00014077 -0.00009961 0.00004373 0.00052065 0.00052155 0.00052103
shell0_X0_Y0_Z0_mono0_fix1/shell1_X0_Y1_Z0_mono1_fix1/shell2_X0_Y2_Z-1_mono1_fix1//test20tig_AVDZ// DONE 4.8325372673373375 9.311076021291033 8.215479171456105 22.359092460084476 2	0.00042909 0.00014079 -0.00014873 0.00009319 0.00048463 0.00052444 0.00050143
shell0_X0_Y0_Z0_mono0_fix1/shell1_X0_Y0_Z-1_mono1_fix1/shell1_X0_Y-1_Z0_mono1_fix1//test20tig_AVDZ// DONE 4.8748181239170645 9.29807416463103 8.215479171456103 22.388371460004198 2	0.00049649 0.00021698 -0.00019916 0.00010765 0.00058801 0.00061451 0.00059919
shell0_X0_Y0_Z0_mono0_fix1/shell1_X0_Y-1_Z-1_mono0_fix1/shell1_X0_Y1_Z-1_mono1_fix1//test20tig_AVDZ// DONE 8.21547938783387 4.874818245582405 9.298074429663075 22.388372063079352 4	0.00049440 0.00021699 -0.00019743 0.00010697 0.00058486 0.00061589 0.00059795
shell0_X0_Y0_Z0_mono0_fix1/shell1_X-1_Y-1_Z-1_mono0_fix1/shell1_X-1_Y0_Z-1_mono0_fix1//test20tig_AVDZ// DONE 9.220399005428119 7.357945972453686 5.834800797021388 22.413145774903192 6	0.00030586 0.00016556 -0.00015063 0.00008060 0.00037589 0.00040062 0.00038632
shell0_X0_Y0_Z0_mono0_fix1/shell0_X0_Y0_Z0_mono1_fix1/shell1_X0_Y-1_Z-1_mono1_fix1//test20tig_AVDZ// DONE 4.832536863788853 9.311075872665427 8.301736003054815 22.445348739509093 2	0.00035368 0.00007668 0.00000213 0.00002383 0.00032773 0.00033953 0.00033271
shell0_X0_Y0_Z0_mono0_fix1/shell1_X0_Y1_Z-1_mono0_fix1/shell2_X0_Y2_Z-1_mono1_fix1//test20tig_AVDZ// DONE 8.30173601819067 9.311076021291033 4.8325372673373375 22.44534930681904 4	0.00034296 0.00007670 -0.00001550 0.00003689 0.00032157 0.00033748 0.00032828
shell0_X0_Y0_Z0_mono0_fix1/shell1_X1_Y0_Z-1_mono0_fix1/shell2_X2_Y0_Z-1_mono0_fix1//test20tig_AVDZ// DONE 7.4326969331133075 10.458272455392859 4.576817879131266 22.46778726763743 6	-0.00042679 -0.00002086 -0.00008733 0.00002904 -0.00036849 -0.00033575 -0.00035468
shell0_X0_Y0_Z0_mono0_fix1/shell1_X0_Y-1_Z1_mono0_fix1/shell1_X0_Y-1_Z0_mono1_fix1//test20tig_AVDZ// DONE 8.30173601819067 9.29807416463103 4.8748181239170645 22.474628306738765 4	0.00035960 0.00007549 0.00001327 0.00000867 0.00033766 0.00036181 0.00034785
shell0_X0_Y0_Z0_mono0_fix1/shell1_X0_Y1_Z-1_mono1_fix1/shell2_X0_Y2_Z0_mono1_fix1//test20tig_AVDZ// DONE 4.874818245582405 9.298074429663075 8.301736003054813 22.47462867830029 2	0.00036588 0.00007547 0.00001217 0.00000971 0.00034400 0.00035203 0.00034739
shell0_X0_Y0_Z0_mono0_fix1/shell1_X-1_Y-1_Z-1_mono0_fix1/shell1_X-1_Y-1_Z0_mono0_fix1//test20tig_AVDZ// DONE 9.220399005428119 7.206164883641014 6.052387884674758 22.47895177374389 6	0.00028997 0.00016630 -0.00015544 0.00008893 0.00035647 0.00038821 0.00036986
shell0_X0_Y0_Z0_mono0_fix1/shell1_X-1_Y0_Z-1_mono0_fix1/shell1_X-1_Y1_Z-1_mono0_fix1//test20tig_AVDZ// DONE 7.357945972453686 9.295639787140068 5.834800797021388 22.48838655661514 6	-0.00006185 0.00001184 0.00003985 -0.00000760 -0.00009409 -0.00007756 -0.00008712
shell0_X0_Y0_Z0_mono0_fix1/shell1_X1_Y-1_Z-1_mono0_fix1/shell1_X1_Y0_Z-1_mono0_fix1//test20tig_AVDZ// DONE 9.287303895161147 7.4326969331133075 5.834800797021388 22.55480162529584 6	0.00023038 0.00011861 -0.00011104 0.00005933 0.00028209 0.00030601 0.00029218
shell0_X0_Y0_Z0_mono0_fix1/shell1_X1_Y-1_Z-1_mono0_fix1/shell1_X1_Y-1_Z0_mono0_fix1//test20tig_AVDZ// DONE 9.287303895161147 7.234555636358268 6.052387884674758 22.574247416194172 6	0.00023324 0.00012606 -0.00010847 0.00006312 0.00027860 0.00030633 0.00029030
shell0_X0_Y0_Z0_mono0_fix1/shell1_X-1_Y1_Z-1_mono0_fix1/shell1_X0_Y0_Z-1_mono0_fix1//test20tig_AVDZ// DONE 9.295639787140068 6.052387884674759 7.234555636358268 22.582583308173092 6	0.00001246 0.00000775 -0.00003618 0.00002290 0.00002574 0.00006133 0.00004075
shell0_X0_Y0_Z0_mono0_fix1/shell1_X0_Y0_Z-1_mono0_fix1/shell1_X1_Y1_Z-1_mono0_fix1//test20tig_AVDZ// DONE 6.052387884674759 9.333735909753628 7.206164883641014 22.5922886780694 6	-0.00005047 0.00000990 0.00002106 -0.00000041 -0.00007112 -0.00003759 -0.00005697
shell0_X0_Y0_Z0_mono0_fix1/shell1_X1_Y0_Z-1_mono0_fix1/shell1_X1_Y1_Z-1_mono0_fix1//test20tig_AVDZ// DONE 7.4326969331133075 9.333735909753628 5.834800797021388 22.60123363988832 6	0.00001740 0.00000581 0.00001419 -0.00002116 0.00002437 0.00002421 0.00002430
shell0_X0_Y0_Z0_mono0_fix1/shell1_X0_Y1_Z1_mono0_fix1/shell1_X0_Y1_Z1_mono1_fix1//test20tig_AVDZ// DONE 8.21547938783387 9.557279331757533 4.832536863788853 22.605295583380254 4	0.00035894 0.00011105 -0.00009549 0.00005903 0.00039540 0.00043000 0.00041000
shell0_X0_Y0_Z0_mono0_fix1/shell1_X0_Y0_Z1_mono1_fix1/shell1_X0_Y1_Z0_mono1_fix1//test20tig_AVDZ// DONE 9.557279214796873 4.8325372673373375 8.215479171456105 22.605295653590318 2	0.00034042 0.00011103 -0.00014473 0.00010477 0.00038038 0.00043453 0.00040322
shell0_X0_Y0_Z0_mono0_fix1/shell1_X0_Y0_Z-1_mono1_fix1/shell2_X0_Y1_Z-2_mono1_fix1//test20tig_AVDZ// DONE 4.8748181239170645 9.594444174651146 8.215479171456105 22.684741470024314 2	0.00033059 0.00010040 -0.00004906 0.00004366 0.00033600 0.00037731 0.00035343
shell0_X0_Y0_Z0_mono0_fix1/shell1_X0_Y-1_Z-1_mono0_fix1/shell2_X0_Y0_Z-2_mono1_fix1//test20tig_AVDZ// DONE 8.21547938783387 9.594444158397373 4.874818245582405 22.68474179181365 4	0.00031763 0.00010042 -0.00005784 0.00005212 0.00032335 0.00038076 0.00034757
shell0_X0_Y0_Z0_mono0_fix1/shell0_X0_Y0_Z0_mono1_fix1/shell1_X0_Y1_Z1_mono1_fix1//test20tig_AVDZ// DONE 4.832536863788853 9.557279331757533 8.301736003054813 22.6915521986012 2	0.00034108 0.00010534 0.00004470 0.00001490 0.00028149 0.00029932 0.00028901
shell0_X0_Y0_Z0_mono0_fix1/shell1_X0_Y1_Z-1_mono0_fix1/shell1_X0_Y1_Z0_mono1_fix1//test20tig_AVDZ// DONE 8.30173601819067 4.8325372673373375 9.557279214796873 22.69155250032488 4	0.00033744 0.00010531 0.00004391 0.00001677 0.00027676 0.00029903 0.00028615
shell0_X0_Y0_Z0_mono0_fix1/shell1_X0_Y0_Z-1_mono1_fix1/shell1_X0_Y-1_Z1_mono0_fix1//test20tig_AVDZ// DONE 4.8748181239170645 8.30173601819067 9.59444417465115 22.770998316758885 4	0.00024776 -0.00000803 -0.00004103 0.00001330 0.00027549 0.00030914 0.00028968
shell0_X0_Y0_Z0_mono0_fix1/shell1_X0_Y1_Z-1_mono1_fix1/shell2_X0_Y0_Z-2_mono1_fix1//test20tig_AVDZ// DONE 4.874818245582405 9.594444158397373 8.301736003054815 22.770998407034593 2	0.00024650 -0.00000802 -0.00004527 0.00001398 0.00027779 0.00031038 0.00029154
shell0_X0_Y0_Z0_mono0_fix1/shell1_X-1_Y0_Z-1_mono0_fix1/shell1_X0_Y-1_Z-1_mono0_fix1//test20tig_AVDZ// DONE 7.357945972453686 8.21547938783387 7.234555636358268 22.807980996645824 6	0.00032160 0.00018091 -0.00009550 0.00007948 0.00033761 0.00037161 0.00035195
shell0_X0_Y0_Z0_mono0_fix1/shell1_X-1_Y1_Z0_mono1_fix1/shell1_X1_Y0_Z0_mono1_fix1//test20tig_AVDZ// DONE 4.874819824994216 7.687882795249494 10.281258511186682 22.84396113143039 2	-0.00006456 0.00006022 0.00004381 -0.00000486 -0.00010352 -0.00008917 -0.00009747
shell0_X0_Y0_Z0_mono0_fix1/shell1_X-1_Y0_Z0_mono1_fix1/shell2_X-2_Y-1_Z0_mono0_fix1//test20tig_AVDZ// DONE 4.87481984938681 10.281259045415679 7.687883006758034 22.843961901560522 4	-0.00006114 0.00006023 0.00004853 -0.00000661 -0.00010306 -0.00008870 -0.00009700
shell0_X0_Y0_Z0_mono0_fix1/shell1_X0_Y-1_Z-1_mono0_fix1/shell1_X1_Y0_Z-1_mono0_fix1//test20tig_AVDZ// DONE 8.21547938783387 7.4326969331133075 7.206164883641014 22.85434120458819 6	0.00030709 0.00017100 -0.00009110 0.00008289 0.00031530 0.00036555 0.00033650
shell0_X0_Y0_Z0_mono0_fix1/shell1_X-1_Y1_Z-1_mono1_fix1/shell1_X1_Y0_Z-1_mono1_fix1//test20tig_AVDZ// DONE 4.832541657327352 7.741652423640553 10.281258511186682 22.855452592154585 2	0.00002345 -0.00004026 -0.00009044 0.00001440 0.00009949 0.00010882 0.00010342
shell0_X0_Y0_Z0_mono0_fix1/shell1_X1_Y1_Z-1_mono1_fix1/shell2_X2_Y1_Z0_mono0_fix1//test20tig_AVDZ// DONE 7.7416525542166985 10.281259045415679 4.832541803661923 22.855453403294298 4	0.00003930 -0.00004030 -0.00007440 -0.00000351 0.00011722 0.00010857 0.00011357
shell0_X0_Y0_Z0_mono0_fix1/shell1_X-1_Y0_Z0_mono1_fix1/shell1_X1_Y1_Z0_mono1_fix1//test20tig_AVDZ// DONE 4.87481984938681 7.687883006758034 10.301594026468404 22.86429688261325 2	-0.00019581 -0.00002133 -0.00002722 0.00000164 -0.00017022 -0.00014590 -0.00015996
shell0_X0_Y0_Z0_mono0_fix1/shell1_X-1_Y1_Z0_mono1_fix1/shell2_X-2_Y1_Z0_mono0_fix1//test20tig_AVDZ// DONE 4.874819824994216 10.301594281051562 7.687882795249494 22.864296901295273 4	-0.00019700 -0.00002136 -0.00002681 0.00000034 -0.00017054 -0.00014380 -0.00015926
shell0_X0_Y0_Z0_mono0_fix1/shell1_X-1_Y0_Z-1_mono0_fix1/shell1_X0_Y1_Z-1_mono0_fix1//test20tig_AVDZ// DONE 7.357945972453686 8.30173601819067 7.206164883641014 22.86584687428537 6	0.00023056 0.00005827 -0.00004992 0.00003397 0.00024650 0.00027636 0.00025910
shell0_X0_Y0_Z0_mono0_fix1/shell1_X-1_Y1_Z-1_mono1_fix1/shell2_X-2_Y1_Z0_mono0_fix1//test20tig_AVDZ// DONE 4.832541657327352 10.301594281051562 7.741652423640553 22.875788362019467 4	-0.00002850 -0.00000837 -0.00000985 0.00000477 -0.00002341 0.00001323 -0.00000795
shell0_X0_Y0_Z0_mono0_fix1/shell1_X-1_Y0_Z-1_mono1_fix1/shell1_X1_Y1_Z-1_mono1_fix1//test20tig_AVDZ// DONE 4.832541803661923 7.7416525542166985 10.301594026468404 22.875788384347025 2	-0.00002495 -0.00000838 -0.00000111 0.00000053 -0.00002437 0.00001227 -0.00000891
shell0_X0_Y0_Z0_mono0_fix1/shell1_X-1_Y0_Z-1_mono1_fix1/shell1_X1_Y0_Z0_mono1_fix1//test20tig_AVDZ// DONE 4.832541803661923 7.687882795249494 10.370397417600696 22.89082201651211 2	-0.00006181 0.00004897 0.00002121 0.00001040 -0.00009343 -0.00007505 -0.00008567
shell0_X0_Y0_Z0_mono0_fix1/shell1_X-1_Y1_Z-1_mono1_fix1/shell1_X1_Y1_Z0_mono1_fix1//test20tig_AVDZ// DONE 4.832541657327352 7.687883006758034 10.370397417600696 22.890822081686082 2	-0.00011108 -0.00008735 -0.00010217 0.00000201 -0.00001092 0.00000408 -0.00000459
shell0_X0_Y0_Z0_mono0_fix1/shell1_X-1_Y0_Z-1_mono1_fix1/shell2_X-2_Y0_Z-1_mono0_fix1//test20tig_AVDZ// DONE 4.832541803661923 10.370397658874877 7.687882795249494 22.890822257786294 4	-0.00010036 -0.00008735 -0.00010365 0.00000507 -0.00000179 -0.00000826 -0.00000452
shell0_X0_Y0_Z0_mono0_fix1/shell1_X1_Y1_Z0_mono1_fix1/shell2_X2_Y0_Z1_mono0_fix1//test20tig_AVDZ// DONE 7.687883006758034 10.370397658874877 4.832541657327352 22.89082232296026 4	-0.00005783 0.00004894 0.00002690 0.00000555 -0.00009029 -0.00007873 -0.00008541
shell0_X0_Y0_Z0_mono0_fix1/shell1_X0_Y1_Z-1_mono0_fix1/shell1_X1_Y0_Z-1_mono0_fix1//test20tig_AVDZ// DONE 8.30173601819067 7.4326969331133075 7.234555636358268 22.968988587662245 6	0.00020581 0.00002405 -0.00004487 0.00001632 0.00023437 0.00024809 0.00024016
shell0_X0_Y0_Z0_mono0_fix1/shell1_X0_Y1_Z0_mono0_fix1/shell2_X0_Y2_Z0_mono0_fix1//test20tig_AVDZ// DONE 5.834800797021388 11.351447454150398 5.834800797021388 23.021049048193174 3	-0.00162862 0.00008012 -0.00002503 0.00005972 -0.00166331 -0.00161860 -0.00164445
shell0_X0_Y0_Z0_mono0_fix1/shell1_X-1_Y-1_Z0_mono0_fix1/shell1_X1_Y-1_Z0_mono0_fix1//test20tig_AVDZ// DONE 7.206164883641014 7.234555636358268 8.63133829007425 23.072058810073532 6	0.00019854 0.00003469 -0.00004752 0.00002281 0.00022325 0.00024815 0.00023375
shell0_X0_Y0_Z0_mono0_fix1/shell1_X1_Y0_Z-1_mono1_fix1/shell1_X-1_Y0_Z0_mono1_fix1//test20tig_AVDZ// DONE 7.741652423640553 4.87481984938681 10.45827218511578 23.074744458143144 2	-0.00013066 -0.00000216 -0.00000230 -0.00000340 -0.00012496 -0.00010129 -0.00011497
shell0_X0_Y0_Z0_mono0_fix1/shell1_X1_Y1_Z-1_mono1_fix1/shell1_X-1_Y1_Z0_mono1_fix1//test20tig_AVDZ// DONE 7.7416525542166985 4.874819824994216 10.45827218511578 23.074744564326693 2	-0.00008805 -0.00002265 0.00000644 -0.00000719 -0.00008730 -0.00007167 -0.00008071
shell0_X0_Y0_Z0_mono0_fix1/shell1_X1_Y0_Z-1_mono1_fix1/shell2_X2_Y0_Z-1_mono0_fix1//test20tig_AVDZ// DONE 7.741652423640553 10.458272455392859 4.87481984938681 23.07474472842022 4	-0.00007866 -0.00002264 0.00002737 -0.00002963 -0.00007640 -0.00007189 -0.00007450
shell0_X0_Y0_Z0_mono0_fix1/shell1_X1_Y1_Z-1_mono1_fix1/shell2_X2_Y0_Z-1_mono0_fix1//test20tig_AVDZ// DONE 7.7416525542166985 10.458272455392859 4.874819824994216 23.074744834603774 4	-0.00013893 -0.00000216 -0.00002410 0.00001191 -0.00012673 -0.00011270 -0.00012081
shell0_X0_Y0_Z0_mono0_fix1/shell0_X0_Y0_Z0_mono1_fix1/shell1_X1_Y-1_Z0_mono1_fix1//test20tig_AVDZ// DONE 4.832536863788853 11.052017778653015 7.2061641805828875 23.090718823024755 2	-0.00044900 -0.00000464 -0.00002721 0.00001175 -0.00043354 -0.00041582 -0.00042607
shell0_X0_Y0_Z0_mono0_fix1/shell1_X1_Y1_Z0_mono0_fix1/shell2_X1_Y2_Z0_mono1_fix1//test20tig_AVDZ// DONE 7.206164883641014 11.052018052102294 4.8325372673373375 23.090720203080643 4	-0.00044978 -0.00000463 -0.00002537 0.00001036 -0.00043477 -0.00041553 -0.00042665
shell0_X0_Y0_Z0_mono0_fix1/shell0_X0_Y0_Z0_mono1_fix1/shell1_X-1_Y1_Z0_mono0_fix1//test20tig_AVDZ// DONE 4.832536863788853 7.234555636358268 11.052017778653015 23.119110278800136 4	-0.00062298 -0.00005964 -0.00001026 -0.00001693 -0.00059579 -0.00057495 -0.00058700
shell0_X0_Y0_Z0_mono0_fix1/shell1_X0_Y1_Z0_mono1_fix1/shell2_X1_Y2_Z0_mono1_fix1//test20tig_AVDZ// DONE 4.8325372673373375 11.052018052102294 7.23455534818809 23.119110667627723 2	-0.00062727 -0.00005967 -0.00004015 0.00001330 -0.00060042 -0.00057399 -0.00058927
shell0_X0_Y0_Z0_mono0_fix1/shell1_X0_Y0_Z-1_mono1_fix1/shell1_X1_Y-1_Z-1_mono1_fix1//test20tig_AVDZ// DONE 4.8748181239170645 11.082269652642847 7.2061641805828875 23.163251957142798 2	-0.00069643 -0.00001298 0.00009264 -0.00002112 -0.00076794 -0.00073379 -0.00075353
shell0_X0_Y0_Z0_mono0_fix1/shell1_X1_Y1_Z0_mono0_fix1/shell2_X1_Y2_Z-1_mono1_fix1//test20tig_AVDZ// DONE 7.206164883641014 11.08226985161873 4.874818245582405 23.163252980842145 4	-0.00070424 -0.00001300 0.00008139 -0.00001190 -0.00077373 -0.00073288 -0.00075650
shell0_X0_Y0_Z0_mono0_fix1/shell1_X-1_Y-1_Z0_mono1_fix1/shell1_X0_Y-1_Z0_mono1_fix1//test20tig_AVDZ// DONE 9.311076743517448 9.29807416463103 4.576816950491205 23.185967858639685 2	0.00032522 0.00003123 -0.00003083 0.00001670 0.00033935 0.00035001 0.00034385
shell0_X0_Y0_Z0_mono0_fix1/shell2_X-1_Y2_Z0_mono1_fix1/shell2_X0_Y2_Z0_mono1_fix1//test20tig_AVDZ// DONE 9.311076854260124 9.298074429663075 4.576816950491205 23.185968234414403 2	0.00034192 0.00003905 -0.00007638 0.00002764 0.00039066 0.00040291 0.00039583
shell0_X0_Y0_Z0_mono0_fix1/shell1_X1_Y0_Z0_mono0_fix1/shell1_X0_Y-1_Z0_mono1_fix1//test20tig_AVDZ// DONE 4.576817879131266 9.29807416463103 9.311076743517448 23.185968787279744 4	0.00033622 0.00003900 -0.00007769 0.00002778 0.00038613 0.00040912 0.00039582
shell0_X0_Y0_Z0_mono0_fix1/shell1_X-1_Y0_Z0_mono0_fix1/shell2_X-1_Y2_Z0_mono1_fix1//test20tig_AVDZ// DONE 4.576817879131266 9.311076854260124 9.298074429663075 23.185969163054466 4	0.00032871 0.00003124 -0.00002885 0.00001330 0.00034425 0.00034779 0.00034574
shell0_X0_Y0_Z0_mono0_fix1/shell1_X0_Y0_Z-1_mono1_fix1/shell1_X-1_Y1_Z0_mono0_fix1//test20tig_AVDZ// DONE 4.8748181239170645 7.234555636358268 11.082269652642847 23.19164341291818 4	-0.00038716 -0.00001368 -0.00013458 0.00003851 -0.00029109 -0.00026353 -0.00027946
shell0_X0_Y0_Z0_mono0_fix1/shell1_X0_Y1_Z-1_mono1_fix1/shell2_X1_Y2_Z-1_mono1_fix1//test20tig_AVDZ// DONE 4.874818245582405 11.08226985161873 7.23455534818809 23.191643445389225 2	-0.00038808 -0.00001368 -0.00013353 0.00003711 -0.00029167 -0.00026401 -0.00028000
shell0_X0_Y0_Z0_mono0_fix1/shell0_X0_Y0_Z0_mono1_fix1/shell1_X1_Y1_Z1_mono0_fix1//test20tig_AVDZ// DONE 4.832536863788853 9.220399005428119 9.298076751720414 23.351012620937386 4	0.00034126 -0.00004025 -0.00026521 0.00006246 0.00054401 0.00054947 0.00054631
shell0_X0_Y0_Z0_mono0_fix1/shell1_X0_Y1_Z0_mono1_fix1/shell2_X-1_Y2_Z-1_mono1_fix1//test20tig_AVDZ// DONE 4.8325372673373375 9.298076765664977 9.220398664532015 23.35101269753433 2	0.00033853 -0.00004027 -0.00027606 0.00007691 0.00053768 0.00054740 0.00054178
shell0_X0_Y0_Z0_mono0_fix1/shell1_X-1_Y0_Z-1_mono0_fix1/shell1_X1_Y0_Z-1_mono0_fix1//test20tig_AVDZ// DONE 7.357945972453686 7.4326969331133075 8.63133829007425 23.421981195641244 6	0.00018386 0.00002554 -0.00003467 0.00001704 0.00020148 0.00022263 0.00021040
shell0_X0_Y0_Z0_mono0_fix1/shell0_X0_Y0_Z0_mono1_fix1/shell1_X-1_Y-1_Z-1_mono1_fix1//test20tig_AVDZ// DONE 4.832536863788853 9.298076751720414 9.295639782756695 23.426253398265963 2	0.00020935 0.00001328 0.00006301 -0.00000862 0.00015495 0.00019124 0.00017026
shell0_X0_Y0_Z0_mono0_fix1/shell1_X-1_Y1_Z-1_mono0_fix1/shell2_X-1_Y2_Z-1_mono1_fix1//test20tig_AVDZ// DONE 9.295639787140068 9.298076765664977 4.8325372673373375 23.42625382014238 4	0.00020726 0.00001326 0.00005731 -0.00000277 0.00015272 0.00019087 0.00016881
shell0_X0_Y0_Z0_mono0_fix1/shell0_X0_Y0_Z0_mono1_fix1/shell1_X1_Y0_Z1_mono1_fix1//test20tig_AVDZ// DONE 4.832536863788853 11.251269307167787 7.3579458897229895 23.441752060679633 2	-0.00044894 -0.00005194 -0.00009177 0.00002192 -0.00037909 -0.00035268 -0.00036795
shell0_X0_Y0_Z0_mono0_fix1/shell0_X0_Y0_Z0_mono1_fix1/shell1_X-1_Y0_Z-1_mono0_fix1//test20tig_AVDZ// DONE 4.832536863788853 7.357945972453686 11.251269307167787 23.441752143410326 4	-0.00058703 0.00004884 0.00018608 -0.00004797 -0.00072513 -0.00070365 -0.00071607
shell0_X0_Y0_Z0_mono0_fix1/shell1_X1_Y1_Z1_mono1_fix1/shell1_X0_Y1_Z0_mono1_fix1//test20tig_AVDZ// DONE 11.25126941695398 4.8325372673373375 7.3579458897229895 23.44175257401431 2	-0.00059710 0.00004886 0.00017293 -0.00003179 -0.00073823 -0.00069797 -0.00072125
shell0_X0_Y0_Z0_mono0_fix1/shell1_X-1_Y0_Z-1_mono0_fix1/shell1_X0_Y1_Z0_mono1_fix1//test20tig_AVDZ// DONE 7.357945972453686 4.8325372673373375 11.25126941695398 23.441752656745003 4	-0.00044802 -0.00005194 -0.00008602 0.00002073 -0.00038274 -0.00035226 -0.00036988
shell0_X0_Y0_Z0_mono0_fix1/shell1_X0_Y0_Z-1_mono1_fix1/shell1_X-1_Y-1_Z0_mono1_fix1//test20tig_AVDZ// DONE 4.8748181239170645 9.311076743517448 9.28730372170711 23.473198589141624 2	0.00033669 0.00003859 -0.00013416 0.00005195 0.00041890 0.00042757 0.00042256
shell0_X0_Y0_Z0_mono0_fix1/shell1_X0_Y1_Z-1_mono1_fix1/shell1_X1_Y-1_Z-1_mono0_fix1//test20tig_AVDZ// DONE 4.874818245582405 9.287303895161147 9.311076854260124 23.473198995003678 4	0.00033913 0.00003859 -0.00013431 0.00005148 0.00042196 0.00042516 0.00042331
shell0_X0_Y0_Z0_mono0_fix1/shell1_X0_Y0_Z-1_mono1_fix1/shell1_X1_Y1_Z-1_mono0_fix1//test20tig_AVDZ// DONE 4.8748181239170645 9.333735909753628 9.311076743517448 23.51963077718814 4	0.00022381 0.00000986 -0.00000694 0.00000007 0.00023068 0.00023529 0.00023262
shell0_X0_Y0_Z0_mono0_fix1/shell1_X0_Y1_Z-1_mono1_fix1/shell2_X-1_Y2_Z0_mono1_fix1//test20tig_AVDZ// DONE 4.874818245582405 9.311076854260124 9.333735696013983 23.519630795856514 2	0.00022178 0.00000985 -0.00001189 0.00000520 0.00022847 0.00023526 0.00023134
shell0_X0_Y0_Z0_mono0_fix1/shell1_X1_Y1_Z-1_mono1_fix1/shell1_X1_Y0_Z0_mono1_fix1//test20tig_AVDZ// DONE 7.7416525542166985 7.687882795249494 8.215479171456103 23.645014520922295 2	0.00025679 0.00010561 -0.00005792 0.00004677 0.00026794 0.00029399 0.00027893
shell0_X0_Y0_Z0_mono0_fix1/shell1_X0_Y-1_Z-1_mono0_fix1/shell1_X1_Y0_Z-1_mono1_fix1//test20tig_AVDZ// DONE 8.21547938783387 7.741652423640553 7.687883006758034 23.645014818232458 4	0.00025645 0.00010561 -0.00005764 0.00004819 0.00026590 0.00029562 0.00027844
shell0_X0_Y0_Z0_mono0_fix1/shell1_X0_Y0_Z-1_mono1_fix1/shell2_X1_Y0_Z-2_mono1_fix1//test20tig_AVDZ// DONE 4.8748181239170645 11.339343574138505 7.4326967908791595 23.64685848893473 2	-0.00051593 -0.00000275 -0.00001506 -0.00000697 -0.00049391 -0.00049230 -0.00049323
shell0_X0_Y0_Z0_mono0_fix1/shell1_X0_Y0_Z-1_mono1_fix1/shell1_X-1_Y0_Z1_mono0_fix1//test20tig_AVDZ// DONE 4.8748181239170645 7.4326969331133075 11.339343574138505 23.646858631168875 4	-0.00032687 0.00000156 -0.00008689 0.00002082 -0.00026081 -0.00025608 -0.00025881
shell0_X0_Y0_Z0_mono0_fix1/shell1_X0_Y1_Z-1_mono1_fix1/shell2_X1_Y1_Z-2_mono1_fix1//test20tig_AVDZ// DONE 4.874818245582405 11.33934361654418 7.4326967908791595 23.646858653005747 2	-0.00032818 0.00000154 -0.00009039 0.00002241 -0.00026020 -0.00025626 -0.00025853
shell0_X0_Y0_Z0_mono0_fix1/shell1_X0_Y1_Z-1_mono1_fix1/shell1_X-1_Y0_Z1_mono0_fix1//test20tig_AVDZ// DONE 4.874818245582405 7.4326969331133075 11.33934361654418 23.646858795239893 4	-0.00051154 -0.00000274 -0.00000295 -0.00001814 -0.00049044 -0.00049194 -0.00049107
shell0_X0_Y0_Z0_mono0_fix1/shell1_X0_Y0_Z1_mono1_fix1/shell1_X-1_Y1_Z0_mono1_fix1//test20tig_AVDZ// DONE 9.557279214796873 4.874819824994216 9.220398664532015 23.652497704323103 2	0.00031601 -0.00002456 -0.00021474 0.00005907 0.00047167 0.00048408 0.00047691
shell0_X0_Y0_Z0_mono0_fix1/shell1_X-1_Y-1_Z-1_mono0_fix1/shell1_X-1_Y0_Z0_mono1_fix1//test20tig_AVDZ// DONE 9.220399005428119 4.87481984938681 9.557279331757533 23.652498186572462 4	0.00031490 -0.00002456 -0.00021232 0.00006546 0.00046176 0.00048412 0.00047120
shell0_X0_Y0_Z0_mono0_fix1/shell1_X1_Y0_Z0_mono1_fix1/shell2_X2_Y0_Z0_mono1_fix1//test20tig_AVDZ// DONE 7.687882795249494 11.423339923096975 4.576816950491205 23.688039668837675 2	-0.00034206 0.00003359 -0.00000911 -0.00000327 -0.00032968 -0.00030593 -0.00031966
shell0_X0_Y0_Z0_mono0_fix1/shell1_X1_Y1_Z0_mono1_fix1/shell2_X2_Y1_Z0_mono1_fix1//test20tig_AVDZ// DONE 7.687883006758034 11.423340031243132 4.576816950491205 23.68803998849237 2	-0.00052405 -0.00001555 0.00001685 -0.00002528 -0.00051563 -0.00049845 -0.00050838
shell0_X0_Y0_Z0_mono0_fix1/shell1_X-1_Y0_Z0_mono0_fix1/shell1_X1_Y0_Z0_mono1_fix1//test20tig_AVDZ// DONE 4.576817879131266 7.687882795249494 11.423339923096975 23.688040597477734 4	-0.00052576 -0.00001555 0.00001846 -0.00002473 -0.00051949 -0.00049711 -0.00051005
shell0_X0_Y0_Z0_mono0_fix1/shell1_X-1_Y0_Z0_mono0_fix1/shell1_X1_Y1_Z0_mono1_fix1//test20tig_AVDZ// DONE 4.576817879131266 7.687883006758034 11.423340031243132 23.688040917132433 4	-0.00034547 0.00003358 -0.00000801 -0.00000651 -0.00033095 -0.00030620 -0.00032051
shell0_X0_Y0_Z0_mono0_fix1/shell0_X0_Y0_Z0_mono1_fix1/shell1_X1_Y-1_Z-1_mono0_fix1//test20tig_AVDZ// DONE 4.832536863788853 9.287303895161147 9.594443452897366 23.714284211847364 4	0.00028133 -0.00000523 -0.00010007 0.00002525 0.00035614 0.00037464 0.00036395
shell0_X0_Y0_Z0_mono0_fix1/shell1_X-1_Y0_Z1_mono1_fix1/shell1_X0_Y1_Z0_mono1_fix1//test20tig_AVDZ// DONE 9.594443387322988 4.8325372673373375 9.28730372170711 23.714284376367438 2	0.00027525 -0.00000523 -0.00010748 0.00003761 0.00034512 0.00037377 0.00035721
shell0_X0_Y0_Z0_mono0_fix1/shell1_X0_Y0_Z1_mono1_fix1/shell1_X1_Y-1_Z1_mono0_fix1//test20tig_AVDZ// DONE 9.557279214796873 9.295639787140068 4.874819824994216 23.727738826931155 4	0.00021038 -0.00000320 -0.00002737 0.00000114 0.00023661 0.00021880 0.00022909
shell0_X0_Y0_Z0_mono0_fix1/shell1_X0_Y1_Z1_mono1_fix1/shell1_X-1_Y0_Z0_mono1_fix1//test20tig_AVDZ// DONE 9.557279331757533 4.87481984938681 9.295639782756695 23.72773896390104 2	0.00020308 -0.00000320 -0.00002617 0.00000349 0.00022575 0.00022457 0.00022525
shell0_X0_Y0_Z0_mono0_fix1/shell1_X-1_Y0_Z1_mono1_fix1/shell1_X0_Y0_Z1_mono1_fix1//test20tig_AVDZ// DONE 9.594443387322988 9.557279214796873 4.576816950491205 23.728539552611068 2	0.00025900 0.00001725 -0.00000536 0.00000632 0.00025803 0.00026438 0.00026071
shell0_X0_Y0_Z0_mono0_fix1/shell1_X-1_Y1_Z1_mono1_fix1/shell1_X0_Y1_Z1_mono1_fix1//test20tig_AVDZ// DONE 9.594443452897366 9.557279331757533 4.576816950491205 23.728539735146107 2	0.00028451 0.00003232 -0.00002957 -0.00000044 0.00031452 0.00031830 0.00031612
shell0_X0_Y0_Z0_mono0_fix1/shell1_X0_Y0_Z1_mono1_fix1/shell1_X1_Y0_Z0_mono0_fix1//test20tig_AVDZ// DONE 9.557279214796873 4.576817879131266 9.594443387322988 23.728540481251127 4	0.00028387 0.00003233 -0.00003065 0.00000363 0.00031089 0.00031722 0.00031356
shell0_X0_Y0_Z0_mono0_fix1/shell1_X0_Y1_Z1_mono1_fix1/shell1_X1_Y0_Z0_mono0_fix1//test20tig_AVDZ// DONE 9.557279331757533 4.576817879131266 9.594443452897366 23.728540663786163 4	0.00025809 0.00001725 -0.00001051 0.00001567 0.00025294 0.00026271 0.00025706
shell0_X0_Y0_Z0_mono0_fix1/shell1_X0_Y1_Z-1_mono0_fix1/shell1_X1_Y1_Z-1_mono1_fix1//test20tig_AVDZ// DONE 8.30173601819067 7.7416525542166985 7.687882795249494 23.731271367656863 4	0.00013608 0.00000355 -0.00002058 0.00000847 0.00014818 0.00016066 0.00015345
shell0_X0_Y0_Z0_mono0_fix1/shell1_X1_Y0_Z-1_mono1_fix1/shell1_X1_Y1_Z0_mono1_fix1//test20tig_AVDZ// DONE 7.741652423640553 7.687883006758034 8.301736003054813 23.7312714334534 2	0.00013630 0.00000355 -0.00002340 0.00001084 0.00014886 0.00016258 0.00015465
shell0_X0_Y0_Z0_mono0_fix1/shell0_X0_Y0_Z0_mono1_fix1/shell1_X-1_Y1_Z1_mono1_fix1//test20tig_AVDZ// DONE 4.832536863788853 9.594443452897366 9.333735696013983 23.7607160127002 2	0.00021057 0.00004877 0.00007438 0.00000875 0.00012744 0.00018858 0.00015323
shell0_X0_Y0_Z0_mono0_fix1/shell1_X1_Y1_Z-1_mono0_fix1/shell1_X0_Y1_Z0_mono1_fix1//test20tig_AVDZ// DONE 9.333735909753628 4.8325372673373375 9.594443387322988 23.760716564413954 4	0.00022417 0.00004875 0.00007883 -0.00000976 0.00015510 0.00017638 0.00016407
shell0_X0_Y0_Z0_mono0_fix1/shell1_X1_Y0_Z-1_mono1_fix1/shell2_X2_Y0_Z-1_mono1_fix1//test20tig_AVDZ// DONE 7.741652423640553 11.47158597420565 4.576816950491205 23.79005534833741 2	-0.00035194 -0.00000388 0.00002252 -0.00001878 -0.00035568 -0.00035765 -0.00035651
shell0_X0_Y0_Z0_mono0_fix1/shell1_X1_Y1_Z-1_mono1_fix1/shell2_X2_Y1_Z-1_mono1_fix1//test20tig_AVDZ// DONE 7.7416525542166985 11.471586058415966 4.576816950491205 23.79005556312387 2	-0.00034213 -0.00000044 -0.00004641 0.00001961 -0.00031533 -0.00037421 -0.00034017
shell0_X0_Y0_Z0_mono0_fix1/shell1_X1_Y0_Z-1_mono1_fix1/shell1_X-1_Y0_Z0_mono0_fix1//test20tig_AVDZ// DONE 7.741652423640553 4.576817879131266 11.47158597420565 23.790056276977467 4	-0.00037203 -0.00000051 -0.00004858 0.00001886 -0.00034231 -0.00033240 -0.00033813
shell0_X0_Y0_Z0_mono0_fix1/shell1_X1_Y1_Z-1_mono1_fix1/shell1_X-1_Y0_Z0_mono0_fix1//test20tig_AVDZ// DONE 7.7416525542166985 4.576817879131266 11.471586058415966 23.79005649176393 4	-0.00036899 -0.00000392 0.00000522 0.00000019 -0.00037440 -0.00035775 -0.00036738
shell0_X0_Y0_Z0_mono0_fix1/shell1_X0_Y0_Z-1_mono0_fix1/shell1_X0_Y0_Z1_mono0_fix1//test20tig_AVDZ// DONE 6.052387884674759 6.052387884674758 11.793340778908906 23.89811654825842 3	-0.00097166 0.00006336 -0.00001949 0.00003483 -0.00098700 -0.00096594 -0.00097812
shell0_X0_Y0_Z0_mono0_fix1/shell1_X1_Y1_Z0_mono1_fix1/shell2_X0_Y2_Z0_mono1_fix1//test20tig_AVDZ// DONE 7.687883006758034 9.298074429663075 7.2061641805828875 24.192121617004 2	0.00018917 0.00004635 -0.00005003 0.00001416 0.00022504 0.00023057 0.00022737
shell0_X0_Y0_Z0_mono0_fix1/shell1_X-1_Y-1_Z0_mono0_fix1/shell1_X0_Y-1_Z0_mono1_fix1//test20tig_AVDZ// DONE 7.206164883641014 9.29807416463103 7.687882795249494 24.192121843521537 4	0.00019011 0.00004635 -0.00004314 0.00001026 0.00022298 0.00023203 0.00022680
shell0_X0_Y0_Z0_mono0_fix1/shell1_X1_Y0_Z0_mono1_fix1/shell1_X0_Y-1_Z0_mono1_fix1//test20tig_AVDZ// DONE 7.687882795249494 9.29807416463103 7.23455534818809 24.220512308068614 2	0.00014163 0.00002630 0.00000245 -0.00002094 0.00016012 0.00016283 0.00016126
shell0_X0_Y0_Z0_mono0_fix1/shell1_X-1_Y1_Z0_mono0_fix1/shell2_X0_Y2_Z0_mono1_fix1//test20tig_AVDZ// DONE 7.234555636358268 9.298074429663075 7.687883006758034 24.220513072779376 4	0.00014337 0.00002631 -0.00000552 0.00000163 0.00014726 0.00015955 0.00015244
shell0_X0_Y0_Z0_mono0_fix1/shell1_X1_Y1_Z-1_mono1_fix1/shell2_X0_Y2_Z-1_mono1_fix1//test20tig_AVDZ// DONE 7.7416525542166985 9.311076021291033 7.2061641805828875 24.25889275609062 2	0.00015687 0.00002286 0.00000335 -0.00000627 0.00015978 0.00016675 0.00016272
shell0_X0_Y0_Z0_mono0_fix1/shell1_X0_Y-1_Z-1_mono1_fix1/shell1_X-1_Y-1_Z0_mono0_fix1//test20tig_AVDZ// DONE 9.311075872665427 7.206164883641014 7.741652423640553 24.258893179946995 4	0.00017288 0.00002286 0.00002519 -0.00002764 0.00017533 0.00016553 0.00017119
shell0_X0_Y0_Z0_mono0_fix1/shell1_X0_Y-1_Z-1_mono1_fix1/shell1_X1_Y0_Z-1_mono1_fix1//test20tig_AVDZ// DONE 9.311075872665427 7.741652423640553 7.23455534818809 24.287283644494067 2	0.00016796 0.00002922 -0.00000567 0.00000666 0.00016697 0.00018089 0.00017284
shell0_X0_Y0_Z0_mono0_fix1/shell1_X1_Y1_Z-1_mono1_fix1/shell1_X1_Y-1_Z0_mono0_fix1//test20tig_AVDZ// DONE 7.7416525542166985 7.234555636358268 9.311076021291033 24.287284211865998 4	0.00017132 0.00002921 -0.00000511 0.00000225 0.00017417 0.00017937 0.00017636
shell0_X0_Y0_Z0_mono0_fix1/shell1_X-1_Y1_Z-1_mono1_fix1/shell1_X1_Y0_Z0_mono1_fix1//test20tig_AVDZ// DONE 4.832541657327352 7.687882795249494 11.772367437680082 24.29279189025693 2	-0.00048216 -0.00003512 -0.00006268 0.00000752 -0.00042699 -0.00041423 -0.00042161
shell0_X0_Y0_Z0_mono0_fix1/shell1_X1_Y1_Z0_mono1_fix1/shell2_X2_Y1_Z1_mono0_fix1//test20tig_AVDZ// DONE 7.687883006758034 11.772367791361654 4.832541803661923 24.29279260178161 4	-0.00048375 -0.00003511 -0.00004490 -0.00001681 -0.00042205 -0.00041076 -0.00041729
shell0_X0_Y0_Z0_mono0_fix1/shell1_X-1_Y1_Z-1_mono1_fix1/shell2_X-2_Y1_Z-1_mono0_fix1//test20tig_AVDZ// DONE 4.832541657327352 11.815540326094641 7.687882795249494 24.335964778671485 4	-0.00032453 0.00003307 -0.00005371 0.00002986 -0.00030068 -0.00028431 -0.00029377
shell0_X0_Y0_Z0_mono0_fix1/shell1_X-1_Y0_Z-1_mono1_fix1/shell1_X1_Y1_Z0_mono1_fix1//test20tig_AVDZ// DONE 4.832541803661923 7.687883006758034 11.815540228992958 24.335965039412915 2	-0.00031232 0.00003305 -0.00004547 0.00002074 -0.00028759 -0.00028310 -0.00028569
shell0_X0_Y0_Z0_mono0_fix1/shell1_X1_Y1_Z-1_mono1_fix1/shell1_X-1_Y0_Z0_mono1_fix1//test20tig_AVDZ// DONE 7.7416525542166985 4.87481984938681 11.859669417156478 24.476141820759988 2	-0.00033215 0.00000088 -0.00000408 -0.00000961 -0.00031846 -0.00032475 -0.00032111
shell0_X0_Y0_Z0_mono0_fix1/shell1_X1_Y0_Z-1_mono1_fix1/shell2_X2_Y-1_Z-1_mono0_fix1//test20tig_AVDZ// DONE 7.741652423640553 11.85966960615678 4.874819824994216 24.47614185479155 4	-0.00033575 0.00000088 -0.00000856 -0.00000468 -0.00032251 -0.00032533 -0.00032370
shell0_X0_Y0_Z0_mono0_fix1/shell1_X1_Y0_Z-1_mono1_fix1/shell1_X-1_Y1_Z0_mono1_fix1//test20tig_AVDZ// DONE 7.741652423640553 4.874819824994216 11.875393728805076 24.491865977439844 2	-0.00027785 0.00001431 -0.00003851 0.00001371 -0.00025304 -0.00022944 -0.00024308
shell0_X0_Y0_Z0_mono0_fix1/shell1_X1_Y1_Z-1_mono1_fix1/shell2_X2_Y1_Z-1_mono0_fix1//test20tig_AVDZ// DONE 7.7416525542166985 11.875394026584075 4.87481984938681 24.491866430187585 4	-0.00027429 0.00001431 -0.00002959 0.00000752 -0.00025222 -0.00022543 -0.00024092
shell0_X0_Y0_Z0_mono0_fix1/shell1_X1_Y-1_Z0_mono1_fix1/shell1_X1_Y0_Z0_mono1_fix1//test20tig_AVDZ// DONE 11.052017778653015 7.687882795249494 5.83480027387607 24.57470084777858 2	-0.00006231 0.00002100 0.00001365 -0.00000772 -0.00006824 -0.00006163 -0.00006546
shell0_X0_Y0_Z0_mono0_fix1/shell1_X1_Y1_Z0_mono1_fix1/shell2_X1_Y2_Z0_mono1_fix1//test20tig_AVDZ// DONE 7.687883006758034 11.052018052102294 5.83480027387607 24.5747013327364 2	-0.00010483 0.00003164 -0.00003986 0.00001715 -0.00008211 -0.00007008 -0.00007704
shell0_X0_Y0_Z0_mono0_fix1/shell1_X1_Y-1_Z0_mono1_fix1/shell1_X0_Y-1_Z0_mono0_fix1//test20tig_AVDZ// DONE 11.052017778653015 5.83480079702139 7.687882795249494 24.574701370923897 4	-0.00010845 0.00003165 -0.00004717 0.00002227 -0.00008355 -0.00007118 -0.00007833
shell0_X0_Y0_Z0_mono0_fix1/shell1_X0_Y1_Z0_mono0_fix1/shell2_X1_Y2_Z0_mono1_fix1//test20tig_AVDZ// DONE 5.834800797021388 11.052018052102294 7.687883006758034 24.574701855881717 4	-0.00006257 0.00002105 0.00000598 0.00000082 -0.00006936 -0.00006190 -0.00006621
shell0_X0_Y0_Z0_mono0_fix1/shell1_X1_Y-1_Z-1_mono1_fix1/shell1_X1_Y0_Z-1_mono1_fix1//test20tig_AVDZ// DONE 11.082269652642847 7.741652423640553 5.83480027387607 24.65872235015947 2	-0.00006534 0.00000903 -0.00005855 0.00004484 -0.00005162 -0.00001920 -0.00003794
shell0_X0_Y0_Z0_mono0_fix1/shell1_X1_Y1_Z-1_mono1_fix1/shell2_X1_Y2_Z-1_mono1_fix1//test20tig_AVDZ// DONE 7.7416525542166985 11.08226985161873 5.83480027387607 24.6587226797115 2	-0.00002030 0.00001476 -0.00001707 0.00000417 -0.00000739 -0.00000802 -0.00000766
shell0_X0_Y0_Z0_mono0_fix1/shell1_X1_Y-1_Z-1_mono1_fix1/shell1_X0_Y-1_Z0_mono0_fix1//test20tig_AVDZ// DONE 11.082269652642847 5.83480079702139 7.741652423640553 24.65872287330479 4	-0.00001544 0.00001474 -0.00000307 -0.00001341 0.00000105 -0.00000795 -0.00000275
shell0_X0_Y0_Z0_mono0_fix1/shell1_X0_Y1_Z0_mono0_fix1/shell2_X1_Y2_Z-1_mono1_fix1//test20tig_AVDZ// DONE 5.834800797021388 11.08226985161873 7.7416525542166985 24.658723202856816 4	-0.00006648 0.00000903 -0.00005613 0.00004333 -0.00005368 -0.00001886 -0.00003899
shell0_X0_Y0_Z0_mono0_fix1/shell1_X0_Y-1_Z-1_mono1_fix1/shell1_X0_Y0_Z-1_mono0_fix1//test20tig_AVDZ// DONE 9.311075872665427 6.052387884674759 9.298074164631034 24.661537921971217 4	0.00012533 0.00001029 -0.00003936 0.00001372 0.00015097 0.00015248 0.00015161
shell0_X0_Y0_Z0_mono0_fix1/shell1_X0_Y-1_Z-1_mono1_fix1/shell1_X0_Y-1_Z0_mono1_fix1//test20tig_AVDZ// DONE 9.311075872665427 9.29807416463103 6.052388083568135 24.661538120864595 2	0.00012836 -0.00000954 0.00000290 -0.00003057 0.00015604 0.00014546 0.00015157
shell0_X0_Y0_Z0_mono0_fix1/shell1_X0_Y0_Z-1_mono0_fix1/shell2_X0_Y2_Z-1_mono1_fix1//test20tig_AVDZ// DONE 6.052387884674759 9.311076021291033 9.298074429663075 24.661538335628865 4	0.00012879 -0.00000954 -0.00000766 -0.00002469 0.00016115 0.00014303 0.00015350
shell0_X0_Y0_Z0_mono0_fix1/shell2_X0_Y2_Z-1_mono1_fix1/shell2_X0_Y2_Z0_mono1_fix1//test20tig_AVDZ// DONE 9.311076021291033 9.298074429663075 6.052388083568135 24.661538534522244 2	0.00012106 0.00001026 -0.00003439 0.00001782 0.00013763 0.00015060 0.00014310
shell0_X0_Y0_Z0_mono0_fix1/shell1_X0_Y0_Z1_mono1_fix1/shell1_X1_Y0_Z0_mono1_fix1//test20tig_AVDZ// DONE 9.557279214796873 7.687882795249494 7.4326967908791595 24.677858800925527 2	0.00013600 0.00002408 0.00001694 -0.00002488 0.00014394 0.00013853 0.00014166
shell0_X0_Y0_Z0_mono0_fix1/shell1_X-1_Y0_Z1_mono0_fix1/shell1_X0_Y0_Z1_mono1_fix1//test20tig_AVDZ// DONE 7.4326969331133075 9.557279214796873 7.687882795249494 24.677858943159674 4	0.00014367 0.00002936 -0.00001829 0.00001435 0.00014760 0.00016106 0.00015328
shell0_X0_Y0_Z0_mono0_fix1/shell1_X0_Y1_Z1_mono1_fix1/shell1_X1_Y1_Z0_mono1_fix1//test20tig_AVDZ// DONE 9.557279331757533 7.687883006758034 7.4326967908791595 24.677859129394726 2	0.00014620 0.00002935 -0.00001365 0.00001102 0.00014883 0.00015779 0.00015261
shell0_X0_Y0_Z0_mono0_fix1/shell1_X1_Y0_Z-1_mono0_fix1/shell1_X1_Y1_Z0_mono1_fix1//test20tig_AVDZ// DONE 7.4326969331133075 7.687883006758034 9.557279331757533 24.677859271628876 4	0.00013123 0.00002409 0.00002202 -0.00002264 0.00013185 0.00013896 0.00013485
shell0_X0_Y0_Z0_mono0_fix1/shell1_X1_Y0_Z-1_mono1_fix1/shell2_X0_Y0_Z-2_mono1_fix1//test20tig_AVDZ// DONE 7.741652423640553 9.594444158397373 7.3579458897229895 24.694042471760916 2	0.00013387 0.00002628 -0.00004649 0.00003277 0.00014760 0.00017125 0.00015758
shell0_X0_Y0_Z0_mono0_fix1/shell1_X-1_Y0_Z-1_mono0_fix1/shell2_X0_Y0_Z-2_mono1_fix1//test20tig_AVDZ// DONE 7.357945972453686 9.594444158397373 7.741652423640553 24.69404255449161 4	0.00011602 0.00001403 -0.00000613 0.00000878 0.00011337 0.00013411 0.00012212
shell0_X0_Y0_Z0_mono0_fix1/shell1_X1_Y1_Z-1_mono1_fix1/shell2_X0_Y1_Z-2_mono1_fix1//test20tig_AVDZ// DONE 7.7416525542166985 9.594444174651146 7.3579458897229895 24.694042618590835 2	0.00011627 0.00001403 -0.00000509 0.00000156 0.00011980 0.00013534 0.00012636
shell0_X0_Y0_Z0_mono0_fix1/shell1_X-1_Y0_Z-1_mono0_fix1/shell2_X0_Y1_Z-2_mono1_fix1//test20tig_AVDZ// DONE 7.357945972453686 9.594444174651146 7.7416525542166985 24.694042701321532 4	0.00014416 0.00002639 -0.00004527 0.00002914 0.00016029 0.00016997 0.00016438
shell0_X0_Y0_Z0_mono0_fix1/shell1_X0_Y1_Z0_mono0_fix1/shell2_X-2_Y0_Z0_mono0_fix1//test20tig_AVDZ// DONE 5.834800797021388 8.63133829007425 10.281259045415679 24.747398132511314 6	0.00010917 0.00001337 0.00002558 -0.00001978 0.00010337 0.00010442 0.00010381
shell0_X0_Y0_Z0_mono0_fix1/shell1_X0_Y1_Z0_mono0_fix1/shell2_X2_Y0_Z0_mono0_fix1//test20tig_AVDZ// DONE 5.834800797021388 8.63133829007425 10.301594281051562 24.767733368147198 6	0.00003527 -0.00001194 -0.00002465 0.00001221 0.00004772 0.00006125 0.00005343
shell0_X0_Y0_Z0_mono0_fix1/shell0_X0_Y0_Z0_mono1_fix1/shell2_X2_Y0_Z0_mono1_fix1//test20tig_AVDZ// DONE 4.832536863788853 11.423339923096975 8.631337775704774 24.8872145625906 2	0.00001037 0.00002850 -0.00003999 0.00002572 0.00002464 0.00002366 0.00002423
shell0_X0_Y0_Z0_mono0_fix1/shell1_X0_Y1_Z0_mono1_fix1/shell2_X2_Y1_Z0_mono1_fix1//test20tig_AVDZ// DONE 4.8325372673373375 11.423340031243132 8.631337775704774 24.887215074285244 2	-0.00005853 -0.00005431 -0.00003132 -0.00002868 0.00000148 -0.00000987 -0.00000331
shell0_X0_Y0_Z0_mono0_fix1/shell0_X0_Y0_Z0_mono1_fix1/shell2_X-2_Y0_Z0_mono0_fix1//test20tig_AVDZ// DONE 4.832536863788853 8.63133829007425 11.423339923096975 24.88721507696008 4	-0.00006585 -0.00005430 -0.00005508 0.00000060 -0.00001137 -0.00001094 -0.00001119
shell0_X0_Y0_Z0_mono0_fix1/shell1_X0_Y1_Z0_mono1_fix1/shell2_X-2_Y0_Z0_mono0_fix1//test20tig_AVDZ// DONE 4.8325372673373375 8.63133829007425 11.423340031243132 24.88721558865472 4	0.00001666 0.00002851 -0.00002237 0.00001684 0.00002220 0.00002457 0.00002320
shell0_X0_Y0_Z0_mono0_fix1/shell1_X1_Y-1_Z0_mono1_fix1/shell1_X0_Y-1_Z0_mono1_fix1//test20tig_AVDZ// DONE 11.052017778653015 9.29807416463103 4.576816950491205 24.92690889377525 2	0.00008955 0.00000300 0.00000883 -0.00000299 0.00008371 0.00010616 0.00009318
shell0_X0_Y0_Z0_mono0_fix1/shell2_X0_Y2_Z0_mono1_fix1/shell2_X1_Y2_Z0_mono1_fix1//test20tig_AVDZ// DONE 9.298074429663075 11.052018052102294 4.576816950491205 24.926909432256572 2	0.00006950 0.00001568 0.00003929 -0.00003113 0.00006133 0.00006085 0.00006113
shell0_X0_Y0_Z0_mono0_fix1/shell1_X-1_Y0_Z0_mono0_fix1/shell1_X0_Y-1_Z0_mono1_fix1//test20tig_AVDZ// DONE 4.576817879131266 9.29807416463103 11.052017778653015 24.92690982241531 4	0.00006697 0.00001569 0.00003065 -0.00002667 0.00006299 0.00006132 0.00006228
shell0_X0_Y0_Z0_mono0_fix1/shell1_X-1_Y0_Z0_mono0_fix1/shell2_X0_Y2_Z0_mono1_fix1//test20tig_AVDZ// DONE 4.576817879131266 9.298074429663075 11.052018052102294 24.926910360896635 4	0.00009421 0.00000301 0.00000397 -0.00000269 0.00009294 0.00009871 0.00009537
shell0_X0_Y0_Z0_mono0_fix1/shell1_X0_Y0_Z1_mono1_fix1/shell1_X0_Y1_Z1_mono1_fix1//test20tig_AVDZ// DONE 9.557279214796873 9.557279331757533 5.83480027387607 24.949358820430476 2	0.00009047 -0.00000929 -0.00005015 0.00002150 0.00011911 0.00013557 0.00012606
shell0_X0_Y0_Z0_mono0_fix1/shell1_X0_Y0_Z1_mono1_fix1/shell1_X0_Y-1_Z0_mono0_fix1//test20tig_AVDZ// DONE 9.557279214796873 5.83480079702139 9.557279331757535 24.949359343575797 4	0.00008186 -0.00000929 -0.00007425 0.00004233 0.00011377 0.00013544 0.00012291
shell0_X0_Y0_Z0_mono0_fix1/shell1_X0_Y-1_Z-1_mono1_fix1/shell1_X1_Y-1_Z-1_mono1_fix1//test20tig_AVDZ// DONE 9.311075872665427 11.082269652642847 4.576816950491205 24.970162475799476 2	0.00007559 -0.00001627 0.00001173 -0.00001820 0.00008206 0.00006656 0.00007552
shell0_X0_Y0_Z0_mono0_fix1/shell2_X0_Y2_Z-1_mono1_fix1/shell2_X1_Y2_Z-1_mono1_fix1//test20tig_AVDZ// DONE 9.311076021291033 11.08226985161873 4.576816950491205 24.97016282340097 2	0.00004533 0.00000414 -0.00001470 -0.00000096 0.00006099 0.00005866 0.00006001
shell0_X0_Y0_Z0_mono0_fix1/shell1_X0_Y-1_Z-1_mono1_fix1/shell1_X-1_Y0_Z0_mono0_fix1//test20tig_AVDZ// DONE 9.311075872665427 4.576817879131266 11.082269652642847 24.97016340443954 4	0.00003824 0.00000413 -0.00002919 0.00001630 0.00005113 0.00005912 0.00005450
shell0_X0_Y0_Z0_mono0_fix1/shell1_X-1_Y0_Z0_mono0_fix1/shell2_X0_Y2_Z-1_mono1_fix1//test20tig_AVDZ// DONE 4.576817879131266 9.311076021291033 11.08226985161873 24.970163752041028 4	0.00007427 -0.00001629 0.00001257 -0.00001923 0.00008093 0.00006727 0.00007517
shell0_X0_Y0_Z0_mono0_fix1/shell1_X0_Y0_Z-1_mono1_fix1/shell2_X2_Y0_Z-1_mono1_fix1//test20tig_AVDZ// DONE 4.8748181239170645 11.47158597420565 8.631337775704774 24.97774187382749 2	-0.00009295 -0.00000869 -0.00003257 0.00000687 -0.00006725 -0.00005527 -0.00006220
shell0_X0_Y0_Z0_mono0_fix1/shell1_X0_Y1_Z-1_mono1_fix1/shell2_X2_Y1_Z-1_mono1_fix1//test20tig_AVDZ// DONE 4.874818245582405 11.471586058415966 8.631337775704774 24.97774207970314 2	-0.00007870 -0.00000224 -0.00003138 0.00001144 -0.00005876 -0.00004750 -0.00005401
shell0_X0_Y0_Z0_mono0_fix1/shell1_X0_Y0_Z-1_mono1_fix1/shell2_X-2_Y0_Z0_mono0_fix1//test20tig_AVDZ// DONE 4.8748181239170645 8.63133829007425 11.47158597420565 24.977742388196965 4	-0.00006796 -0.00000225 -0.00002575 0.00000190 -0.00004411 -0.00005222 -0.00004753
shell0_X0_Y0_Z0_mono0_fix1/shell2_X2_Y1_Z-1_mono1_fix1/shell2_X2_Y0_Z0_mono0_fix1//test20tig_AVDZ// DONE 11.471586058415966 8.63133829007425 4.874818245582404 24.97774259407262 4	-0.00010229 -0.00000870 -0.00003475 0.00000958 -0.00007712 -0.00005270 -0.00006682
shell0_X0_Y0_Z0_mono0_fix1/shell1_X0_Y0_Z-1_mono0_fix1/shell1_X1_Y0_Z0_mono1_fix1//test20tig_AVDZ// DONE 6.052387884674759 7.687882795249494 11.251269307167787 24.99153998709204 4	-0.00005867 0.00001676 -0.00003337 0.00001074 -0.00003604 -0.00002751 -0.00003244
shell0_X0_Y0_Z0_mono0_fix1/shell1_X1_Y0_Z1_mono1_fix1/shell1_X1_Y0_Z0_mono1_fix1//test20tig_AVDZ// DONE 11.251269307167787 7.687882795249494 6.052388083568137 24.991540185985418 2	-0.00000344 0.00003216 0.00001838 -0.00001507 -0.00000675 -0.00001162 -0.00000881
shell0_X0_Y0_Z0_mono0_fix1/shell1_X0_Y0_Z-1_mono0_fix1/shell1_X1_Y1_Z0_mono1_fix1//test20tig_AVDZ// DONE 6.052387884674759 7.687883006758034 11.25126941695398 24.991540308386774 4	-0.00000940 0.00003216 0.00000374 0.00000010 -0.00001324 -0.00000929 -0.00001157
shell0_X0_Y0_Z0_mono0_fix1/shell1_X1_Y1_Z1_mono1_fix1/shell1_X1_Y1_Z0_mono1_fix1//test20tig_AVDZ// DONE 11.25126941695398 7.687883006758034 6.052388083568137 24.99154050728015 2	-0.00006063 0.00001677 -0.00002677 0.00000222 -0.00003608 -0.00002776 -0.00003257
shell0_X0_Y0_Z0_mono0_fix1/shell1_X-1_Y0_Z1_mono1_fix1/shell1_X-1_Y1_Z1_mono1_fix1//test20tig_AVDZ// DONE 9.594443387322988 9.594443452897366 5.83480027387607 25.023687114096425 2	0.00011121 -0.00000396 -0.00000244 -0.00000418 0.00011783 0.00011593 0.00011703
shell0_X0_Y0_Z0_mono0_fix1/shell1_X-1_Y0_Z1_mono1_fix1/shell1_X0_Y-1_Z0_mono0_fix1//test20tig_AVDZ// DONE 9.594443387322988 5.83480079702139 9.594443452897366 25.023687637241743 4	0.00009898 -0.00000396 -0.00001665 0.00000637 0.00010926 0.00011393 0.00011123
shell0_X0_Y0_Z0_mono0_fix1/shell1_X0_Y0_Z-1_mono0_fix1/shell2_X2_Y0_Z0_mono0_fix1//test20tig_AVDZ// DONE 6.052387884674759 8.63133829007425 10.370397658874877 25.054123833623883 6	0.00009685 0.00001034 0.00001872 -0.00000973 0.00008786 0.00009158 0.00008943
shell0_X0_Y0_Z0_mono0_fix1/shell1_X1_Y0_Z-1_mono1_fix1/shell1_X0_Y0_Z1_mono0_fix1//test20tig_AVDZ// DONE 7.741652423640553 6.052387884674758 11.339343574138505 25.133383882453813 4	-0.00004394 -0.00000006 -0.00000747 0.00000398 -0.00004045 -0.00003949 -0.00004004
shell0_X0_Y0_Z0_mono0_fix1/shell1_X0_Y0_Z-1_mono0_fix1/shell2_X1_Y1_Z-2_mono1_fix1//test20tig_AVDZ// DONE 6.052387884674759 11.33934361654418 7.7416525542166985 25.133384055435638 4	-0.00004366 0.00000888 -0.00001798 0.00000984 -0.00003551 -0.00002995 -0.00003317
shell0_X0_Y0_Z0_mono0_fix1/shell1_X1_Y0_Z-1_mono1_fix1/shell2_X1_Y0_Z-2_mono1_fix1//test20tig_AVDZ// DONE 7.741652423640553 11.339343574138505 6.052388083568137 25.133384081347195 2	-0.00003309 0.00000890 0.00000206 -0.00000696 -0.00002819 -0.00002737 -0.00002785
shell0_X0_Y0_Z0_mono0_fix1/shell1_X1_Y1_Z-1_mono1_fix1/shell2_X1_Y1_Z-2_mono1_fix1//test20tig_AVDZ// DONE 7.7416525542166985 11.33934361654418 6.052388083568137 25.133384254329016 2	-0.00005576 -0.00000007 -0.00001542 0.00001423 -0.00005456 -0.00004061 -0.00004868
shell0_X0_Y0_Z0_mono0_fix1/shell1_X0_Y0_Z-1_mono0_fix1/shell2_X-2_Y0_Z0_mono0_fix1//test20tig_AVDZ// DONE 6.052387884674759 8.63133829007425 10.458272455392859 25.141998630141867 6	0.00005307 -0.00000940 0.00001526 -0.00002881 0.00006662 0.00005942 0.00006358
shell0_X0_Y0_Z0_mono0_fix1/shell1_X0_Y0_Z-1_mono1_fix1/shell1_X1_Y-1_Z0_mono1_fix1//test20tig_AVDZ// DONE 4.8748181239170645 11.052017778653015 9.220398664532015 25.147234567102096 2	0.00008141 0.00002918 0.00003183 -0.00000496 0.00005455 0.00005787 0.00005595
shell0_X0_Y0_Z0_mono0_fix1/shell1_X1_Y1_Z1_mono0_fix1/shell2_X1_Y2_Z0_mono1_fix1//test20tig_AVDZ// DONE 9.220399005428119 11.052018052102294 4.874818245582405 25.147235303112815 4	0.00007764 0.00002919 0.00002472 0.00000193 0.00005098 0.00005517 0.00005275
shell0_X0_Y0_Z0_mono0_fix1/shell1_X1_Y1_Z0_mono0_fix1/shell2_X1_Y2_Z0_mono0_fix1//test20tig_AVDZ// DONE 7.206164883641014 12.110018745224945 5.834800797021388 25.150984425887344 6	-0.00034049 -0.00000396 0.00000898 -0.00001060 -0.00033887 -0.00033055 -0.00033536
shell0_X0_Y0_Z0_mono0_fix1/shell1_X-1_Y1_Z0_mono0_fix1/shell1_X0_Y-1_Z0_mono0_fix1//test20tig_AVDZ// DONE 7.234555636358268 5.83480079702139 12.12207805166879 25.191434485048447 6	-0.00030829 0.00001976 -0.00003282 0.00002371 -0.00029919 -0.00027339 -0.00028830
shell0_X0_Y0_Z0_mono0_fix1/shell0_X0_Y0_Z0_mono1_fix1/shell1_X-1_Y1_Z1_mono0_fix1//test20tig_AVDZ// DONE 4.832536863788853 9.287303895161147 11.082269652642847 25.202110411592848 4	0.00010869 0.00005437 0.00005163 0.00000031 0.00005675 0.00006823 0.00006159
