shell0_X0_Y0_Z0_mono0_fix1/shell0_X0_Y0_Z0_mono1_fix1/shell1_X-1_Y0_Z0_mono1_fix1//test20tig_AVDZ// DONE 4.832536863788853 4.87481984938681 4.576816950491205 14.284173663666868 2	0.01851231 -0.11417850 -0.00834751 -0.00811284 0.03497266 0.04309884 0.03840089
shell0_X0_Y0_Z0_mono0_fix1/shell1_X-1_Y1_Z0_mono1_fix1/shell1_X0_Y1_Z0_mono1_fix1//test20tig_AVDZ// DONE 4.874819824994216 4.8325372673373375 4.576816950491205 14.284174042822757 2	0.02329124 -0.09189237 -0.00329653 -0.01156863 0.03815640 0.04772132 0.04219160
shell0_X0_Y0_Z0_mono0_fix1/shell0_X0_Y0_Z0_mono1_fix1/shell1_X1_Y0_Z0_mono0_fix1//test20tig_AVDZ// DONE 4.832536863788853 4.576817879131266 4.87481984938681 14.284174592306929 4	0.02328771 -0.09189190 -0.00330433 -0.01156156 0.03815360 0.04772105 0.04218987
shell0_X0_Y0_Z0_mono0_fix1/shell1_X-1_Y0_Z0_mono0_fix1/shell1_X-1_Y1_Z0_mono1_fix1//test20tig_AVDZ// DONE 4.576817879131266 4.874819824994216 4.8325372673373375 14.284174971462818 4	0.01852027 -0.11417800 -0.00834383 -0.00811843 0.03498254 0.04309777 0.03840615
shell0_X0_Y0_Z0_mono0_fix1/shell0_X0_Y0_Z0_mono1_fix1/shell1_X0_Y1_Z0_mono1_fix1//test20tig_AVDZ// DONE 4.832536863788853 4.8325372673373375 5.83480027387607 15.49987440500226 2	0.01116308 -0.09100297 -0.00429564 -0.00665237 0.02211109 0.02845728 0.02478839
shell0_X0_Y0_Z0_mono0_fix1/shell1_X0_Y1_Z0_mono0_fix1/shell1_X0_Y1_Z0_mono1_fix1//test20tig_AVDZ// DONE 5.834800797021388 4.8325372673373375 4.832536863788853 15.499874928147579 4	0.01115869 -0.09100365 -0.00429820 -0.00665045 0.02210734 0.02846067 0.02478765
shell0_X0_Y0_Z0_mono0_fix1/shell1_X0_Y0_Z-1_mono1_fix1/shell1_X0_Y1_Z-1_mono1_fix1//test20tig_AVDZ// DONE 4.8748181239170645 4.874818245582405 5.83480027387607 15.58443664337554 2	0.00996677 -0.10657840 -0.00478704 -0.00455310 0.01930691 0.02561736 0.02196913
shell0_X0_Y0_Z0_mono0_fix1/shell1_X0_Y0_Z-1_mono1_fix1/shell1_X0_Y-1_Z0_mono0_fix1//test20tig_AVDZ// DONE 4.8748181239170645 5.83480079702139 4.874818245582404 15.584437166520857 4	0.00996931 -0.10657940 -0.00478358 -0.00455703 0.01930993 0.02562055 0.02197222
shell0_X0_Y0_Z0_mono0_fix1/shell0_X0_Y0_Z0_mono1_fix1/shell1_X0_Y0_Z1_mono0_fix1//test20tig_AVDZ// DONE 4.832536863788853 6.052387884674758 4.8748181239170645 15.759742872380675 4	0.01197184 -0.07522626 0.00034222 -0.00569153 0.01732116 0.02337291 0.01987424
shell0_X0_Y0_Z0_mono0_fix1/shell0_X0_Y0_Z0_mono1_fix1/shell1_X0_Y0_Z-1_mono1_fix1//test20tig_AVDZ// DONE 4.832536863788853 4.8748181239170645 6.052388083568137 15.759743071274055 2	0.00952902 -0.08564924 0.00177932 -0.00483038 0.01258008 0.01909497 0.01532855
shell0_X0_Y0_Z0_mono0_fix1/shell1_X0_Y0_Z1_mono0_fix1/shell1_X0_Y1_Z0_mono1_fix1//test20tig_AVDZ// DONE 6.052387884674758 4.8325372673373375 4.874818245582405 15.7597433975945 4	0.00953852 -0.08564886 0.00178722 -0.00483865 0.01258995 0.01909501 0.01533427
shell0_X0_Y0_Z0_mono0_fix1/shell1_X0_Y1_Z-1_mono1_fix1/shell1_X0_Y1_Z0_mono1_fix1//test20tig_AVDZ// DONE 4.874818245582405 4.8325372673373375 6.052388083568135 15.75974359648788 2	0.01196912 -0.07522584 0.00034343 -0.00569294 0.01731863 0.02337595 0.01987406
shell0_X0_Y0_Z0_mono0_fix1/shell0_X0_Y0_Z0_mono1_fix1/shell1_X-1_Y1_Z0_mono1_fix1//test20tig_AVDZ// DONE 4.832536863788853 4.874819824994216 7.2061641805828875 16.913520869365957 2	0.00118621 -0.00746230 0.00062476 -0.00066348 0.00122494 0.00364249 0.00224484
shell0_X0_Y0_Z0_mono0_fix1/shell1_X-1_Y-1_Z0_mono0_fix1/shell1_X-1_Y0_Z0_mono1_fix1//test20tig_AVDZ// DONE 7.206164883641014 4.87481984938681 4.8325372673373375 16.913522000365163 4	0.00118331 -0.00746238 0.00062034 -0.00066062 0.00122359 0.00364279 0.00224419
shell0_X0_Y0_Z0_mono0_fix1/shell0_X0_Y0_Z0_mono1_fix1/shell1_X1_Y-1_Z0_mono0_fix1//test20tig_AVDZ// DONE 4.832536863788853 7.234555636358268 4.874819824994216 16.941912325141338 4	0.00069602 -0.00867284 0.00130560 -0.00049189 -0.00011768 0.00214949 0.00083878
shell0_X0_Y0_Z0_mono0_fix1/shell1_X-1_Y0_Z0_mono1_fix1/shell1_X0_Y1_Z0_mono1_fix1//test20tig_AVDZ// DONE 4.87481984938681 4.8325372673373375 7.23455534818809 16.941912464912235 2	0.00070789 -0.00867263 0.00131528 -0.00050344 -0.00010395 0.00214857 0.00084633
shell0_X0_Y0_Z0_mono0_fix1/shell0_X0_Y0_Z0_mono1_fix1/shell1_X-1_Y0_Z-1_mono1_fix1//test20tig_AVDZ// DONE 4.832536863788853 4.832541803661923 7.3579458897229895 17.023024557173763 2	-0.00025990 -0.00581973 0.00050787 -0.00057634 -0.00019144 0.00178624 0.00064290
shell0_X0_Y0_Z0_mono0_fix1/shell0_X0_Y0_Z0_mono1_fix1/shell1_X1_Y0_Z1_mono0_fix1//test20tig_AVDZ// DONE 4.832536863788853 7.357945972453686 4.832541803661923 17.023024639904463 4	-0.00026627 -0.00581965 0.00050095 -0.00056915 -0.00019807 0.00178799 0.00063980
shell0_X0_Y0_Z0_mono0_fix1/shell0_X0_Y0_Z0_mono1_fix1/shell1_X1_Y0_Z0_mono1_fix1//test20tig_AVDZ// DONE 4.832536863788853 7.687882795249494 4.576816950491205 17.097236609529553 2	-0.00155678 -0.00081911 -0.00040137 0.00032580 -0.00148120 -0.00032176 -0.00099206
shell0_X0_Y0_Z0_mono0_fix1/shell1_X1_Y1_Z0_mono1_fix1/shell1_X0_Y1_Z0_mono1_fix1//test20tig_AVDZ// DONE 7.687883006758034 4.8325372673373375 4.576816950491205 17.09723722458658 2	-0.00279040 -0.00143452 0.00073293 -0.00007687 -0.00344645 -0.00246882 -0.00303401
shell0_X0_Y0_Z0_mono0_fix1/shell0_X0_Y0_Z0_mono1_fix1/shell1_X-1_Y0_Z0_mono0_fix1//test20tig_AVDZ// DONE 4.832536863788853 4.576817879131266 7.687882795249494 17.097237538169612 4	-0.00281195 -0.00143455 0.00071581 -0.00005243 -0.00347533 -0.00246579 -0.00304943
shell0_X0_Y0_Z0_mono0_fix1/shell1_X-1_Y0_Z0_mono0_fix1/shell1_X0_Y1_Z0_mono1_fix1//test20tig_AVDZ// DONE 4.576817879131266 4.8325372673373375 7.687883006758034 17.097238153226638 4	-0.00156937 -0.00081918 -0.00040674 0.00033694 -0.00149957 -0.00032131 -0.00100249
shell0_X0_Y0_Z0_mono0_fix1/shell1_X0_Y0_Z-1_mono1_fix1/shell1_X-1_Y0_Z0_mono1_fix1//test20tig_AVDZ// DONE 4.8748181239170645 4.87481984938681 7.4326967908791595 17.182334764183032 2	-0.00011346 -0.00654411 0.00142578 -0.00028100 -0.00125824 0.00057347 -0.00048549
shell0_X0_Y0_Z0_mono0_fix1/shell1_X0_Y0_Z-1_mono1_fix1/shell1_X1_Y0_Z-1_mono0_fix1//test20tig_AVDZ// DONE 4.8748181239170645 7.4326969331133075 4.87481984938681 17.182334906417182 4	-0.00010158 -0.00654407 0.00143730 -0.00029815 -0.00124073 0.00057135 -0.00047626
shell0_X0_Y0_Z0_mono0_fix1/shell1_X0_Y0_Z-1_mono1_fix1/shell1_X1_Y0_Z-1_mono1_fix1//test20tig_AVDZ// DONE 4.8748181239170645 7.741652423640553 4.576816950491205 17.193287498048825 2	-0.00405215 0.00029353 0.00010554 0.00030738 -0.00446508 -0.00447150 -0.00446779
shell0_X0_Y0_Z0_mono0_fix1/shell1_X0_Y1_Z-1_mono1_fix1/shell1_X1_Y1_Z-1_mono1_fix1//test20tig_AVDZ// DONE 4.874818245582405 7.7416525542166985 4.576816950491205 17.19328775029031 2	-0.00426706 0.00003085 -0.00026071 0.00035157 -0.00435791 -0.00415539 -0.00427248
shell0_X0_Y0_Z0_mono0_fix1/shell1_X1_Y0_Z-1_mono1_fix1/shell1_X1_Y0_Z0_mono0_fix1//test20tig_AVDZ// DONE 7.741652423640553 4.576817879131266 4.8748181239170645 17.19328842668888 4	-0.00427046 0.00003089 -0.00026072 0.00035339 -0.00436312 -0.00415494 -0.00427530
shell0_X0_Y0_Z0_mono0_fix1/shell1_X0_Y1_Z-1_mono1_fix1/shell1_X-1_Y0_Z0_mono0_fix1//test20tig_AVDZ// DONE 4.874818245582405 4.576817879131266 7.7416525542166985 17.19328867893037 4	-0.00405284 0.00029348 0.00009598 0.00032696 -0.00447579 -0.00447259 -0.00447444
shell0_X0_Y0_Z0_mono0_fix1/shell1_X-1_Y0_Z0_mono0_fix1/shell1_X0_Y1_Z0_mono0_fix1//test20tig_AVDZ// DONE 4.576817879131266 5.834800797021388 7.206164883641014 17.617783559793665 6	0.00248394 -0.00358584 0.00008308 -0.00038041 0.00278128 0.00368186 0.00316121
shell0_X0_Y0_Z0_mono0_fix1/shell1_X-1_Y0_Z0_mono0_fix1/shell1_X-1_Y1_Z0_mono0_fix1//test20tig_AVDZ// DONE 4.576817879131266 7.234555636358268 5.834800797021388 17.646174312510922 6	0.00125033 -0.00304288 0.00089701 -0.00053271 0.00088604 0.00181496 0.00127793
shell0_X0_Y0_Z0_mono0_fix1/shell1_X-1_Y0_Z0_mono0_fix1/shell1_X1_Y0_Z0_mono0_fix1//test20tig_AVDZ// DONE 4.576817879131266 4.576817879131266 8.63133829007425 17.78497404833678 3	-0.00820125 -0.00050403 -0.00074632 0.00044009 -0.00789502 -0.00819904 -0.00802328
shell0_X0_Y0_Z0_mono0_fix1/shell0_X0_Y0_Z0_mono1_fix1/shell1_X0_Y1_Z-1_mono1_fix1//test20tig_AVDZ// DONE 4.832536863788853 4.874818245582405 8.215479171456105 17.922834280827363 2	-0.00395285 -0.00036691 -0.00086189 0.00028577 -0.00337673 -0.00277070 -0.00312106
shell0_X0_Y0_Z0_mono0_fix1/shell1_X0_Y1_Z1_mono0_fix1/shell1_X0_Y1_Z0_mono1_fix1//test20tig_AVDZ// DONE 8.21547938783387 4.8325372673373375 4.8748181239170645 17.92283477908827 4	-0.00395650 -0.00036691 -0.00087084 0.00029509 -0.00338074 -0.00277073 -0.00312339
shell0_X0_Y0_Z0_mono0_fix1/shell1_X-1_Y0_Z-1_mono0_fix1/shell1_X0_Y0_Z-1_mono0_fix1//test20tig_AVDZ// DONE 7.357945972453686 6.052387884674759 4.576817879131266 17.98715173625971 6	0.00215727 -0.00312853 0.00020193 -0.00028766 0.00224300 0.00312086 0.00261334
shell0_X0_Y0_Z0_mono0_fix1/shell0_X0_Y0_Z0_mono1_fix1/shell1_X0_Y-1_Z1_mono0_fix1//test20tig_AVDZ// DONE 4.832536863788853 8.30173601819067 4.874818245582404 18.009091127561927 4	-0.00279439 -0.00013623 -0.00060333 0.00028957 -0.00248063 -0.00239478 -0.00244441
shell0_X0_Y0_Z0_mono0_fix1/shell1_X0_Y0_Z-1_mono1_fix1/shell1_X0_Y1_Z0_mono1_fix1//test20tig_AVDZ// DONE 4.8748181239170645 4.8325372673373375 8.301736003054813 18.009091394309216 2	-0.00278899 -0.00013626 -0.00060485 0.00028782 -0.00247196 -0.00239491 -0.00243946
shell0_X0_Y0_Z0_mono0_fix1/shell1_X0_Y0_Z-1_mono0_fix1/shell1_X1_Y0_Z-1_mono0_fix1//test20tig_AVDZ// DONE 6.052387884674759 7.4326969331133075 4.576817879131266 18.061902696919333 6	0.00120195 -0.00273057 0.00076382 -0.00044063 0.00087877 0.00181747 0.00127478
shell0_X0_Y0_Z0_mono0_fix1/shell0_X0_Y0_Z0_mono1_fix1/shell1_X-1_Y1_Z-1_mono1_fix1//test20tig_AVDZ// DONE 4.832536863788853 4.832541657327352 9.220398664532015 18.88547718564822 1	-0.00583591 0.00100195 0.00441863 -0.00026588 -0.00998867 -0.01018875 -0.01007308
shell0_X0_Y0_Z0_mono0_fix1/shell1_X-1_Y-1_Z-1_mono0_fix1/shell1_X-1_Y0_Z-1_mono1_fix1//test20tig_AVDZ// DONE 9.220399005428119 4.832541803661923 4.8325372673373375 18.88547807642738 2	-0.00585017 0.00100200 0.00440302 -0.00024856 -0.01000462 -0.01018737 -0.01008172
shell0_X0_Y0_Z0_mono0_fix1/shell0_X0_Y0_Z0_mono1_fix1/shell1_X1_Y-1_Z1_mono0_fix1//test20tig_AVDZ// DONE 4.832536863788853 9.295639787140068 4.832541657327352 18.960718308256272 2	-0.00428994 0.00035798 -0.00017623 0.00040696 -0.00452067 -0.00480178 -0.00463927
shell0_X0_Y0_Z0_mono0_fix1/shell1_X-1_Y0_Z-1_mono1_fix1/shell1_X0_Y1_Z0_mono1_fix1//test20tig_AVDZ// DONE 4.832541803661923 4.8325372673373375 9.295639782756695 18.960718853755957 1	-0.00428534 0.00035790 -0.00017140 0.00040557 -0.00451950 -0.00480463 -0.00463979
shell0_X0_Y0_Z0_mono0_fix1/shell1_X0_Y1_Z-1_mono1_fix1/shell1_X-1_Y0_Z0_mono1_fix1//test20tig_AVDZ// DONE 4.874818245582405 4.87481984938681 9.28730372170711 19.036941816676325 1	-0.00634049 -0.00012237 0.00147032 -0.00005717 -0.00775364 -0.00794638 -0.00783495
shell0_X0_Y0_Z0_mono0_fix1/shell1_X0_Y0_Z-1_mono1_fix1/shell1_X1_Y-1_Z-1_mono0_fix1//test20tig_AVDZ// DONE 4.8748181239170645 9.287303895161147 4.874819824994216 19.036941844072427 2	-0.00634062 -0.00012241 0.00146988 -0.00005706 -0.00775344 -0.00794647 -0.00783488
shell0_X0_Y0_Z0_mono0_fix1/shell1_X0_Y0_Z-1_mono1_fix1/shell1_X-1_Y1_Z0_mono1_fix1//test20tig_AVDZ// DONE 4.8748181239170645 4.874819824994216 9.333735696013983 19.083373644925263 1	-0.00361682 0.00012531 -0.00014825 0.00028111 -0.00374969 -0.00393798 -0.00382912
shell0_X0_Y0_Z0_mono0_fix1/shell1_X0_Y1_Z-1_mono1_fix1/shell1_X1_Y1_Z-1_mono0_fix1//test20tig_AVDZ// DONE 4.874818245582405 9.333735909753628 4.87481984938681 19.08337400472284 2	-0.00362025 0.00012536 -0.00014817 0.00028174 -0.00375382 -0.00393392 -0.00382980
shell0_X0_Y0_Z0_mono0_fix1/shell1_X1_Y0_Z0_mono1_fix1/shell1_X0_Y1_Z0_mono1_fix1//test20tig_AVDZ// DONE 7.687882795249494 4.8325372673373375 7.2061641805828875 19.726584243169718 2	0.00145116 -0.00126817 0.00033932 -0.00022450 0.00133634 0.00241446 0.00179117
shell0_X0_Y0_Z0_mono0_fix1/shell0_X0_Y0_Z0_mono1_fix1/shell1_X-1_Y-1_Z0_mono0_fix1//test20tig_AVDZ// DONE 4.832536863788853 7.206164883641014 7.687883006758034 19.7265847541879 4	0.00143872 -0.00126817 0.00032711 -0.00020225 0.00131385 0.00241479 0.00177831
shell0_X0_Y0_Z0_mono0_fix1/shell0_X0_Y0_Z0_mono1_fix1/shell1_X1_Y1_Z0_mono1_fix1//test20tig_AVDZ// DONE 4.832536863788853 7.687883006758034 7.23455534818809 19.754975218734977 2	0.00097442 -0.00131537 0.00043276 -0.00019316 0.00073482 0.00177346 0.00117299
shell0_X0_Y0_Z0_mono0_fix1/shell1_X-1_Y1_Z0_mono0_fix1/shell1_X0_Y1_Z0_mono1_fix1//test20tig_AVDZ// DONE 7.234555636358268 4.8325372673373375 7.687882795249494 19.7549756989451 4	0.00096455 -0.00131540 0.00041557 -0.00017721 0.00072619 0.00177063 0.00116681
shell0_X0_Y0_Z0_mono0_fix1/shell1_X0_Y1_Z-1_mono1_fix1/shell1_X1_Y0_Z-1_mono1_fix1//test20tig_AVDZ// DONE 4.874818245582405 7.741652423640553 7.2061641805828875 19.822634849805848 2	0.00085795 -0.00046271 0.00035132 -0.00012211 0.00062874 0.00114807 0.00084784
shell0_X0_Y0_Z0_mono0_fix1/shell1_X1_Y1_Z-1_mono1_fix1/shell1_X1_Y1_Z0_mono0_fix1//test20tig_AVDZ// DONE 7.7416525542166985 7.206164883641014 4.8748181239170645 19.822635561774774 4	0.00085981 -0.00046268 0.00035325 -0.00012499 0.00063155 0.00114722 0.00084910
shell0_X0_Y0_Z0_mono0_fix1/shell1_X0_Y0_Z-1_mono1_fix1/shell1_X1_Y1_Z-1_mono1_fix1//test20tig_AVDZ// DONE 4.8748181239170645 7.7416525542166985 7.23455534818809 19.851026026321854 2	0.00064567 -0.00039681 0.00002470 -0.00003698 0.00065795 0.00103385 0.00081654
shell0_X0_Y0_Z0_mono0_fix1/shell1_X0_Y1_Z-1_mono1_fix1/shell1_X-1_Y1_Z0_mono0_fix1//test20tig_AVDZ// DONE 4.874818245582405 7.234555636358268 7.741652423640553 19.851026305581225 4	0.00064677 -0.00039682 0.00002607 -0.00003866 0.00065936 0.00103474 0.00081772
shell0_X0_Y0_Z0_mono0_fix1/shell1_X0_Y0_Z-1_mono1_fix1/shell1_X1_Y0_Z0_mono1_fix1//test20tig_AVDZ// DONE 4.8748181239170645 7.687882795249494 7.3579458897229895 19.92064680888955 2	0.00086219 -0.00056620 0.00014674 -0.00012162 0.00083707 0.00127905 0.00102353
shell0_X0_Y0_Z0_mono0_fix1/shell1_X-1_Y0_Z-1_mono0_fix1/shell1_X0_Y0_Z-1_mono1_fix1//test20tig_AVDZ// DONE 7.357945972453686 4.8748181239170645 7.687882795249494 19.920646891620244 4	0.00108588 -0.00106878 0.00047033 -0.00022760 0.00084315 0.00181888 0.00125479
shell0_X0_Y0_Z0_mono0_fix1/shell1_X0_Y1_Z-1_mono1_fix1/shell1_X1_Y1_Z0_mono1_fix1//test20tig_AVDZ// DONE 4.874818245582405 7.687883006758034 7.3579458897229895 19.92064714206343 2	0.00107691 -0.00106877 0.00046671 -0.00022277 0.00083297 0.00181599 0.00124768
shell0_X0_Y0_Z0_mono0_fix1/shell1_X1_Y0_Z1_mono0_fix1/shell1_X1_Y1_Z0_mono1_fix1//test20tig_AVDZ// DONE 7.357945972453686 7.687883006758034 4.874818245582405 19.920647224794124 4	0.00087033 -0.00056618 0.00015414 -0.00013160 0.00084778 0.00128133 0.00103068
shell0_X0_Y0_Z0_mono0_fix1/shell0_X0_Y0_Z0_mono1_fix1/shell1_X0_Y-1_Z0_mono1_fix1//test20tig_AVDZ// DONE 4.832536863788853 9.29807416463103 5.834800273876071 19.965411302295955 2	-0.00160827 0.00020619 -0.00048878 0.00019087 -0.00131036 -0.00131695 -0.00131314
shell0_X0_Y0_Z0_mono0_fix1/shell0_X0_Y0_Z0_mono1_fix1/shell1_X0_Y1_Z0_mono0_fix1//test20tig_AVDZ// DONE 4.832536863788853 5.834800797021388 9.298074164631034 19.965411825441272 4	-0.00295603 -0.00003663 0.00052269 0.00002750 -0.00350622 -0.00365697 -0.00356982
shell0_X0_Y0_Z0_mono0_fix1/shell1_X0_Y1_Z0_mono1_fix1/shell2_X0_Y2_Z0_mono1_fix1//test20tig_AVDZ// DONE 4.8325372673373375 9.298074429663075 5.83480027387607 19.96541197087648 2	-0.00295654 -0.00003666 0.00052305 0.00002645 -0.00350604 -0.00365637 -0.00356946
shell0_X0_Y0_Z0_mono0_fix1/shell1_X0_Y1_Z0_mono0_fix1/shell2_X0_Y2_Z0_mono1_fix1//test20tig_AVDZ// DONE 5.834800797021388 9.298074429663075 4.8325372673373375 19.9654124940218 4	-0.00159309 0.00020618 -0.00046371 0.00016134 -0.00129072 -0.00131485 -0.00130090
shell0_X0_Y0_Z0_mono0_fix1/shell0_X0_Y0_Z0_mono1_fix1/shell1_X1_Y0_Z-1_mono1_fix1//test20tig_AVDZ// DONE 4.832536863788853 7.741652423640553 7.4326967908791595 20.006886078308565 2	0.00063494 -0.00036128 0.00017703 -0.00006007 0.00051798 0.00089433 0.00067675
shell0_X0_Y0_Z0_mono0_fix1/shell0_X0_Y0_Z0_mono1_fix1/shell1_X-1_Y0_Z1_mono0_fix1//test20tig_AVDZ// DONE 4.832536863788853 7.4326969331133075 7.741652423640553 20.006886220542714 4	0.00095075 -0.00095003 0.00009377 -0.00007837 0.00093535 0.00187156 0.00133032
shell0_X0_Y0_Z0_mono0_fix1/shell1_X1_Y1_Z-1_mono1_fix1/shell1_X0_Y1_Z0_mono1_fix1//test20tig_AVDZ// DONE 7.7416525542166985 4.8325372673373375 7.4326967908791595 20.006886612433195 2	0.00094765 -0.00095001 0.00008866 -0.00007411 0.00093310 0.00186815 0.00132757
shell0_X0_Y0_Z0_mono0_fix1/shell1_X1_Y0_Z-1_mono0_fix1/shell1_X1_Y1_Z-1_mono1_fix1//test20tig_AVDZ// DONE 7.4326969331133075 7.7416525542166985 4.8325372673373375 20.00688675466734 4	0.00063574 -0.00036123 0.00017319 -0.00006524 0.00052780 0.00089487 0.00068266
shell0_X0_Y0_Z0_mono0_fix1/shell1_X0_Y-1_Z-1_mono1_fix1/shell1_X0_Y0_Z-1_mono1_fix1//test20tig_AVDZ// DONE 9.311075872665427 4.8748181239170645 5.83480027387607 20.020694270458563 2	-0.00258718 -0.00011039 -0.00028242 0.00011628 -0.00242104 -0.00261268 -0.00250189
shell0_X0_Y0_Z0_mono0_fix1/shell1_X0_Y1_Z-1_mono1_fix1/shell2_X0_Y2_Z-1_mono1_fix1//test20tig_AVDZ// DONE 4.874818245582405 9.311076021291033 5.83480027387607 20.02069454074951 2	-0.00155641 0.00001481 -0.00047231 0.00016396 -0.00124807 -0.00129002 -0.00126577
shell0_X0_Y0_Z0_mono0_fix1/shell1_X0_Y-1_Z-1_mono1_fix1/shell1_X0_Y-1_Z0_mono0_fix1//test20tig_AVDZ// DONE 9.311075872665427 5.83480079702139 4.8748181239170645 20.02069479360388 4	-0.00155943 0.00001479 -0.00047053 0.00016096 -0.00124987 -0.00128378 -0.00126417
shell0_X0_Y0_Z0_mono0_fix1/shell1_X0_Y1_Z-1_mono1_fix1/shell1_X0_Y-1_Z0_mono0_fix1//test20tig_AVDZ// DONE 4.874818245582405 5.83480079702139 9.311076021291033 20.020695063894827 4	-0.00258066 -0.00011041 -0.00027677 0.00010906 -0.00241295 -0.00261016 -0.00249615
shell0_X0_Y0_Z0_mono0_fix1/shell1_X0_Y-1_Z-1_mono0_fix1/shell1_X0_Y0_Z-1_mono0_fix1//test20tig_AVDZ// DONE 8.21547938783387 6.052387884674759 5.834800797021388 20.102668069530015 6	0.00067899 0.00056482 -0.00008876 0.00001491 0.00075283 0.00073744 0.00074634
shell0_X0_Y0_Z0_mono0_fix1/shell1_X0_Y0_Z-1_mono0_fix1/shell1_X0_Y1_Z-1_mono0_fix1//test20tig_AVDZ// DONE 6.052387884674759 8.30173601819067 5.834800797021388 20.188924699886815 6	-0.00087508 -0.00006336 -0.00015759 0.00005556 -0.00077306 -0.00085742 -0.00080865
shell0_X0_Y0_Z0_mono0_fix1/shell1_X0_Y0_Z1_mono0_fix1/shell1_X0_Y0_Z1_mono1_fix1//test20tig_AVDZ// DONE 6.052387884674758 9.557279214796873 4.832536863788853 20.442203963260482 4	-0.00230181 -0.00033233 -0.00010802 -0.00000076 -0.00219303 -0.00238748 -0.00227506
shell0_X0_Y0_Z0_mono0_fix1/shell0_X0_Y0_Z0_mono1_fix1/shell1_X0_Y0_Z1_mono1_fix1//test20tig_AVDZ// DONE 4.832536863788853 9.557279214796873 6.052388083568135 20.44220416215386 2	-0.00127424 0.00012018 -0.00057452 0.00018148 -0.00088120 -0.00097402 -0.00092036
shell0_X0_Y0_Z0_mono0_fix1/shell1_X0_Y0_Z-1_mono0_fix1/shell1_X0_Y1_Z0_mono1_fix1//test20tig_AVDZ// DONE 6.052387884674759 4.8325372673373375 9.557279331757533 20.44220448376963 4	-0.00127486 0.00012020 -0.00057215 0.00018008 -0.00088279 -0.00097081 -0.00091992
shell0_X0_Y0_Z0_mono0_fix1/shell1_X0_Y1_Z1_mono1_fix1/shell1_X0_Y1_Z0_mono1_fix1//test20tig_AVDZ// DONE 9.557279331757533 4.8325372673373375 6.052388083568137 20.442204682663007 2	-0.00229666 -0.00033232 -0.00009957 -0.00000991 -0.00218719 -0.00238650 -0.00227128
shell0_X0_Y0_Z0_mono0_fix1/shell1_X0_Y0_Z-1_mono0_fix1/shell2_X0_Y0_Z-2_mono1_fix1//test20tig_AVDZ// DONE 6.052387884674759 9.594444158397373 4.8748181239170645 20.521650166989197 4	-0.00107593 0.00004250 -0.00016953 0.00008534 -0.00099175 -0.00101848 -0.00100302
shell0_X0_Y0_Z0_mono0_fix1/shell1_X0_Y0_Z-1_mono0_fix1/shell2_X0_Y1_Z-2_mono1_fix1//test20tig_AVDZ// DONE 6.052387884674759 9.594444174651146 4.874818245582405 20.521650304908313 4	-0.00197684 0.00004899 0.00009960 0.00008971 -0.00216615 -0.00227745 -0.00221310
shell0_X0_Y0_Z0_mono0_fix1/shell1_X0_Y0_Z-1_mono1_fix1/shell2_X0_Y0_Z-2_mono1_fix1//test20tig_AVDZ// DONE 4.8748181239170645 9.594444158397373 6.052388083568137 20.521650365882575 2	-0.00194432 0.00004893 0.00014647 0.00004029 -0.00213109 -0.00227875 -0.00219338
shell0_X0_Y0_Z0_mono0_fix1/shell1_X0_Y1_Z-1_mono1_fix1/shell2_X0_Y1_Z-2_mono1_fix1//test20tig_AVDZ// DONE 4.874818245582405 9.594444174651146 6.052388083568137 20.521650503801688 2	-0.00107820 0.00004249 -0.00017063 0.00008725 -0.00099482 -0.00101779 -0.00100451
shell0_X0_Y0_Z0_mono0_fix1/shell1_X-1_Y0_Z0_mono1_fix1/shell1_X1_Y0_Z0_mono1_fix1//test20tig_AVDZ// DONE 4.87481984938681 7.687882795249494 8.631337775704774 21.194040420341075 2	0.00019233 -0.00008934 0.00012367 -0.00002679 0.00009545 0.00022919 0.00015187
shell0_X0_Y0_Z0_mono0_fix1/shell1_X-1_Y1_Z0_mono1_fix1/shell1_X1_Y1_Z0_mono1_fix1//test20tig_AVDZ// DONE 4.874819824994216 7.687883006758034 8.631337775704774 21.194040607457026 2	0.00043273 -0.00003332 0.00010307 -0.00001811 0.00034777 0.00048180 0.00040431
shell0_X0_Y0_Z0_mono0_fix1/shell1_X-1_Y0_Z0_mono1_fix1/shell2_X-2_Y0_Z0_mono0_fix1//test20tig_AVDZ// DONE 4.87481984938681 8.63133829007425 7.687882795249494 21.194040934710554 4	0.00042897 -0.00003334 0.00009727 -0.00001182 0.00034353 0.00048599 0.00040363
shell0_X0_Y0_Z0_mono0_fix1/shell1_X-1_Y1_Z0_mono1_fix1/shell2_X-2_Y0_Z0_mono0_fix1//test20tig_AVDZ// DONE 4.874819824994216 8.63133829007425 7.687883006758034 21.1940411218265 4	0.00019203 -0.00008934 0.00012212 -0.00002698 0.00009689 0.00022927 0.00015273
shell0_X0_Y0_Z0_mono0_fix1/shell1_X-1_Y1_Z-1_mono1_fix1/shell1_X1_Y1_Z-1_mono1_fix1//test20tig_AVDZ// DONE 4.832541657327352 7.7416525542166985 8.631337775704774 21.205531987248825 2	0.00033621 -0.00003297 0.00012753 -0.00003269 0.00024138 0.00040970 0.00031239
shell0_X0_Y0_Z0_mono0_fix1/shell1_X-1_Y0_Z-1_mono1_fix1/shell1_X1_Y0_Z-1_mono1_fix1//test20tig_AVDZ// DONE 4.832541803661923 7.741652423640553 8.631337775704774 21.20553200300725 2	0.00049160 -0.00003841 0.00012190 -0.00002177 0.00039147 0.00063678 0.00049496
shell0_X0_Y0_Z0_mono0_fix1/shell1_X-1_Y1_Z-1_mono1_fix1/shell2_X-2_Y0_Z0_mono0_fix1//test20tig_AVDZ// DONE 4.832541657327352 8.63133829007425 7.7416525542166985 21.2055325016183 4	0.00047800 -0.00003838 0.00011287 -0.00001070 0.00037584 0.00064250 0.00048834
shell0_X0_Y0_Z0_mono0_fix1/shell1_X-1_Y0_Z-1_mono1_fix1/shell2_X-2_Y0_Z0_mono0_fix1//test20tig_AVDZ// DONE 4.832541803661923 8.63133829007425 7.741652423640553 21.205532517376724 4	0.00032839 -0.00003298 0.00013125 -0.00002409 0.00022123 0.00040535 0.00029891
shell0_X0_Y0_Z0_mono0_fix1/shell1_X1_Y0_Z0_mono1_fix1/shell1_X1_Y1_Z0_mono1_fix1//test20tig_AVDZ// DONE 7.687882795249494 7.687883006758034 5.83480027387607 21.210566075883598 2	0.00041660 -0.00034915 0.00012713 -0.00008322 0.00037268 0.00072356 0.00052071
shell0_X0_Y0_Z0_mono0_fix1/shell1_X1_Y1_Z0_mono1_fix1/shell1_X0_Y1_Z0_mono0_fix1//test20tig_AVDZ// DONE 7.687883006758034 5.834800797021388 7.687882795249494 21.210566599028915 4	0.00041938 -0.00034916 0.00013303 -0.00008933 0.00037568 0.00072377 0.00052253
shell0_X0_Y0_Z0_mono0_fix1/shell1_X1_Y0_Z-1_mono1_fix1/shell1_X1_Y1_Z-1_mono1_fix1//test20tig_AVDZ// DONE 7.741652423640553 7.7416525542166985 5.83480027387607 21.31810525173332 2	0.00030796 -0.00003917 0.00003960 0.00000548 0.00026287 0.00034490 0.00029748
shell0_X0_Y0_Z0_mono0_fix1/shell1_X1_Y1_Z-1_mono1_fix1/shell1_X0_Y1_Z0_mono0_fix1//test20tig_AVDZ// DONE 7.7416525542166985 5.834800797021388 7.741652423640553 21.31810577487864 4	0.00032008 -0.00003911 0.00005598 -0.00001483 0.00027892 0.00034511 0.00030684
shell0_X0_Y0_Z0_mono0_fix1/shell1_X0_Y1_Z0_mono1_fix1/shell2_X-1_Y2_Z0_mono1_fix1//test20tig_AVDZ// DONE 4.8325372673373375 9.311076854260124 7.2061641805828875 21.34977830218035 2	0.00004393 -0.00025186 0.00006340 -0.00001171 -0.00000776 0.00046367 0.00019113
shell0_X0_Y0_Z0_mono0_fix1/shell0_X0_Y0_Z0_mono1_fix1/shell1_X1_Y1_Z0_mono0_fix1//test20tig_AVDZ// DONE 4.832536863788853 7.206164883641014 9.311076743517448 21.349778490947315 4	0.00003350 -0.00025186 0.00006193 -0.00001326 -0.00001517 0.00046527 0.00018751
shell0_X0_Y0_Z0_mono0_fix1/shell0_X0_Y0_Z0_mono1_fix1/shell1_X-1_Y-1_Z0_mono1_fix1//test20tig_AVDZ// DONE 4.832536863788853 9.311076743517448 7.23455534818809 21.37816895549439 2	0.00029048 0.00008938 -0.00004333 0.00001472 0.00031909 0.00042519 0.00036386
shell0_X0_Y0_Z0_mono0_fix1/shell1_X-1_Y1_Z0_mono0_fix1/shell2_X-1_Y2_Z0_mono1_fix1//test20tig_AVDZ// DONE 7.234555636358268 9.311076854260124 4.8325372673373375 21.378169757955728 4	0.00028439 0.00008940 -0.00005093 0.00002461 0.00031070 0.00041964 0.00035666
shell0_X0_Y0_Z0_mono0_fix1/shell1_X-1_Y0_Z0_mono1_fix1/shell1_X0_Y-1_Z0_mono1_fix1//test20tig_AVDZ// DONE 4.87481984938681 9.29807416463103 7.2061641805828875 21.379058194600727 2	0.00016638 -0.00002839 -0.00011433 0.00002413 0.00025658 0.00039852 0.00031646
shell0_X0_Y0_Z0_mono0_fix1/shell1_X-1_Y-1_Z0_mono0_fix1/shell1_X-1_Y1_Z0_mono1_fix1//test20tig_AVDZ// DONE 7.206164883641014 4.874819824994216 9.298074429663075 21.379059138298302 4	0.00014747 -0.00002839 -0.00013767 0.00004932 0.00023582 0.00039842 0.00030441
shell0_X0_Y0_Z0_mono0_fix1/shell1_X-1_Y1_Z0_mono1_fix1/shell2_X0_Y2_Z0_mono1_fix1//test20tig_AVDZ// DONE 4.874819824994216 9.298074429663075 7.23455534818809 21.407449602845382 2	0.00031145 -0.00003718 0.00010954 -0.00005586 0.00025776 0.00031150 0.00028043
shell0_X0_Y0_Z0_mono0_fix1/shell1_X1_Y-1_Z0_mono0_fix1/shell1_X0_Y-1_Z0_mono1_fix1//test20tig_AVDZ// DONE 7.234555636358268 9.29807416463103 4.87481984938681 21.40744965037611 4	0.00030071 -0.00003720 0.00010264 -0.00004669 0.00024476 0.00031369 0.00027384
shell0_X0_Y0_Z0_mono0_fix1/shell1_X0_Y0_Z1_mono0_fix1/shell1_X1_Y0_Z0_mono1_fix1//test20tig_AVDZ// DONE 6.052387884674758 7.687882795249494 7.741652423640553 21.481923103564803 4	0.00047235 -0.00024743 0.00013390 -0.00007504 0.00041349 0.00067822 0.00052517
shell0_X0_Y0_Z0_mono0_fix1/shell1_X1_Y0_Z-1_mono1_fix1/shell1_X1_Y0_Z0_mono1_fix1//test20tig_AVDZ// DONE 7.741652423640553 7.687882795249494 6.052388083568135 21.48192330245818 2	0.00029754 -0.00008477 0.00000111 -0.00000295 0.00029937 0.00032141 0.00030866
shell0_X0_Y0_Z0_mono0_fix1/shell1_X0_Y0_Z-1_mono0_fix1/shell1_X1_Y1_Z-1_mono1_fix1//test20tig_AVDZ// DONE 6.052387884674759 7.7416525542166985 7.687883006758034 21.481923445649493 4	0.00031306 -0.00008477 0.00001852 -0.00002991 0.00032444 0.00032138 0.00032315
shell0_X0_Y0_Z0_mono0_fix1/shell1_X1_Y1_Z-1_mono1_fix1/shell1_X1_Y1_Z0_mono1_fix1//test20tig_AVDZ// DONE 7.7416525542166985 7.687883006758034 6.052388083568135 21.481923644542867 2	0.00046504 -0.00024743 0.00012364 -0.00006457 0.00040597 0.00067773 0.00052061
shell0_X0_Y0_Z0_mono0_fix1/shell1_X0_Y1_Z-1_mono1_fix1/shell1_X1_Y0_Z0_mono1_fix1//test20tig_AVDZ// DONE 4.874818245582405 7.687882795249494 9.220398664532015 21.783099705363917 2	0.00041549 -0.00008794 -0.00010608 0.00001523 0.00050634 0.00079361 0.00062753
shell0_X0_Y0_Z0_mono0_fix1/shell1_X1_Y1_Z1_mono0_fix1/shell1_X1_Y1_Z0_mono1_fix1//test20tig_AVDZ// DONE 9.220399005428119 7.687883006758034 4.8748181239170645 21.783100136103215 4	0.00040284 -0.00008794 -0.00012293 0.00003965 0.00048612 0.00079332 0.00061572
shell0_X0_Y0_Z0_mono0_fix1/shell1_X0_Y0_Z1_mono1_fix1/shell1_X-1_Y0_Z0_mono1_fix1//test20tig_AVDZ// DONE 9.557279214796873 4.87481984938681 7.3579458897229895 21.790044953906673 2	0.00019420 0.00008395 -0.00003004 0.00001748 0.00020676 0.00022884 0.00021608
shell0_X0_Y0_Z0_mono0_fix1/shell1_X-1_Y0_Z-1_mono0_fix1/shell1_X-1_Y0_Z0_mono1_fix1//test20tig_AVDZ// DONE 7.357945972453686 4.87481984938681 9.557279214796873 21.79004503663737 4	0.00003816 -0.00015410 -0.00002488 0.00000586 0.00005717 0.00031006 0.00016386
shell0_X0_Y0_Z0_mono0_fix1/shell1_X0_Y1_Z1_mono1_fix1/shell1_X-1_Y1_Z0_mono1_fix1//test20tig_AVDZ// DONE 9.557279331757533 4.874819824994216 7.3579458897229895 21.790045046474738 2	0.00003126 -0.00015417 -0.00003509 0.00001807 0.00004827 0.00030978 0.00015860
shell0_X0_Y0_Z0_mono0_fix1/shell1_X-1_Y0_Z-1_mono0_fix1/shell1_X-1_Y1_Z0_mono1_fix1//test20tig_AVDZ// DONE 7.357945972453686 4.874819824994216 9.557279331757533 21.790045129205435 4	0.00019425 0.00008394 -0.00004841 0.00003484 0.00020783 0.00021625 0.00021138
shell0_X0_Y0_Z0_mono0_fix1/shell1_X1_Y-1_Z1_mono0_fix1/shell1_X1_Y0_Z0_mono1_fix1//test20tig_AVDZ// DONE 9.295639787140068 7.687882795249494 4.874818245582405 21.858340827971965 4	0.00011173 -0.00002669 -0.00004438 0.00001612 0.00014000 0.00017036 0.00015281
shell0_X0_Y0_Z0_mono0_fix1/shell1_X0_Y0_Z-1_mono1_fix1/shell1_X1_Y1_Z0_mono1_fix1//test20tig_AVDZ// DONE 4.8748181239170645 7.687883006758034 9.295639782756695 21.858340913431793 2	0.00012759 -0.00002668 -0.00002171 -0.00001051 0.00015981 0.00017239 0.00016512
shell0_X0_Y0_Z0_mono0_fix1/shell0_X0_Y0_Z0_mono1_fix1/shell1_X-1_Y0_Z1_mono1_fix1//test20tig_AVDZ// DONE 4.832536863788853 9.594443387322988 7.4326967908791595 21.859677041991 2	0.00018848 0.00004190 -0.00007019 0.00002360 0.00023507 0.00035635 0.00028623
shell0_X0_Y0_Z0_mono0_fix1/shell0_X0_Y0_Z0_mono1_fix1/shell1_X1_Y0_Z-1_mono0_fix1//test20tig_AVDZ// DONE 4.832536863788853 7.4326969331133075 9.594443387322988 21.85967718422515 4	0.00019294 -0.00003566 0.00009616 -0.00007056 0.00016734 0.00014398 0.00015749
shell0_X0_Y0_Z0_mono0_fix1/shell1_X-1_Y1_Z1_mono1_fix1/shell1_X0_Y1_Z0_mono1_fix1//test20tig_AVDZ// DONE 9.594443452897366 4.8325372673373375 7.4326967908791595 21.859677511113862 2	0.00017885 -0.00003566 0.00009010 -0.00006339 0.00015214 0.00015622 0.00015386
shell0_X0_Y0_Z0_mono0_fix1/shell1_X-1_Y0_Z1_mono0_fix1/shell1_X-1_Y1_Z1_mono1_fix1//test20tig_AVDZ// DONE 7.4326969331133075 9.594443452897366 4.8325372673373375 21.859677653348008 4	0.00018715 0.00004190 -0.00007147 0.00002532 0.00023329 0.00035573 0.00028494
shell0_X0_Y0_Z0_mono0_fix1/shell0_X0_Y0_Z0_mono1_fix1/shell1_X1_Y1_Z-1_mono1_fix1//test20tig_AVDZ// DONE 4.832536863788853 7.7416525542166985 9.28730372170711 21.861493139712664 2	0.00025753 -0.00015405 -0.00009040 0.00000910 0.00033883 0.00069358 0.00048849
shell0_X0_Y0_Z0_mono0_fix1/shell1_X1_Y-1_Z-1_mono0_fix1/shell1_X1_Y0_Z-1_mono1_fix1//test20tig_AVDZ// DONE 9.287303895161147 7.741652423640553 4.8325372673373375 21.861493586139037 4	0.00026708 -0.00015402 -0.00008020 -0.00000223 0.00034951 0.00069368 0.00049471
shell0_X0_Y0_Z0_mono0_fix1/shell0_X0_Y0_Z0_mono1_fix1/shell1_X-1_Y-1_Z1_mono0_fix1//test20tig_AVDZ// DONE 4.832536863788853 9.333735909753628 7.7416525542166985 21.90792532775918 4	0.00015628 -0.00000592 -0.00004648 0.00002501 0.00017775 0.00023031 0.00019992
shell0_X0_Y0_Z0_mono0_fix1/shell1_X1_Y0_Z-1_mono1_fix1/shell1_X0_Y1_Z0_mono1_fix1//test20tig_AVDZ// DONE 7.741652423640553 4.8325372673373375 9.333735696013983 21.907925386991874 2	0.00015597 -0.00000589 -0.00004865 0.00002809 0.00017652 0.00022764 0.00019809
shell0_X0_Y0_Z0_mono0_fix1/shell1_X-1_Y-1_Z-1_mono0_fix1/shell1_X0_Y-1_Z-1_mono0_fix1//test20tig_AVDZ// DONE 9.220399005428119 8.21547938783387 4.576817879131266 22.012696272393253 6	0.00047007 0.00010977 -0.00011521 0.00003068 0.00055460 0.00062714 0.00058520
shell0_X0_Y0_Z0_mono0_fix1/shell1_X-1_Y-1_Z0_mono0_fix1/shell1_X1_Y0_Z0_mono0_fix1//test20tig_AVDZ// DONE 7.206164883641014 4.576817879131266 10.281259045415679 22.06424180818796 6	-0.00037748 -0.00006541 0.00005116 -0.00001893 -0.00040972 -0.00040051 -0.00040583
shell0_X0_Y0_Z0_mono0_fix1/shell1_X0_Y-1_Z-1_mono0_fix1/shell1_X-1_Y0_Z0_mono0_fix1//test20tig_AVDZ// DONE 8.21547938783387 4.576817879131266 9.287303895161147 22.07960116212628 6	0.00024247 0.00001534 0.00003476 -0.00001334 0.00022104 0.00027141 0.00024229
shell0_X0_Y0_Z0_mono0_fix1/shell1_X-1_Y0_Z0_mono0_fix1/shell1_X1_Y-1_Z0_mono0_fix1//test20tig_AVDZ// DONE 4.576817879131266 7.234555636358268 10.301594281051562 22.112967796541096 6	-0.00047040 0.00000373 -0.00007516 0.00002197 -0.00041721 -0.00046187 -0.00043605
shell0_X0_Y0_Z0_mono0_fix1/shell1_X-1_Y1_Z-1_mono0_fix1/shell1_X0_Y1_Z-1_mono0_fix1//test20tig_AVDZ// DONE 9.295639787140068 8.30173601819067 4.576817879131266 22.174193684462004 6	0.00021885 -0.00002738 -0.00000548 -0.00000083 0.00022516 0.00027030 0.00024420
shell0_X0_Y0_Z0_mono0_fix1/shell1_X0_Y1_Z-1_mono0_fix1/shell1_X1_Y1_Z-1_mono0_fix1//test20tig_AVDZ// DONE 8.30173601819067 9.333735909753628 4.576817879131266 22.212289807075564 6	0.00020607 -0.00002516 -0.00000325 0.00000064 0.00020867 0.00026152 0.00023097
shell0_X0_Y0_Z0_mono0_fix1/shell1_X-1_Y0_Z-1_mono0_fix1/shell1_X1_Y0_Z0_mono0_fix1//test20tig_AVDZ// DONE 7.357945972453686 4.576817879131266 10.370397658874877 22.30516151045983 6	-0.00030085 -0.00005647 0.00004039 -0.00000857 -0.00033267 -0.00031049 -0.00032331
shell0_X0_Y0_Z0_mono0_fix1/shell1_X0_Y-1_Z-1_mono0_fix1/shell1_X0_Y-1_Z-1_mono1_fix1//test20tig_AVDZ// DONE 8.21547938783387 9.311075872665427 4.832536863788853 22.35909212428815 4	0.00032368 0.00004681 -0.00001739 0.00000849 0.00033258 0.00046489 0.00038840
shell0_X0_Y0_Z0_mono0_fix1/shell1_X0_Y1_Z0_mono1_fix1/shell2_X0_Y2_Z-1_mono1_fix1//test20tig_AVDZ// DONE 4.8325372673373375 9.311076021291033 8.215479171456105 22.359092460084476 2	0.00032546 0.00004678 -0.00001459 0.00000343 0.00033662 0.00046483 0.00039071
shell0_X0_Y0_Z0_mono0_fix1/shell1_X0_Y0_Z-1_mono1_fix1/shell1_X0_Y-1_Z0_mono1_fix1//test20tig_AVDZ// DONE 4.8748181239170645 9.29807416463103 8.215479171456103 22.388371460004198 2	0.00042363 0.00002629 -0.00003135 0.00001568 0.00043929 0.00060781 0.00051038
shell0_X0_Y0_Z0_mono0_fix1/shell1_X0_Y-1_Z-1_mono0_fix1/shell1_X0_Y1_Z-1_mono1_fix1//test20tig_AVDZ// DONE 8.21547938783387 4.874818245582405 9.298074429663075 22.388372063079352 4	0.00043209 0.00002633 -0.00002993 0.00001136 0.00045066 0.00060283 0.00051486
shell0_X0_Y0_Z0_mono0_fix1/shell1_X-1_Y-1_Z-1_mono0_fix1/shell1_X-1_Y0_Z-1_mono0_fix1//test20tig_AVDZ// DONE 9.220399005428119 7.357945972453686 5.834800797021388 22.413145774903192 6	0.00026865 0.00007772 -0.00004496 0.00002603 0.00028757 0.00031329 0.00029842
shell0_X0_Y0_Z0_mono0_fix1/shell0_X0_Y0_Z0_mono1_fix1/shell1_X0_Y-1_Z-1_mono1_fix1//test20tig_AVDZ// DONE 4.832536863788853 9.311075872665427 8.301736003054815 22.445348739509093 2	0.00022051 -0.00001073 0.00003039 0.00001543 0.00017470 0.00037174 0.00025782
shell0_X0_Y0_Z0_mono0_fix1/shell1_X0_Y1_Z-1_mono0_fix1/shell2_X0_Y2_Z-1_mono1_fix1//test20tig_AVDZ// DONE 8.30173601819067 9.311076021291033 4.8325372673373375 22.44534930681904 4	0.00023726 -0.00001072 0.00004425 -0.00000226 0.00019528 0.00036911 0.00026861
shell0_X0_Y0_Z0_mono0_fix1/shell1_X1_Y0_Z-1_mono0_fix1/shell2_X2_Y0_Z-1_mono0_fix1//test20tig_AVDZ// DONE 7.4326969331133075 10.458272455392859 4.576817879131266 22.46778726763743 6	-0.00037078 0.00000598 -0.00005402 -0.00000301 -0.00031376 -0.00038378 -0.00034330
shell0_X0_Y0_Z0_mono0_fix1/shell1_X0_Y-1_Z1_mono0_fix1/shell1_X0_Y-1_Z0_mono1_fix1//test20tig_AVDZ// DONE 8.30173601819067 9.29807416463103 4.8748181239170645 22.474628306738765 4	0.00030307 -0.00002030 0.00006042 -0.00002480 0.00026745 0.00035760 0.00030548
shell0_X0_Y0_Z0_mono0_fix1/shell1_X0_Y1_Z-1_mono1_fix1/shell2_X0_Y2_Z0_mono1_fix1//test20tig_AVDZ// DONE 4.874818245582405 9.298074429663075 8.301736003054813 22.47462867830029 2	0.00026471 -0.00002028 0.00003290 0.00002079 0.00021102 0.00036152 0.00027451
shell0_X0_Y0_Z0_mono0_fix1/shell1_X-1_Y-1_Z-1_mono0_fix1/shell1_X-1_Y-1_Z0_mono0_fix1//test20tig_AVDZ// DONE 9.220399005428119 7.206164883641014 6.052387884674758 22.47895177374389 6	0.00025955 0.00006631 -0.00003460 0.00002365 0.00027050 0.00031887 0.00029091
shell0_X0_Y0_Z0_mono0_fix1/shell1_X-1_Y0_Z-1_mono0_fix1/shell1_X-1_Y1_Z-1_mono0_fix1//test20tig_AVDZ// DONE 7.357945972453686 9.295639787140068 5.834800797021388 22.48838655661514 6	-0.00005339 -0.00001241 0.00005040 -0.00001115 -0.00009265 -0.00010379 -0.00009735
shell0_X0_Y0_Z0_mono0_fix1/shell1_X1_Y-1_Z-1_mono0_fix1/shell1_X1_Y0_Z-1_mono0_fix1//test20tig_AVDZ// DONE 9.287303895161147 7.4326969331133075 5.834800797021388 22.55480162529584 6	0.00020108 0.00004580 -0.00004569 0.00003197 0.00021480 0.00023567 0.00022360
shell0_X0_Y0_Z0_mono0_fix1/shell1_X1_Y-1_Z-1_mono0_fix1/shell1_X1_Y-1_Z0_mono0_fix1//test20tig_AVDZ// DONE 9.287303895161147 7.234555636358268 6.052387884674758 22.574247416194172 6	0.00024184 0.00004960 -0.00001947 0.00000600 0.00025531 0.00024499 0.00025096
shell0_X0_Y0_Z0_mono0_fix1/shell1_X-1_Y1_Z-1_mono0_fix1/shell1_X0_Y0_Z-1_mono0_fix1//test20tig_AVDZ// DONE 9.295639787140068 6.052387884674759 7.234555636358268 22.582583308173092 6	0.00004719 -0.00001745 0.00001072 -0.00001137 0.00004784 0.00001486 0.00003393
shell0_X0_Y0_Z0_mono0_fix1/shell1_X0_Y0_Z-1_mono0_fix1/shell1_X1_Y1_Z-1_mono0_fix1//test20tig_AVDZ// DONE 6.052387884674759 9.333735909753628 7.206164883641014 22.5922886780694 6	-0.00001645 -0.00000940 0.00003899 -0.00000954 -0.00004590 -0.00007121 -0.00005657
shell0_X0_Y0_Z0_mono0_fix1/shell1_X1_Y0_Z-1_mono0_fix1/shell1_X1_Y1_Z-1_mono0_fix1//test20tig_AVDZ// DONE 7.4326969331133075 9.333735909753628 5.834800797021388 22.60123363988832 6	0.00001318 -0.00001637 0.00000022 0.00000065 0.00001231 -0.00002814 -0.00000475
shell0_X0_Y0_Z0_mono0_fix1/shell1_X0_Y1_Z1_mono0_fix1/shell1_X0_Y1_Z1_mono1_fix1//test20tig_AVDZ// DONE 8.21547938783387 9.557279331757533 4.832536863788853 22.605295583380254 4	0.00024204 0.00005107 -0.00001849 0.00002393 0.00023659 0.00037098 0.00029329
shell0_X0_Y0_Z0_mono0_fix1/shell1_X0_Y0_Z1_mono1_fix1/shell1_X0_Y1_Z0_mono1_fix1//test20tig_AVDZ// DONE 9.557279214796873 4.8325372673373375 8.215479171456105 22.605295653590318 2	0.00025058 0.00005107 -0.00001871 0.00002121 0.00024808 0.00036957 0.00029933
shell0_X0_Y0_Z0_mono0_fix1/shell1_X0_Y0_Z-1_mono1_fix1/shell2_X0_Y1_Z-2_mono1_fix1//test20tig_AVDZ// DONE 4.8748181239170645 9.594444174651146 8.215479171456105 22.684741470024314 2	0.00025430 0.00000094 0.00003695 -0.00000329 0.00022064 0.00034505 0.00027312
shell0_X0_Y0_Z0_mono0_fix1/shell1_X0_Y-1_Z-1_mono0_fix1/shell2_X0_Y0_Z-2_mono1_fix1//test20tig_AVDZ// DONE 8.21547938783387 9.594444158397373 4.874818245582405 22.68474179181365 4	0.00025469 0.00000090 0.00004214 -0.00000930 0.00022185 0.00034516 0.00027387
shell0_X0_Y0_Z0_mono0_fix1/shell0_X0_Y0_Z0_mono1_fix1/shell1_X0_Y1_Z1_mono1_fix1//test20tig_AVDZ// DONE 4.832536863788853 9.557279331757533 8.301736003054813 22.6915521986012 2	0.00025612 0.00004069 0.00007831 -0.00000294 0.00018075 0.00028280 0.00022380
shell0_X0_Y0_Z0_mono0_fix1/shell1_X0_Y1_Z-1_mono0_fix1/shell1_X0_Y1_Z0_mono1_fix1//test20tig_AVDZ// DONE 8.30173601819067 4.8325372673373375 9.557279214796873 22.69155250032488 4	0.00025583 0.00004069 0.00007620 -0.00000160 0.00018123 0.00028093 0.00022329
shell0_X0_Y0_Z0_mono0_fix1/shell1_X0_Y0_Z-1_mono1_fix1/shell1_X0_Y-1_Z1_mono0_fix1//test20tig_AVDZ// DONE 4.8748181239170645 8.30173601819067 9.59444417465115 22.770998316758885 4	0.00017892 -0.00007556 -0.00001449 0.00000737 0.00018604 0.00032880 0.00024627
shell0_X0_Y0_Z0_mono0_fix1/shell1_X0_Y1_Z-1_mono1_fix1/shell2_X0_Y0_Z-2_mono1_fix1//test20tig_AVDZ// DONE 4.874818245582405 9.594444158397373 8.301736003054815 22.770998407034593 2	0.00017777 -0.00007554 -0.00001374 0.00000651 0.00018500 0.00033031 0.00024630
shell0_X0_Y0_Z0_mono0_fix1/shell1_X-1_Y0_Z-1_mono0_fix1/shell1_X0_Y-1_Z-1_mono0_fix1//test20tig_AVDZ// DONE 7.357945972453686 8.21547938783387 7.234555636358268 22.807980996645824 6	0.00031901 0.00000461 0.00005521 -0.00001661 0.00028042 0.00036969 0.00031808
shell0_X0_Y0_Z0_mono0_fix1/shell1_X-1_Y1_Z0_mono1_fix1/shell1_X1_Y0_Z0_mono1_fix1//test20tig_AVDZ// DONE 4.874819824994216 7.687882795249494 10.281258511186682 22.84396113143039 2	-0.00007508 0.00003520 0.00005831 -0.00000740 -0.00012599 -0.00014567 -0.00013429
shell0_X0_Y0_Z0_mono0_fix1/shell1_X-1_Y0_Z0_mono1_fix1/shell2_X-2_Y-1_Z0_mono0_fix1//test20tig_AVDZ// DONE 4.87481984938681 10.281259045415679 7.687883006758034 22.843961901560522 4	-0.00007297 0.00003519 0.00005874 -0.00000803 -0.00012368 -0.00014918 -0.00013444
shell0_X0_Y0_Z0_mono0_fix1/shell1_X0_Y-1_Z-1_mono0_fix1/shell1_X1_Y0_Z-1_mono0_fix1//test20tig_AVDZ// DONE 8.21547938783387 7.4326969331133075 7.206164883641014 22.85434120458819 6	0.00030388 0.00000943 0.00004977 -0.00000436 0.00025847 0.00035877 0.00030078
shell0_X0_Y0_Z0_mono0_fix1/shell1_X-1_Y1_Z-1_mono1_fix1/shell1_X1_Y0_Z-1_mono1_fix1//test20tig_AVDZ// DONE 4.832541657327352 7.741652423640553 10.281258511186682 22.855452592154585 2	-0.00001997 -0.00006668 -0.00005442 -0.00000559 0.00004004 0.00010165 0.00006603
shell0_X0_Y0_Z0_mono0_fix1/shell1_X1_Y1_Z-1_mono1_fix1/shell2_X2_Y1_Z0_mono0_fix1//test20tig_AVDZ// DONE 7.7416525542166985 10.281259045415679 4.832541803661923 22.855453403294298 4	-0.00002874 -0.00006670 -0.00006375 0.00000426 0.00003075 0.00010133 0.00006053
shell0_X0_Y0_Z0_mono0_fix1/shell1_X-1_Y0_Z0_mono1_fix1/shell1_X1_Y1_Z0_mono1_fix1//test20tig_AVDZ// DONE 4.87481984938681 7.687883006758034 10.301594026468404 22.86429688261325 2	-0.00020574 -0.00002038 -0.00005038 0.00003357 -0.00018893 -0.00018794 -0.00018851
shell0_X0_Y0_Z0_mono0_fix1/shell1_X-1_Y1_Z0_mono1_fix1/shell2_X-2_Y1_Z0_mono0_fix1//test20tig_AVDZ// DONE 4.874819824994216 10.301594281051562 7.687882795249494 22.864296901295273 4	-0.00020073 -0.00002041 -0.00002628 0.00000845 -0.00018290 -0.00016922 -0.00017713
shell0_X0_Y0_Z0_mono0_fix1/shell1_X-1_Y0_Z-1_mono0_fix1/shell1_X0_Y1_Z-1_mono0_fix1//test20tig_AVDZ// DONE 7.357945972453686 8.30173601819067 7.206164883641014 22.86584687428537 6	0.00015679 -0.00010749 -0.00000359 0.00002035 0.00014004 0.00047670 0.00028207
shell0_X0_Y0_Z0_mono0_fix1/shell1_X-1_Y1_Z-1_mono1_fix1/shell2_X-2_Y1_Z0_mono0_fix1//test20tig_AVDZ// DONE 4.832541657327352 10.301594281051562 7.741652423640553 22.875788362019467 4	-0.00005009 -0.00002529 0.00000443 -0.00000100 -0.00005352 -0.00004630 -0.00005048
shell0_X0_Y0_Z0_mono0_fix1/shell1_X-1_Y0_Z-1_mono1_fix1/shell1_X1_Y1_Z-1_mono1_fix1//test20tig_AVDZ// DONE 4.832541803661923 7.7416525542166985 10.301594026468404 22.875788384347025 2	-0.00004466 -0.00002526 0.00000701 -0.00000400 -0.00004768 -0.00004741 -0.00004757
shell0_X0_Y0_Z0_mono0_fix1/shell1_X-1_Y0_Z-1_mono1_fix1/shell1_X1_Y0_Z0_mono1_fix1//test20tig_AVDZ// DONE 4.832541803661923 7.687882795249494 10.370397417600696 22.89082201651211 2	-0.00008789 0.00000749 0.00003953 -0.00000098 -0.00012645 -0.00006532 -0.00010066
shell0_X0_Y0_Z0_mono0_fix1/shell1_X-1_Y1_Z-1_mono1_fix1/shell1_X1_Y1_Z0_mono1_fix1//test20tig_AVDZ// DONE 4.832541657327352 7.687883006758034 10.370397417600696 22.890822081686082 2	-0.00012571 -0.00006748 -0.00008861 0.00000071 -0.00003782 -0.00007340 -0.00005283
shell0_X0_Y0_Z0_mono0_fix1/shell1_X-1_Y0_Z-1_mono1_fix1/shell2_X-2_Y0_Z-1_mono0_fix1//test20tig_AVDZ// DONE 4.832541803661923 10.370397658874877 7.687882795249494 22.890822257786294 4	-0.00012626 -0.00006748 -0.00009207 0.00000406 -0.00003824 -0.00007620 -0.00005426
shell0_X0_Y0_Z0_mono0_fix1/shell1_X1_Y1_Z0_mono1_fix1/shell2_X2_Y0_Z1_mono0_fix1//test20tig_AVDZ// DONE 7.687883006758034 10.370397658874877 4.832541657327352 22.89082232296026 4	-0.00009317 0.00000746 0.00003461 0.00000250 -0.00013028 -0.00006185 -0.00010141
shell0_X0_Y0_Z0_mono0_fix1/shell1_X0_Y1_Z-1_mono0_fix1/shell1_X1_Y0_Z-1_mono0_fix1//test20tig_AVDZ// DONE 8.30173601819067 7.4326969331133075 7.234555636358268 22.968988587662245 6	0.00020694 -0.00005276 -0.00000822 -0.00000160 0.00021676 0.00028531 0.00024568
shell0_X0_Y0_Z0_mono0_fix1/shell1_X0_Y1_Z0_mono0_fix1/shell2_X0_Y2_Z0_mono0_fix1//test20tig_AVDZ// DONE 5.834800797021388 11.351447454150398 5.834800797021388 23.021049048193174 3	-0.00144723 0.00007513 -0.00002121 0.00007035 -0.00149636 -0.00158721 -0.00153469
shell0_X0_Y0_Z0_mono0_fix1/shell1_X-1_Y-1_Z0_mono0_fix1/shell1_X1_Y-1_Z0_mono0_fix1//test20tig_AVDZ// DONE 7.206164883641014 7.234555636358268 8.63133829007425 23.072058810073532 6	0.00018095 -0.00010100 0.00001745 -0.00001486 0.00017836 0.00040414 0.00027361
shell0_X0_Y0_Z0_mono0_fix1/shell1_X1_Y0_Z-1_mono1_fix1/shell1_X-1_Y0_Z0_mono1_fix1//test20tig_AVDZ// DONE 7.741652423640553 4.87481984938681 10.45827218511578 23.074744458143144 2	-0.00013421 -0.00001161 -0.00000810 0.00000175 -0.00012786 -0.00013473 -0.00013076
shell0_X0_Y0_Z0_mono0_fix1/shell1_X1_Y1_Z-1_mono1_fix1/shell1_X-1_Y1_Z0_mono1_fix1//test20tig_AVDZ// DONE 7.7416525542166985 4.874819824994216 10.45827218511578 23.074744564326693 2	-0.00010271 -0.00003135 0.00000560 -0.00000375 -0.00010456 -0.00011988 -0.00011102
shell0_X0_Y0_Z0_mono0_fix1/shell1_X1_Y0_Z-1_mono1_fix1/shell2_X2_Y0_Z-1_mono0_fix1//test20tig_AVDZ// DONE 7.741652423640553 10.458272455392859 4.87481984938681 23.07474472842022 4	-0.00010106 -0.00003135 0.00000512 -0.00000340 -0.00010278 -0.00012219 -0.00011097
shell0_X0_Y0_Z0_mono0_fix1/shell1_X1_Y1_Z-1_mono1_fix1/shell2_X2_Y0_Z-1_mono0_fix1//test20tig_AVDZ// DONE 7.7416525542166985 10.458272455392859 4.874819824994216 23.074744834603774 4	-0.00013378 -0.00001161 -0.00000817 0.00000199 -0.00012760 -0.00013578 -0.00013105
shell0_X0_Y0_Z0_mono0_fix1/shell0_X0_Y0_Z0_mono1_fix1/shell1_X1_Y-1_Z0_mono1_fix1//test20tig_AVDZ// DONE 4.832536863788853 11.052017778653015 7.2061641805828875 23.090718823024755 2	-0.00043141 -0.00000940 -0.00001938 0.00001122 -0.00042326 -0.00044166 -0.00043102
shell0_X0_Y0_Z0_mono0_fix1/shell1_X1_Y1_Z0_mono0_fix1/shell2_X1_Y2_Z0_mono1_fix1//test20tig_AVDZ// DONE 7.206164883641014 11.052018052102294 4.8325372673373375 23.090720203080643 4	-0.00043048 -0.00000937 -0.00001832 0.00000960 -0.00042176 -0.00044152 -0.00043010
shell0_X0_Y0_Z0_mono0_fix1/shell0_X0_Y0_Z0_mono1_fix1/shell1_X-1_Y1_Z0_mono0_fix1//test20tig_AVDZ// DONE 4.832536863788853 7.234555636358268 11.052017778653015 23.119110278800136 4	-0.00058748 -0.00004318 -0.00003039 0.00001125 -0.00056834 -0.00060067 -0.00058198
shell0_X0_Y0_Z0_mono0_fix1/shell1_X0_Y1_Z0_mono1_fix1/shell2_X1_Y2_Z0_mono1_fix1//test20tig_AVDZ// DONE 4.8325372673373375 11.052018052102294 7.23455534818809 23.119110667627723 2	-0.00057349 -0.00004320 -0.00001377 -0.00000968 -0.00055004 -0.00059904 -0.00057071
shell0_X0_Y0_Z0_mono0_fix1/shell1_X0_Y0_Z-1_mono1_fix1/shell1_X1_Y-1_Z-1_mono1_fix1//test20tig_AVDZ// DONE 4.8748181239170645 11.082269652642847 7.2061641805828875 23.163251957142798 2	-0.00061686 -0.00003393 0.00009488 -0.00002496 -0.00068677 -0.00072785 -0.00070410
shell0_X0_Y0_Z0_mono0_fix1/shell1_X1_Y1_Z0_mono0_fix1/shell2_X1_Y2_Z-1_mono1_fix1//test20tig_AVDZ// DONE 7.206164883641014 11.08226985161873 4.874818245582405 23.163252980842145 4	-0.00061674 -0.00003400 0.00008842 -0.00001731 -0.00068785 -0.00073040 -0.00070580
shell0_X0_Y0_Z0_mono0_fix1/shell1_X-1_Y-1_Z0_mono1_fix1/shell1_X0_Y-1_Z0_mono1_fix1//test20tig_AVDZ// DONE 9.311076743517448 9.29807416463103 4.576816950491205 23.185967858639685 2	0.00023352 -0.00001700 -0.00000304 0.00000078 0.00023578 0.00031150 0.00026772
shell0_X0_Y0_Z0_mono0_fix1/shell2_X-1_Y2_Z0_mono1_fix1/shell2_X0_Y2_Z0_mono1_fix1//test20tig_AVDZ// DONE 9.311076854260124 9.298074429663075 4.576816950491205 23.185968234414403 2	0.00026833 0.00000565 -0.00002954 0.00000851 0.00028936 0.00039285 0.00033302
shell0_X0_Y0_Z0_mono0_fix1/shell1_X1_Y0_Z0_mono0_fix1/shell1_X0_Y-1_Z0_mono1_fix1//test20tig_AVDZ// DONE 4.576817879131266 9.29807416463103 9.311076743517448 23.185968787279744 4	0.00026307 0.00000564 -0.00003231 0.00000953 0.00028585 0.00039395 0.00033146
shell0_X0_Y0_Z0_mono0_fix1/shell1_X-1_Y0_Z0_mono0_fix1/shell2_X-1_Y2_Z0_mono1_fix1//test20tig_AVDZ// DONE 4.576817879131266 9.311076854260124 9.298074429663075 23.185969163054466 4	0.00023055 -0.00001703 -0.00000851 0.00000481 0.00023425 0.00031129 0.00026675
shell0_X0_Y0_Z0_mono0_fix1/shell1_X0_Y0_Z-1_mono1_fix1/shell1_X-1_Y1_Z0_mono0_fix1//test20tig_AVDZ// DONE 4.8748181239170645 7.234555636358268 11.082269652642847 23.19164341291818 4	-0.00035026 0.00001661 -0.00011051 0.00002205 -0.00026180 -0.00030026 -0.00027802
shell0_X0_Y0_Z0_mono0_fix1/shell1_X0_Y1_Z-1_mono1_fix1/shell2_X1_Y2_Z-1_mono1_fix1//test20tig_AVDZ// DONE 4.874818245582405 11.08226985161873 7.23455534818809 23.191643445389225 2	-0.00034544 0.00001661 -0.00010191 0.00001376 -0.00025729 -0.00030174 -0.00027604
shell0_X0_Y0_Z0_mono0_fix1/shell0_X0_Y0_Z0_mono1_fix1/shell1_X1_Y1_Z1_mono0_fix1//test20tig_AVDZ// DONE 4.832536863788853 9.220399005428119 9.298076751720414 23.351012620937386 4	0.00021677 -0.00007581 -0.00018962 0.00002355 0.00038285 0.00057168 0.00046251
shell0_X0_Y0_Z0_mono0_fix1/shell1_X0_Y1_Z0_mono1_fix1/shell2_X-1_Y2_Z-1_mono1_fix1//test20tig_AVDZ// DONE 4.8325372673373375 9.298076765664977 9.220398664532015 23.35101269753433 2	0.00021640 -0.00007580 -0.00019082 0.00002430 0.00038292 0.00057242 0.00046286
shell0_X0_Y0_Z0_mono0_fix1/shell1_X-1_Y0_Z-1_mono0_fix1/shell1_X1_Y0_Z-1_mono0_fix1//test20tig_AVDZ// DONE 7.357945972453686 7.4326969331133075 8.63133829007425 23.421981195641244 6	0.00016987 -0.00007649 0.00000383 -0.00000466 0.00017070 0.00034081 0.00024247
shell0_X0_Y0_Z0_mono0_fix1/shell0_X0_Y0_Z0_mono1_fix1/shell1_X-1_Y-1_Z-1_mono1_fix1//test20tig_AVDZ// DONE 4.832536863788853 9.298076751720414 9.295639782756695 23.426253398265963 2	0.00016478 -0.00002157 0.00007057 -0.00001901 0.00011322 0.00013388 0.00012193
shell0_X0_Y0_Z0_mono0_fix1/shell1_X-1_Y1_Z-1_mono0_fix1/shell2_X-1_Y2_Z-1_mono1_fix1//test20tig_AVDZ// DONE 9.295639787140068 9.298076765664977 4.8325372673373375 23.42625382014238 4	0.00015984 -0.00002157 0.00006562 -0.00001420 0.00010842 0.00013337 0.00011895
shell0_X0_Y0_Z0_mono0_fix1/shell0_X0_Y0_Z0_mono1_fix1/shell1_X1_Y0_Z1_mono1_fix1//test20tig_AVDZ// DONE 4.832536863788853 11.251269307167787 7.3579458897229895 23.441752060679633 2	-0.00042132 -0.00004981 -0.00007054 0.00001206 -0.00036284 -0.00038072 -0.00037038
shell0_X0_Y0_Z0_mono0_fix1/shell0_X0_Y0_Z0_mono1_fix1/shell1_X-1_Y0_Z-1_mono0_fix1//test20tig_AVDZ// DONE 4.832536863788853 7.357945972453686 11.251269307167787 23.441752143410326 4	-0.00052375 0.00002831 0.00015387 -0.00001906 -0.00065856 -0.00070208 -0.00067692
shell0_X0_Y0_Z0_mono0_fix1/shell1_X1_Y1_Z1_mono1_fix1/shell1_X0_Y1_Z0_mono1_fix1//test20tig_AVDZ// DONE 11.25126941695398 4.8325372673373375 7.3579458897229895 23.44175257401431 2	-0.00051561 0.00002835 0.00015767 -0.00002405 -0.00064923 -0.00070526 -0.00067287
shell0_X0_Y0_Z0_mono0_fix1/shell1_X-1_Y0_Z-1_mono0_fix1/shell1_X0_Y1_Z0_mono1_fix1//test20tig_AVDZ// DONE 7.357945972453686 4.8325372673373375 11.25126941695398 23.441752656745003 4	-0.00042006 -0.00004981 -0.00006720 0.00000797 -0.00036082 -0.00037720 -0.00036773
shell0_X0_Y0_Z0_mono0_fix1/shell1_X0_Y0_Z-1_mono1_fix1/shell1_X-1_Y-1_Z0_mono1_fix1//test20tig_AVDZ// DONE 4.8748181239170645 9.311076743517448 9.28730372170711 23.473198589141624 2	0.00026715 0.00000956 -0.00006741 0.00001150 0.00032306 0.00038052 0.00034730
shell0_X0_Y0_Z0_mono0_fix1/shell1_X0_Y1_Z-1_mono1_fix1/shell1_X1_Y-1_Z-1_mono0_fix1//test20tig_AVDZ// DONE 4.874818245582405 9.287303895161147 9.311076854260124 23.473198995003678 4	0.00025874 0.00000958 -0.00007690 0.00002841 0.00030723 0.00038328 0.00033931
shell0_X0_Y0_Z0_mono0_fix1/shell1_X0_Y0_Z-1_mono1_fix1/shell1_X1_Y1_Z-1_mono0_fix1//test20tig_AVDZ// DONE 4.8748181239170645 9.333735909753628 9.311076743517448 23.51963077718814 4	0.00016267 -0.00000419 -0.00000932 0.00001554 0.00015645 0.00019585 0.00017307
shell0_X0_Y0_Z0_mono0_fix1/shell1_X0_Y1_Z-1_mono1_fix1/shell2_X-1_Y2_Z0_mono1_fix1//test20tig_AVDZ// DONE 4.874818245582405 9.311076854260124 9.333735696013983 23.519630795856514 2	0.00017466 -0.00000419 0.00000789 -0.00000955 0.00017631 0.00019560 0.00018445
shell0_X0_Y0_Z0_mono0_fix1/shell1_X1_Y1_Z-1_mono1_fix1/shell1_X1_Y0_Z0_mono1_fix1//test20tig_AVDZ// DONE 7.7416525542166985 7.687882795249494 8.215479171456103 23.645014520922295 2	0.00022501 -0.00005121 0.00003040 -0.00000391 0.00019853 0.00039084 0.00027966
shell0_X0_Y0_Z0_mono0_fix1/shell1_X0_Y-1_Z-1_mono0_fix1/shell1_X1_Y0_Z-1_mono1_fix1//test20tig_AVDZ// DONE 8.21547938783387 7.741652423640553 7.687883006758034 23.645014818232458 4	0.00021938 -0.00005121 0.00002396 0.00000334 0.00019208 0.00039081 0.00027592
shell0_X0_Y0_Z0_mono0_fix1/shell1_X0_Y0_Z-1_mono1_fix1/shell2_X1_Y0_Z-2_mono1_fix1//test20tig_AVDZ// DONE 4.8748181239170645 11.339343574138505 7.4326967908791595 23.64685848893473 2	-0.00047987 0.00000532 -0.00001864 0.00000085 -0.00046209 -0.00048838 -0.00047318
shell0_X0_Y0_Z0_mono0_fix1/shell1_X0_Y0_Z-1_mono1_fix1/shell1_X-1_Y0_Z1_mono0_fix1//test20tig_AVDZ// DONE 4.8748181239170645 7.4326969331133075 11.339343574138505 23.646858631168875 4	-0.00030305 0.00002971 -0.00008168 0.00001754 -0.00023892 -0.00027535 -0.00025429
shell0_X0_Y0_Z0_mono0_fix1/shell1_X0_Y1_Z-1_mono1_fix1/shell2_X1_Y1_Z-2_mono1_fix1//test20tig_AVDZ// DONE 4.874818245582405 11.33934361654418 7.4326967908791595 23.646858653005747 2	-0.00030114 0.00002972 -0.00007964 0.00001915 -0.00024066 -0.00027978 -0.00025716
shell0_X0_Y0_Z0_mono0_fix1/shell1_X0_Y1_Z-1_mono1_fix1/shell1_X-1_Y0_Z1_mono0_fix1//test20tig_AVDZ// DONE 4.874818245582405 7.4326969331133075 11.33934361654418 23.646858795239893 4	-0.00048875 0.00000532 -0.00002485 0.00000653 -0.00047043 -0.00048176 -0.00047521
shell0_X0_Y0_Z0_mono0_fix1/shell1_X0_Y0_Z1_mono1_fix1/shell1_X-1_Y1_Z0_mono1_fix1//test20tig_AVDZ// DONE 9.557279214796873 4.874819824994216 9.220398664532015 23.652497704323103 2	0.00022279 -0.00001794 -0.00015910 0.00002503 0.00035685 0.00042189 0.00038429
shell0_X0_Y0_Z0_mono0_fix1/shell1_X-1_Y-1_Z-1_mono0_fix1/shell1_X-1_Y0_Z0_mono1_fix1//test20tig_AVDZ// DONE 9.220399005428119 4.87481984938681 9.557279331757533 23.652498186572462 4	0.00022438 -0.00001794 -0.00015553 0.00002199 0.00035792 0.00042024 0.00038421
shell0_X0_Y0_Z0_mono0_fix1/shell1_X1_Y0_Z0_mono1_fix1/shell2_X2_Y0_Z0_mono1_fix1//test20tig_AVDZ// DONE 7.687882795249494 11.423339923096975 4.576816950491205 23.688039668837675 2	0.00024045 0.00000000 0.00000000 0.00000000 0.00024045 -0.00032950 0.00000000
shell0_X0_Y0_Z0_mono0_fix1/shell1_X1_Y1_Z0_mono1_fix1/shell2_X2_Y1_Z0_mono1_fix1//test20tig_AVDZ// DONE 7.687883006758034 11.423340031243132 4.576816950491205 23.68803998849237 2	-0.00047243 -0.00003116 -0.00001246 0.00001321 -0.00047318 -0.00051386 -0.00049034
shell0_X0_Y0_Z0_mono0_fix1/shell1_X-1_Y0_Z0_mono0_fix1/shell1_X1_Y0_Z0_mono1_fix1//test20tig_AVDZ// DONE 4.576817879131266 7.687882795249494 11.423339923096975 23.688040597477734 4	0.00037119 0.00000000 0.00000000 0.00000000 0.00037119 -0.00050866 0.00000000
shell0_X0_Y0_Z0_mono0_fix1/shell1_X-1_Y0_Z0_mono0_fix1/shell1_X1_Y1_Z0_mono1_fix1//test20tig_AVDZ// DONE 4.576817879131266 7.687883006758034 11.423340031243132 23.688040917132433 4	0.00024089 0.00000000 0.00000000 0.00000000 0.00024089 -0.00033010 0.00000000
shell0_X0_Y0_Z0_mono0_fix1/shell0_X0_Y0_Z0_mono1_fix1/shell1_X1_Y-1_Z-1_mono0_fix1//test20tig_AVDZ// DONE 4.832536863788853 9.287303895161147 9.594443452897366 23.714284211847364 4	0.00020781 -0.00002627 -0.00006623 0.00000748 0.00026656 0.00036541 0.00030827
shell0_X0_Y0_Z0_mono0_fix1/shell1_X-1_Y0_Z1_mono1_fix1/shell1_X0_Y1_Z0_mono1_fix1//test20tig_AVDZ// DONE 9.594443387322988 4.8325372673373375 9.28730372170711 23.714284376367438 2	0.00020371 -0.00002630 -0.00006944 0.00001204 0.00026110 0.00036483 0.00030486
shell0_X0_Y0_Z0_mono0_fix1/shell1_X0_Y0_Z1_mono1_fix1/shell1_X1_Y-1_Z1_mono0_fix1//test20tig_AVDZ// DONE 9.557279214796873 9.295639787140068 4.874819824994216 23.727738826931155 4	0.00016243 -0.00000732 -0.00001722 0.00000140 0.00017825 0.00017018 0.00017485
shell0_X0_Y0_Z0_mono0_fix1/shell1_X0_Y1_Z1_mono1_fix1/shell1_X-1_Y0_Z0_mono1_fix1//test20tig_AVDZ// DONE 9.557279331757533 4.87481984938681 9.295639782756695 23.72773896390104 2	0.00015953 -0.00000730 -0.00001803 0.00000358 0.00017399 0.00017236 0.00017330
shell0_X0_Y0_Z0_mono0_fix1/shell1_X-1_Y0_Z1_mono1_fix1/shell1_X0_Y0_Z1_mono1_fix1//test20tig_AVDZ// DONE 9.594443387322988 9.557279214796873 4.576816950491205 23.728539552611068 2	0.00018928 -0.00001832 0.00001960 -0.00000733 0.00017701 0.00023053 0.00019959
shell0_X0_Y0_Z0_mono0_fix1/shell1_X-1_Y1_Z1_mono1_fix1/shell1_X0_Y1_Z1_mono1_fix1//test20tig_AVDZ// DONE 9.594443452897366 9.557279331757533 4.576816950491205 23.728539735146107 2	0.00022323 0.00000926 -0.00001323 0.00000485 0.00023161 0.00029809 0.00025965
shell0_X0_Y0_Z0_mono0_fix1/shell1_X0_Y0_Z1_mono1_fix1/shell1_X1_Y0_Z0_mono0_fix1//test20tig_AVDZ// DONE 9.557279214796873 4.576817879131266 9.594443387322988 23.728540481251127 4	0.00021921 0.00000925 -0.00001552 0.00000680 0.00022793 0.00029745 0.00025726
shell0_X0_Y0_Z0_mono0_fix1/shell1_X0_Y1_Z1_mono1_fix1/shell1_X1_Y0_Z0_mono0_fix1//test20tig_AVDZ// DONE 9.557279331757533 4.576817879131266 9.594443452897366 23.728540663786163 4	0.00018168 -0.00001831 0.00001224 -0.00000058 0.00017002 0.00023802 0.00019871
shell0_X0_Y0_Z0_mono0_fix1/shell1_X0_Y1_Z-1_mono0_fix1/shell1_X1_Y1_Z-1_mono1_fix1//test20tig_AVDZ// DONE 8.30173601819067 7.7416525542166985 7.687882795249494 23.731271367656863 4	0.00012523 -0.00001609 -0.00000038 -0.00000902 0.00013463 0.00017111 0.00015002
shell0_X0_Y0_Z0_mono0_fix1/shell1_X1_Y0_Z-1_mono1_fix1/shell1_X1_Y1_Z0_mono1_fix1//test20tig_AVDZ// DONE 7.741652423640553 7.687883006758034 8.301736003054813 23.7312714334534 2	0.00012272 -0.00001608 -0.00000524 -0.00000159 0.00012955 0.00017267 0.00014774
shell0_X0_Y0_Z0_mono0_fix1/shell0_X0_Y0_Z0_mono1_fix1/shell1_X-1_Y1_Z1_mono1_fix1//test20tig_AVDZ// DONE 4.832536863788853 9.594443452897366 9.333735696013983 23.7607160127002 2	0.00018176 0.00000417 0.00008649 -0.00001539 0.00011066 0.00014140 0.00012363
shell0_X0_Y0_Z0_mono0_fix1/shell1_X1_Y1_Z-1_mono0_fix1/shell1_X0_Y1_Z0_mono1_fix1//test20tig_AVDZ// DONE 9.333735909753628 4.8325372673373375 9.594443387322988 23.760716564413954 4	0.00018037 0.00000415 0.00008749 -0.00001460 0.00010748 0.00014197 0.00012203
shell0_X0_Y0_Z0_mono0_fix1/shell1_X1_Y0_Z-1_mono1_fix1/shell2_X2_Y0_Z-1_mono1_fix1//test20tig_AVDZ// DONE 7.741652423640553 11.47158597420565 4.576816950491205 23.79005534833741 2	-0.00034902 -0.00001470 0.00001065 -0.00000268 -0.00035699 -0.00036252 -0.00035932
shell0_X0_Y0_Z0_mono0_fix1/shell1_X1_Y1_Z-1_mono1_fix1/shell2_X2_Y1_Z-1_mono1_fix1//test20tig_AVDZ// DONE 7.7416525542166985 11.471586058415966 4.576816950491205 23.79005556312387 2	-0.00034816 0.00001537 -0.00003132 0.00000910 -0.00032594 -0.00033229 -0.00032862
shell0_X0_Y0_Z0_mono0_fix1/shell1_X1_Y0_Z-1_mono1_fix1/shell1_X-1_Y0_Z0_mono0_fix1//test20tig_AVDZ// DONE 7.741652423640553 4.576817879131266 11.47158597420565 23.790056276977467 4	0.00024419 0.00000000 0.00000000 0.00000000 0.00024419 -0.00033463 0.00000000
shell0_X0_Y0_Z0_mono0_fix1/shell1_X1_Y1_Z-1_mono1_fix1/shell1_X-1_Y0_Z0_mono0_fix1//test20tig_AVDZ// DONE 7.7416525542166985 4.576817879131266 11.471586058415966 23.79005649176393 4	-0.00035022 -0.00001471 0.00001006 -0.00000200 -0.00035828 -0.00035871 -0.00035846
shell0_X0_Y0_Z0_mono0_fix1/shell1_X0_Y0_Z-1_mono0_fix1/shell1_X0_Y0_Z1_mono0_fix1//test20tig_AVDZ// DONE 6.052387884674759 6.052387884674758 11.793340778908906 23.89811654825842 3	-0.00084269 0.00007307 -0.00002240 0.00004863 -0.00086892 -0.00092372 -0.00089204
shell0_X0_Y0_Z0_mono0_fix1/shell1_X1_Y1_Z0_mono1_fix1/shell2_X0_Y2_Z0_mono1_fix1//test20tig_AVDZ// DONE 7.687883006758034 9.298074429663075 7.2061641805828875 24.192121617004 2	0.00015950 -0.00009949 0.00000419 -0.00000549 0.00016080 0.00041382 0.00026754
shell0_X0_Y0_Z0_mono0_fix1/shell1_X-1_Y-1_Z0_mono0_fix1/shell1_X0_Y-1_Z0_mono1_fix1//test20tig_AVDZ// DONE 7.206164883641014 9.29807416463103 7.687882795249494 24.192121843521537 4	0.00016185 -0.00009948 0.00000456 -0.00000602 0.00016330 0.00041094 0.00026777
shell0_X0_Y0_Z0_mono0_fix1/shell1_X1_Y0_Z0_mono1_fix1/shell1_X0_Y-1_Z0_mono1_fix1//test20tig_AVDZ// DONE 7.687882795249494 9.29807416463103 7.23455534818809 24.220512308068614 2	0.00013153 -0.00001658 0.00001470 -0.00000788 0.00012471 0.00019334 0.00015367
shell0_X0_Y0_Z0_mono0_fix1/shell1_X-1_Y1_Z0_mono0_fix1/shell2_X0_Y2_Z0_mono1_fix1//test20tig_AVDZ// DONE 7.234555636358268 9.298074429663075 7.687883006758034 24.220513072779376 4	0.00014111 -0.00001659 0.00002433 -0.00001731 0.00013409 0.00019331 0.00015908
shell0_X0_Y0_Z0_mono0_fix1/shell1_X1_Y1_Z-1_mono1_fix1/shell2_X0_Y2_Z-1_mono1_fix1//test20tig_AVDZ// DONE 7.7416525542166985 9.311076021291033 7.2061641805828875 24.25889275609062 2	0.00012887 -0.00000120 -0.00000138 -0.00000142 0.00013167 0.00016927 0.00014753
shell0_X0_Y0_Z0_mono0_fix1/shell1_X0_Y-1_Z-1_mono1_fix1/shell1_X-1_Y-1_Z0_mono0_fix1//test20tig_AVDZ// DONE 9.311075872665427 7.206164883641014 7.741652423640553 24.258893179946995 4	0.00013402 -0.00000119 -0.00000168 0.00000004 0.00013566 0.00016087 0.00014630
shell0_X0_Y0_Z0_mono0_fix1/shell1_X0_Y-1_Z-1_mono1_fix1/shell1_X1_Y0_Z-1_mono1_fix1//test20tig_AVDZ// DONE 9.311075872665427 7.741652423640553 7.23455534818809 24.287283644494067 2	0.00014632 -0.00001055 0.00000864 -0.00000362 0.00014130 0.00020352 0.00016755
shell0_X0_Y0_Z0_mono0_fix1/shell1_X1_Y1_Z-1_mono1_fix1/shell1_X1_Y-1_Z0_mono0_fix1//test20tig_AVDZ// DONE 7.7416525542166985 7.234555636358268 9.311076021291033 24.287284211865998 4	0.00016264 -0.00001055 0.00003821 -0.00003378 0.00015821 0.00020496 0.00017793
shell0_X0_Y0_Z0_mono0_fix1/shell1_X-1_Y1_Z-1_mono1_fix1/shell1_X1_Y0_Z0_mono1_fix1//test20tig_AVDZ// DONE 4.832541657327352 7.687882795249494 11.772367437680082 24.29279189025693 2	-0.00044499 -0.00000082 -0.00007031 0.00001602 -0.00039070 -0.00041526 -0.00040106
shell0_X0_Y0_Z0_mono0_fix1/shell1_X1_Y1_Z0_mono1_fix1/shell2_X2_Y1_Z1_mono0_fix1//test20tig_AVDZ// DONE 7.687883006758034 11.772367791361654 4.832541803661923 24.29279260178161 4	-0.00044916 -0.00000081 -0.00007031 0.00001281 -0.00039167 -0.00041289 -0.00040062
shell0_X0_Y0_Z0_mono0_fix1/shell1_X-1_Y1_Z-1_mono1_fix1/shell2_X-2_Y1_Z-1_mono0_fix1//test20tig_AVDZ// DONE 4.832541657327352 11.815540326094641 7.687882795249494 24.335964778671485 4	-0.00030064 0.00005105 -0.00003339 0.00002284 -0.00029009 -0.00029536 -0.00029231
shell0_X0_Y0_Z0_mono0_fix1/shell1_X-1_Y0_Z-1_mono1_fix1/shell1_X1_Y1_Z0_mono1_fix1//test20tig_AVDZ// DONE 4.832541803661923 7.687883006758034 11.815540228992958 24.335965039412915 2	-0.00029726 0.00005103 -0.00002800 0.00001809 -0.00028735 -0.00029454 -0.00029038
shell0_X0_Y0_Z0_mono0_fix1/shell1_X1_Y1_Z-1_mono1_fix1/shell1_X-1_Y0_Z0_mono1_fix1//test20tig_AVDZ// DONE 7.7416525542166985 4.87481984938681 11.859669417156478 24.476141820759988 2	-0.00031681 0.00000680 -0.00001512 0.00000674 -0.00030842 -0.00032467 -0.00031528
shell0_X0_Y0_Z0_mono0_fix1/shell1_X1_Y0_Z-1_mono1_fix1/shell2_X2_Y-1_Z-1_mono0_fix1//test20tig_AVDZ// DONE 7.741652423640553 11.85966960615678 4.874819824994216 24.47614185479155 4	-0.00031901 0.00000679 -0.00001732 0.00000940 -0.00031110 -0.00032636 -0.00031754
shell0_X0_Y0_Z0_mono0_fix1/shell1_X1_Y0_Z-1_mono1_fix1/shell1_X-1_Y1_Z0_mono1_fix1//test20tig_AVDZ// DONE 7.741652423640553 4.874819824994216 11.875393728805076 24.491865977439844 2	-0.00025570 0.00002432 -0.00003354 0.00001801 -0.00024016 -0.00024396 -0.00024177
shell0_X0_Y0_Z0_mono0_fix1/shell1_X1_Y1_Z-1_mono1_fix1/shell2_X2_Y1_Z-1_mono0_fix1//test20tig_AVDZ// DONE 7.7416525542166985 11.875394026584075 4.87481984938681 24.491866430187585 4	-0.00024620 0.00002433 -0.00002631 0.00001024 -0.00023013 -0.00024732 -0.00023738
shell0_X0_Y0_Z0_mono0_fix1/shell1_X1_Y-1_Z0_mono1_fix1/shell1_X1_Y0_Z0_mono1_fix1//test20tig_AVDZ// DONE 11.052017778653015 7.687882795249494 5.83480027387607 24.57470084777858 2	-0.00005413 0.00001391 0.00000875 0.00000442 -0.00006731 -0.00006581 -0.00006668
shell0_X0_Y0_Z0_mono0_fix1/shell1_X1_Y1_Z0_mono1_fix1/shell2_X1_Y2_Z0_mono1_fix1//test20tig_AVDZ// DONE 7.687883006758034 11.052018052102294 5.83480027387607 24.5747013327364 2	-0.00008339 0.00002991 -0.00002486 0.00000965 -0.00006818 -0.00008513 -0.00007533
shell0_X0_Y0_Z0_mono0_fix1/shell1_X1_Y-1_Z0_mono1_fix1/shell1_X0_Y-1_Z0_mono0_fix1//test20tig_AVDZ// DONE 11.052017778653015 5.83480079702139 7.687882795249494 24.574701370923897 4	-0.00008015 0.00002988 -0.00001979 0.00000497 -0.00006533 -0.00008587 -0.00007399
shell0_X0_Y0_Z0_mono0_fix1/shell1_X0_Y1_Z0_mono0_fix1/shell2_X1_Y2_Z0_mono1_fix1//test20tig_AVDZ// DONE 5.834800797021388 11.052018052102294 7.687883006758034 24.574701855881717 4	-0.00005266 0.00001390 0.00001041 0.00000332 -0.00006640 -0.00006686 -0.00006659
shell0_X0_Y0_Z0_mono0_fix1/shell1_X1_Y-1_Z-1_mono1_fix1/shell1_X1_Y0_Z-1_mono1_fix1//test20tig_AVDZ// DONE 11.082269652642847 7.741652423640553 5.83480027387607 24.65872235015947 2	-0.00003545 0.00000783 -0.00001691 0.00000611 -0.00002465 -0.00003792 -0.00003025
shell0_X0_Y0_Z0_mono0_fix1/shell1_X1_Y1_Z-1_mono1_fix1/shell2_X1_Y2_Z-1_mono1_fix1//test20tig_AVDZ// DONE 7.7416525542166985 11.08226985161873 5.83480027387607 24.6587226797115 2	-0.00002051 0.00001413 -0.00001264 0.00000341 -0.00001128 -0.00002002 -0.00001496
shell0_X0_Y0_Z0_mono0_fix1/shell1_X1_Y-1_Z-1_mono1_fix1/shell1_X0_Y-1_Z0_mono0_fix1//test20tig_AVDZ// DONE 11.082269652642847 5.83480079702139 7.741652423640553 24.65872287330479 4	-0.00002508 0.00001413 -0.00002062 0.00000959 -0.00001405 -0.00002003 -0.00001657
shell0_X0_Y0_Z0_mono0_fix1/shell1_X0_Y1_Z0_mono0_fix1/shell2_X1_Y2_Z-1_mono1_fix1//test20tig_AVDZ// DONE 5.834800797021388 11.08226985161873 7.7416525542166985 24.658723202856816 4	-0.00003517 0.00000782 -0.00001661 0.00000577 -0.00002433 -0.00003794 -0.00003007
shell0_X0_Y0_Z0_mono0_fix1/shell1_X0_Y-1_Z-1_mono1_fix1/shell1_X0_Y0_Z-1_mono0_fix1//test20tig_AVDZ// DONE 9.311075872665427 6.052387884674759 9.298074164631034 24.661537921971217 4	0.00010951 -0.00000568 -0.00001404 0.00000358 0.00011998 0.00012803 0.00012338
shell0_X0_Y0_Z0_mono0_fix1/shell1_X0_Y-1_Z-1_mono1_fix1/shell1_X0_Y-1_Z0_mono1_fix1//test20tig_AVDZ// DONE 9.311075872665427 9.29807416463103 6.052388083568135 24.661538120864595 2	0.00007056 -0.00002631 -0.00002768 0.00001277 0.00008546 0.00013786 0.00010756
shell0_X0_Y0_Z0_mono0_fix1/shell1_X0_Y0_Z-1_mono0_fix1/shell2_X0_Y2_Z-1_mono1_fix1//test20tig_AVDZ// DONE 6.052387884674759 9.311076021291033 9.298074429663075 24.661538335628865 4	0.00007610 -0.00002632 -0.00002635 0.00001023 0.00009222 0.00013041 0.00010833
shell0_X0_Y0_Z0_mono0_fix1/shell2_X0_Y2_Z-1_mono1_fix1/shell2_X0_Y2_Z0_mono1_fix1//test20tig_AVDZ// DONE 9.311076021291033 9.298074429663075 6.052388083568135 24.661538534522244 2	0.00009918 -0.00000568 -0.00002844 0.00001694 0.00011068 0.00012832 0.00011812
shell0_X0_Y0_Z0_mono0_fix1/shell1_X0_Y0_Z1_mono1_fix1/shell1_X1_Y0_Z0_mono1_fix1//test20tig_AVDZ// DONE 9.557279214796873 7.687882795249494 7.4326967908791595 24.677858800925527 2	0.00010567 0.00000406 0.00000164 0.00000883 0.00009519 0.00012499 0.00010777
shell0_X0_Y0_Z0_mono0_fix1/shell1_X-1_Y0_Z1_mono0_fix1/shell1_X0_Y0_Z1_mono1_fix1//test20tig_AVDZ// DONE 7.4326969331133075 9.557279214796873 7.687882795249494 24.677858943159674 4	0.00013099 0.00000238 0.00000832 -0.00000178 0.00012445 0.00015498 0.00013733
shell0_X0_Y0_Z0_mono0_fix1/shell1_X0_Y1_Z1_mono1_fix1/shell1_X1_Y1_Z0_mono1_fix1//test20tig_AVDZ// DONE 9.557279331757533 7.687883006758034 7.4326967908791595 24.677859129394726 2	0.00012938 0.00000238 0.00000369 0.00000157 0.00012413 0.00015487 0.00013710
shell0_X0_Y0_Z0_mono0_fix1/shell1_X1_Y0_Z-1_mono0_fix1/shell1_X1_Y1_Z0_mono1_fix1//test20tig_AVDZ// DONE 7.4326969331133075 7.687883006758034 9.557279331757533 24.677859271628876 4	0.00009540 0.00000405 -0.00001112 0.00002745 0.00007907 0.00012508 0.00009848
shell0_X0_Y0_Z0_mono0_fix1/shell1_X1_Y0_Z-1_mono1_fix1/shell2_X0_Y0_Z-2_mono1_fix1//test20tig_AVDZ// DONE 7.741652423640553 9.594444158397373 7.3579458897229895 24.694042471760916 2	0.00009934 -0.00005581 0.00001232 -0.00001672 0.00010374 0.00032801 0.00019836
shell0_X0_Y0_Z0_mono0_fix1/shell1_X-1_Y0_Z-1_mono0_fix1/shell2_X0_Y0_Z-2_mono1_fix1//test20tig_AVDZ// DONE 7.357945972453686 9.594444158397373 7.741652423640553 24.69404255449161 4	0.00011025 -0.00000567 0.00000790 -0.00000254 0.00010489 0.00014125 0.00012023
shell0_X0_Y0_Z0_mono0_fix1/shell1_X1_Y1_Z-1_mono1_fix1/shell2_X0_Y1_Z-2_mono1_fix1//test20tig_AVDZ// DONE 7.7416525542166985 9.594444174651146 7.3579458897229895 24.694042618590835 2	0.00010841 -0.00000566 0.00000768 -0.00000284 0.00010356 0.00014416 0.00012068
shell0_X0_Y0_Z0_mono0_fix1/shell1_X-1_Y0_Z-1_mono0_fix1/shell2_X0_Y1_Z-2_mono1_fix1//test20tig_AVDZ// DONE 7.357945972453686 9.594444174651146 7.7416525542166985 24.694042701321532 4	0.00008819 -0.00005581 0.00000388 -0.00000196 0.00008627 0.00032799 0.00018825
shell0_X0_Y0_Z0_mono0_fix1/shell1_X0_Y1_Z0_mono0_fix1/shell2_X-2_Y0_Z0_mono0_fix1//test20tig_AVDZ// DONE 5.834800797021388 8.63133829007425 10.281259045415679 24.747398132511314 6	0.00008139 0.00000573 0.00001614 -0.00000120 0.00006644 0.00007627 0.00007059
shell0_X0_Y0_Z0_mono0_fix1/shell1_X0_Y1_Z0_mono0_fix1/shell2_X2_Y0_Z0_mono0_fix1//test20tig_AVDZ// DONE 5.834800797021388 8.63133829007425 10.301594281051562 24.767733368147198 6	0.00002597 -0.00001304 -0.00001502 0.00000526 0.00003573 0.00004848 0.00004111
shell0_X0_Y0_Z0_mono0_fix1/shell0_X0_Y0_Z0_mono1_fix1/shell2_X2_Y0_Z0_mono1_fix1//test20tig_AVDZ// DONE 4.832536863788853 11.423339923096975 8.631337775704774 24.8872145625906 2	-0.00000054 0.00003795 -0.00000953 0.00001053 -0.00000154 -0.00000901 -0.00000469
shell0_X0_Y0_Z0_mono0_fix1/shell1_X0_Y1_Z0_mono1_fix1/shell2_X2_Y1_Z0_mono1_fix1//test20tig_AVDZ// DONE 4.8325372673373375 11.423340031243132 8.631337775704774 24.887215074285244 2	-0.00007073 -0.00004847 -0.00005046 -0.00000311 -0.00001716 -0.00004393 -0.00002845
shell0_X0_Y0_Z0_mono0_fix1/shell0_X0_Y0_Z0_mono1_fix1/shell2_X-2_Y0_Z0_mono0_fix1//test20tig_AVDZ// DONE 4.832536863788853 8.63133829007425 11.423339923096975 24.88721507696008 4	-0.00007363 -0.00004850 -0.00005317 -0.00000027 -0.00002019 -0.00004373 -0.00003012
shell0_X0_Y0_Z0_mono0_fix1/shell1_X0_Y1_Z0_mono1_fix1/shell2_X-2_Y0_Z0_mono0_fix1//test20tig_AVDZ// DONE 4.8325372673373375 8.63133829007425 11.423340031243132 24.88721558865472 4	0.00000664 0.00003797 0.00000494 -0.00000271 0.00000440 -0.00000713 -0.00000046
shell0_X0_Y0_Z0_mono0_fix1/shell1_X1_Y-1_Z0_mono1_fix1/shell1_X0_Y-1_Z0_mono1_fix1//test20tig_AVDZ// DONE 11.052017778653015 9.29807416463103 4.576816950491205 24.92690889377525 2	0.00006595 -0.00000653 0.00001685 -0.00000652 0.00005562 0.00006606 0.00006002
shell0_X0_Y0_Z0_mono0_fix1/shell2_X0_Y2_Z0_mono1_fix1/shell2_X1_Y2_Z0_mono1_fix1//test20tig_AVDZ// DONE 9.298074429663075 11.052018052102294 4.576816950491205 24.926909432256572 2	0.00002746 0.00001157 0.00000780 0.00000664 0.00001302 0.00002920 0.00001985
shell0_X0_Y0_Z0_mono0_fix1/shell1_X-1_Y0_Z0_mono0_fix1/shell1_X0_Y-1_Z0_mono1_fix1//test20tig_AVDZ// DONE 4.576817879131266 9.29807416463103 11.052017778653015 24.92690982241531 4	0.00003339 0.00001156 0.00000966 0.00000451 0.00001922 0.00002534 0.00002180
shell0_X0_Y0_Z0_mono0_fix1/shell1_X-1_Y0_Z0_mono0_fix1/shell2_X0_Y2_Z0_mono1_fix1//test20tig_AVDZ// DONE 4.576817879131266 9.298074429663075 11.052018052102294 24.926910360896635 4	0.00007195 -0.00000655 0.00001771 -0.00000489 0.00005913 0.00006608 0.00006206
shell0_X0_Y0_Z0_mono0_fix1/shell1_X0_Y0_Z1_mono1_fix1/shell1_X0_Y1_Z1_mono1_fix1//test20tig_AVDZ// DONE 9.557279214796873 9.557279331757533 5.83480027387607 24.949358820430476 2	0.00007043 -0.00001501 -0.00002127 0.00000186 0.00008985 0.00011078 0.00009868
shell0_X0_Y0_Z0_mono0_fix1/shell1_X0_Y0_Z1_mono1_fix1/shell1_X0_Y-1_Z0_mono0_fix1//test20tig_AVDZ// DONE 9.557279214796873 5.83480079702139 9.557279331757535 24.949359343575797 4	0.00005893 -0.00001501 -0.00003562 0.00001787 0.00007668 0.00011075 0.00009105
shell0_X0_Y0_Z0_mono0_fix1/shell1_X0_Y-1_Z-1_mono1_fix1/shell1_X1_Y-1_Z-1_mono1_fix1//test20tig_AVDZ// DONE 9.311075872665427 11.082269652642847 4.576816950491205 24.970162475799476 2	0.00000413 -0.00002887 -0.00002238 0.00002227 0.00000424 0.00004769 0.00002257
shell0_X0_Y0_Z0_mono0_fix1/shell2_X0_Y2_Z-1_mono1_fix1/shell2_X1_Y2_Z-1_mono1_fix1//test20tig_AVDZ// DONE 9.311076021291033 11.08226985161873 4.576816950491205 24.97016282340097 2	0.00001771 0.00000865 -0.00001348 0.00000318 0.00002800 0.00003697 0.00003179
shell0_X0_Y0_Z0_mono0_fix1/shell1_X0_Y-1_Z-1_mono1_fix1/shell1_X-1_Y0_Z0_mono0_fix1//test20tig_AVDZ// DONE 9.311075872665427 4.576817879131266 11.082269652642847 24.97016340443954 4	0.00002040 0.00000868 -0.00001067 0.00000132 0.00002975 0.00003689 0.00003276
shell0_X0_Y0_Z0_mono0_fix1/shell1_X-1_Y0_Z0_mono0_fix1/shell2_X0_Y2_Z-1_mono1_fix1//test20tig_AVDZ// DONE 4.576817879131266 9.311076021291033 11.08226985161873 24.970163752041028 4	0.00003629 -0.00002885 0.00000303 -0.00000702 0.00004027 0.00004843 0.00004372
shell0_X0_Y0_Z0_mono0_fix1/shell1_X0_Y0_Z-1_mono1_fix1/shell2_X2_Y0_Z-1_mono1_fix1//test20tig_AVDZ// DONE 4.8748181239170645 11.47158597420565 8.631337775704774 24.97774187382749 2	-0.00009014 -0.00000543 -0.00003157 0.00000829 -0.00006685 -0.00007356 -0.00006968
shell0_X0_Y0_Z0_mono0_fix1/shell1_X0_Y1_Z-1_mono1_fix1/shell2_X2_Y1_Z-1_mono1_fix1//test20tig_AVDZ// DONE 4.874818245582405 11.471586058415966 8.631337775704774 24.97774207970314 2	-0.00009087 0.00000645 -0.00003645 0.00001920 -0.00007362 -0.00006504 -0.00007000
shell0_X0_Y0_Z0_mono0_fix1/shell1_X0_Y0_Z-1_mono1_fix1/shell2_X-2_Y0_Z0_mono0_fix1//test20tig_AVDZ// DONE 4.8748181239170645 8.63133829007425 11.47158597420565 24.977742388196965 4	-0.00007839 0.00000645 -0.00002618 0.00000442 -0.00005663 -0.00006549 -0.00006036
shell0_X0_Y0_Z0_mono0_fix1/shell2_X2_Y1_Z-1_mono1_fix1/shell2_X2_Y0_Z0_mono0_fix1//test20tig_AVDZ// DONE 11.471586058415966 8.63133829007425 4.874818245582404 24.97774259407262 4	-0.00009258 -0.00000538 -0.00003505 0.00001182 -0.00006935 -0.00007350 -0.00007110
shell0_X0_Y0_Z0_mono0_fix1/shell1_X0_Y0_Z-1_mono0_fix1/shell1_X1_Y0_Z0_mono1_fix1//test20tig_AVDZ// DONE 6.052387884674759 7.687882795249494 11.251269307167787 24.99153998709204 4	-0.00004666 0.00001391 -0.00002559 0.00000797 -0.00002904 -0.00003338 -0.00003087
shell0_X0_Y0_Z0_mono0_fix1/shell1_X1_Y0_Z1_mono1_fix1/shell1_X1_Y0_Z0_mono1_fix1//test20tig_AVDZ// DONE 11.251269307167787 7.687882795249494 6.052388083568137 24.991540185985418 2	-0.00000701 0.00002558 0.00000046 0.00000812 -0.00001559 -0.00001520 -0.00001543
shell0_X0_Y0_Z0_mono0_fix1/shell1_X0_Y0_Z-1_mono0_fix1/shell1_X1_Y1_Z0_mono1_fix1//test20tig_AVDZ// DONE 6.052387884674759 7.687883006758034 11.25126941695398 24.991540308386774 4	0.00001013 0.00000000 0.00000000 0.00000000 0.00001013 -0.00001388 0.00000000
shell0_X0_Y0_Z0_mono0_fix1/shell1_X1_Y1_Z1_mono1_fix1/shell1_X1_Y1_Z0_mono1_fix1//test20tig_AVDZ// DONE 11.25126941695398 7.687883006758034 6.052388083568137 24.99154050728015 2	-0.00004537 0.00001393 -0.00002562 0.00000786 -0.00002760 -0.00003663 -0.00003141
shell0_X0_Y0_Z0_mono0_fix1/shell1_X-1_Y0_Z1_mono1_fix1/shell1_X-1_Y1_Z1_mono1_fix1//test20tig_AVDZ// DONE 9.594443387322988 9.594443452897366 5.83480027387607 25.023687114096425 2	0.00005715 -0.00001872 -0.00001796 0.00001414 0.00006096 0.00011285 0.00008285
shell0_X0_Y0_Z0_mono0_fix1/shell1_X-1_Y0_Z1_mono1_fix1/shell1_X0_Y-1_Z0_mono0_fix1//test20tig_AVDZ// DONE 9.594443387322988 5.83480079702139 9.594443452897366 25.023687637241743 4	0.00006982 -0.00001871 -0.00000306 -0.00000203 0.00007491 0.00011441 0.00009158
shell0_X0_Y0_Z0_mono0_fix1/shell1_X0_Y0_Z-1_mono0_fix1/shell2_X2_Y0_Z0_mono0_fix1//test20tig_AVDZ// DONE 6.052387884674759 8.63133829007425 10.370397658874877 25.054123833623883 6	0.00006562 0.00000320 -0.00000162 0.00001367 0.00005357 0.00007536 0.00006276
shell0_X0_Y0_Z0_mono0_fix1/shell1_X1_Y0_Z-1_mono1_fix1/shell1_X0_Y0_Z1_mono0_fix1//test20tig_AVDZ// DONE 7.741652423640553 6.052387884674758 11.339343574138505 25.133383882453813 4	-0.00004119 -0.00000354 -0.00000238 0.00000183 -0.00004065 -0.00003371 -0.00003772
shell0_X0_Y0_Z0_mono0_fix1/shell1_X0_Y0_Z-1_mono0_fix1/shell2_X1_Y1_Z-2_mono1_fix1//test20tig_AVDZ// DONE 6.052387884674759 11.33934361654418 7.7416525542166985 25.133384055435638 4	-0.00002848 0.00000385 -0.00000615 0.00000326 -0.00002558 -0.00004160 -0.00003234
shell0_X0_Y0_Z0_mono0_fix1/shell1_X1_Y0_Z-1_mono1_fix1/shell2_X1_Y0_Z-2_mono1_fix1//test20tig_AVDZ// DONE 7.741652423640553 11.339343574138505 6.052388083568137 25.133384081347195 2	-0.00003099 0.00000383 -0.00000933 0.00000774 -0.00002940 -0.00004057 -0.00003411
shell0_X0_Y0_Z0_mono0_fix1/shell1_X1_Y1_Z-1_mono1_fix1/shell2_X1_Y1_Z-2_mono1_fix1//test20tig_AVDZ// DONE 7.7416525542166985 11.33934361654418 6.052388083568137 25.133384254329016 2	-0.00005598 -0.00000355 -0.00001334 0.00001385 -0.00005650 -0.00002623 -0.00004373
shell0_X0_Y0_Z0_mono0_fix1/shell1_X0_Y0_Z-1_mono0_fix1/shell2_X-2_Y0_Z0_mono0_fix1//test20tig_AVDZ// DONE 6.052387884674759 8.63133829007425 10.458272455392859 25.141998630141867 6	0.00004947 -0.00000970 -0.00000584 -0.00000565 0.00006096 0.00003665 0.00005070
shell0_X0_Y0_Z0_mono0_fix1/shell1_X0_Y0_Z-1_mono1_fix1/shell1_X1_Y-1_Z0_mono1_fix1//test20tig_AVDZ// DONE 4.8748181239170645 11.052017778653015 9.220398664532015 25.147234567102096 2	0.00005155 0.00002231 0.00003408 0.00000131 0.00001616 0.00003023 0.00002210
shell0_X0_Y0_Z0_mono0_fix1/shell1_X1_Y1_Z1_mono0_fix1/shell2_X1_Y2_Z0_mono1_fix1//test20tig_AVDZ// DONE 9.220399005428119 11.052018052102294 4.874818245582405 25.147235303112815 4	0.00005775 0.00002232 0.00003417 0.00000116 0.00002242 0.00002545 0.00002370
shell0_X0_Y0_Z0_mono0_fix1/shell1_X1_Y1_Z0_mono0_fix1/shell2_X1_Y2_Z0_mono0_fix1//test20tig_AVDZ// DONE 7.206164883641014 12.110018745224945 5.834800797021388 25.150984425887344 6	-0.00028434 -0.00001197 0.00000719 -0.00001086 -0.00028067 -0.00030697 -0.00029176
shell0_X0_Y0_Z0_mono0_fix1/shell1_X-1_Y1_Z0_mono0_fix1/shell1_X0_Y-1_Z0_mono0_fix1//test20tig_AVDZ// DONE 7.234555636358268 5.83480079702139 12.12207805166879 25.191434485048447 6	-0.00025015 0.00001888 -0.00000974 0.00000825 -0.00024867 -0.00026407 -0.00025516
shell0_X0_Y0_Z0_mono0_fix1/shell0_X0_Y0_Z0_mono1_fix1/shell1_X-1_Y1_Z1_mono0_fix1//test20tig_AVDZ// DONE 4.832536863788853 9.287303895161147 11.082269652642847 25.202110411592848 4	0.00007725 0.00004446 0.00004893 0.00000063 0.00002769 0.00003750 0.00003182
