14.284173663666868 0.03702462 -0.228357 -0.01669502 -0.01622568 0.06994532 0.08619768 0.07680178
14.284174042822757 0.0836071 -0.41214174000000003 -0.023288080000000003 -0.03936294 0.14625812 0.18164032 0.16118498
14.284174592306929 0.17675794 -0.77970934 -0.0365054 -0.08560918 0.29887252 0.37252452 0.32994446
14.284174971462818 0.25083902 -1.2364213400000001 -0.06988072000000001 -0.1180829 0.43880268 0.5449156 0.48356906
15.49987440500226 0.27316518 -1.4184272800000002 -0.07847200000000001 -0.13138764 0.48302486 0.60183016 0.53314584
15.499874928147579 0.31779994 -1.7824418800000001 -0.09566480000000002 -0.15798944 0.57145422 0.71567284 0.63229644
15.58443664337554 0.33773348000000003 -1.99559868 -0.10523888000000002 -0.16709564000000002 0.61006804 0.7669075599999999 0.6762347
15.584437166520857 0.37761072 -2.42191628 -0.12437320000000002 -0.18532376 0.68730776 0.8693897599999999 0.7641235799999999
15.759742872380675 0.42549808 -2.72282132 -0.12300432000000001 -0.20808988 0.7565924 0.9628813999999999 0.8436205399999999
15.759743071274055 0.44455612 -2.8941198 -0.11944568000000001 -0.21775064 0.78175256 1.00107134 0.8742776399999999
15.7597433975945 0.4827102 -3.2367152399999997 -0.11229680000000002 -0.23710524 0.83211236 1.07745138 0.9356147199999999
15.75974359648788 0.50664844 -3.38716692 -0.11160994000000002 -0.24849111999999998 0.86674962 1.1242032800000001 0.9753628399999998
16.913520869365957 0.50902086 -3.40209152 -0.11036042000000001 -0.24981807999999997 0.8691995 1.1314882600000002 0.9798525199999999
16.913522000365163 0.5137541 -3.43194104 -0.10787906000000001 -0.25246055999999995 0.87409386 1.1460594200000003 0.9888292799999999
16.941912325141338 0.51653818 -3.4666324 -0.10265666000000001 -0.2544281199999999 0.87362314 1.1546573800000002 0.9921844
16.941912464912235 0.5179539599999999 -3.48397766 -0.1000261 -0.2554349999999999 0.8734152399999999 1.1589545200000002 0.99387706
17.023024557173763 0.51743416 -3.49561712 -0.09901036 -0.25658767999999993 0.87303236 1.1625270000000003 0.99516286
17.023024639904463 0.5163690799999999 -3.5188957199999997 -0.09700656 -0.25886427999999995 0.87224008 1.1696789600000004 0.99772206
17.097236609529553 0.51325552 -3.5205339399999995 -0.0978093 -0.25821267999999997 0.8692776799999999 1.1690354400000005 0.9957379399999999
17.09723722458658 0.5076747199999999 -3.5234029799999997 -0.09634344 -0.25836642 0.86238478 1.1640978000000004 0.98966992
17.097237538169612 0.49642691999999994 -3.52914118 -0.0934802 -0.25857614 0.84848346 1.1542346400000003 0.9774722
17.097238153226638 0.49014943999999994 -3.5324179 -0.09510716 -0.25722838000000003 0.84248518 1.1529494000000002 0.97346224
17.182334764183032 0.4899225199999999 -3.54550612 -0.0922556 -0.25779038000000004 0.8399686999999999 1.1540963400000002 0.9724912600000001
17.182334906417182 0.4895161999999999 -3.5716824000000003 -0.0865064 -0.25898298000000003 0.8350057799999999 1.1563817400000003 0.97058622
17.193287498048825 0.4814118999999999 -3.5710953400000003 -0.08629532 -0.25836822000000004 0.8260756199999999 1.1474387400000003 0.96165064
17.19328775029031 0.4728777799999999 -3.5710336400000005 -0.08681673999999999 -0.25766508000000005 0.8173597999999999 1.1391279600000004 0.95310568
17.19328842668888 0.4557959399999999 -3.5709100800000004 -0.08785961999999999 -0.25625152000000007 0.7999073199999999 1.1225082000000004 0.9360044799999999
17.19328867893037 0.4395845799999999 -3.5697361600000006 -0.08747569999999999 -0.25494368000000006 0.7820041599999998 1.1046178400000004 0.9181067199999999
17.617783559793665 0.4544882199999999 -3.5912512000000008 -0.08697722 -0.25722614000000005 0.7986918399999998 1.1267090000000004 0.93707398
17.646174312510922 0.4619901999999999 -3.6095084800000006 -0.08159516 -0.26042240000000005 0.8040080799999998 1.1375987600000004 0.94474156
17.78497404833678 0.4373864499999999 -3.6110205700000004 -0.08383412 -0.25910213000000004 0.7803230199999998 1.1130016400000005 0.92067172
17.922834280827363 0.4294807499999999 -3.6117543900000006 -0.08555789999999999 -0.25853059000000006 0.7735695599999998 1.1074602400000004 0.9144296
17.92283477908827 0.4136547499999999 -3.6132220300000006 -0.08904126 -0.25735023000000007 0.7600465999999998 1.0963773200000004 0.9019360399999999
17.98715173625971 0.4265983699999999 -3.6319932100000005 -0.08782968 -0.2590761900000001 0.7735045999999998 1.1151024800000005 0.91761608
18.009091127561927 0.4154208099999999 -3.6325381300000004 -0.09024299999999999 -0.2579179100000001 0.7635820799999997 1.1055233600000005 0.9078384399999999
18.009091394309216 0.40984282999999994 -3.6328106500000006 -0.09145269999999998 -0.2573422700000001 0.7586381599999997 1.1007335400000005 0.9029595199999999
18.061902696919333 0.4170545299999999 -3.6491940700000005 -0.08686977999999998 -0.2599860500000001 0.7639107799999997 1.1116383600000004 0.9106081999999999
18.88547718564822 0.4112186199999999 -3.6481921200000005 -0.08245114999999997 -0.2602519300000001 0.7539221099999996 1.1014496100000004 0.9005351199999999
18.88547807642738 0.39951827999999995 -3.6461881200000006 -0.07364510999999997 -0.2607490500000001 0.7339128699999996 1.0810748700000004 0.8803716799999999
18.960718308256272 0.39093839999999996 -3.6454721600000006 -0.07399756999999997 -0.25993513000000007 0.7248715299999996 1.0714713100000004 0.8710931399999999
18.960718853755957 0.38665305999999994 -3.6451142600000006 -0.07416896999999997 -0.25952956000000005 0.7203520299999996 1.0666666800000004 0.8664533499999999
19.036941816676325 0.38031256999999996 -3.6452366300000008 -0.07269864999999998 -0.25958673000000004 0.7125983899999996 1.0587203000000005 0.8586183999999999
19.036941844072427 0.36763133 -3.6454814500000006 -0.06975888999999998 -0.25970085000000004 0.6970915099999996 1.0428273600000004 0.8429486399999999
19.083373644925263 0.36401450999999996 -3.6453561400000005 -0.06990713999999998 -0.25941974000000007 0.6933418199999996 1.0388893800000005 0.8391195199999999
19.08337400472284 0.35677401 -3.6451054200000006 -0.07020347999999998 -0.25885626000000006 0.6858341799999995 1.0310215400000005 0.8314599199999999
19.726584243169718 0.35967633 -3.6476417600000004 -0.06952483999999999 -0.25930526000000004 0.6885068599999995 1.0358504600000005 0.8350422599999999
19.7265847541879 0.36543121 -3.6527144400000005 -0.0682164 -0.26011426000000004 0.6937622599999995 1.0455096200000005 0.8421555
19.754975218734977 0.36738005 -3.6553451800000003 -0.06735088 -0.26050058000000004 0.6952318999999996 1.0490565400000005 0.8445014799999999
19.7549756989451 0.37123825 -3.66060678 -0.0656886 -0.26120942 0.6981366599999995 1.0561390600000005 0.8491687199999999
19.822634849805848 0.37295415 -3.6615322000000003 -0.06498596 -0.26145364000000004 0.6993941399999996 1.0584352000000004 0.8508643999999999
19.822635561774774 0.37639339 -3.6633829200000005 -0.06357296 -0.26195360000000006 0.7019203399999996 1.0630240800000004 0.8542607999999998
19.851026026321854 0.37768472999999997 -3.6641765400000006 -0.06352355999999999 -0.26202756000000005 0.7032362399999996 1.0650917800000004 0.8558938799999998
19.851026305581225 0.38027181 -3.6657638200000005 -0.06341928 -0.26218220000000003 0.7058736799999996 1.0692307400000003 0.8591647599999997
19.92064680888955 0.38199619 -3.6668962200000004 -0.0631258 -0.26242544 0.7075478199999996 1.0717888400000002 0.8612118199999997
19.920646891620244 0.38633971 -3.6711713400000003 -0.06124448 -0.26333584 0.7109204199999996 1.0790643600000003 0.8662309799999998
19.92064714206343 0.38849353 -3.6733088800000004 -0.06031106 -0.26378138 0.7125863599999995 1.0826963400000003 0.8687263399999997
19.920647224794124 0.39197485 -3.6755736000000003 -0.0596945 -0.26430778 0.7159774799999995 1.0878216600000004 0.8728490599999997
19.965411302295955 0.38875831 -3.67516122 -0.06067206 -0.26392604 0.7133567599999995 1.0851877600000004 0.8702227799999998
19.965411825441272 0.37693419 -3.67530774 -0.0585813 -0.26381604 0.6993318799999995 1.0705598800000005 0.8559434999999997
19.96541197087648 0.37102111 -3.67538106 -0.0575352 -0.26376313999999995 0.6923197999999995 1.0632471400000005 0.8488045799999997
19.9654124940218 0.36464874999999997 -3.67455634 -0.059390040000000005 -0.26311777999999997 0.6871569199999995 1.0579877400000006 0.8436009799999997
20.006886078308565 0.36591862999999997 -3.6752789 -0.05903598 -0.26323791999999996 0.6881928799999995 1.0597764000000007 0.8449544799999997
20.006886220542714 0.36972162999999997 -3.67907902 -0.0586609 -0.26355139999999994 0.6919342799999995 1.0672626400000007 0.8502757599999997
20.006886612433195 0.37161692999999996 -3.68097904 -0.05848358 -0.2636996199999999 0.6938004799999995 1.0709989400000006 0.8529308999999997
20.00688675466734 0.37415988999999994 -3.68242396 -0.05779082 -0.2639605799999999 0.6959116799999995 1.0745784200000006 0.8556615399999997
20.020694270458563 0.36898552999999995 -3.6826447399999998 -0.05835566 -0.2637280199999999 0.6910695999999995 1.0693530600000005 0.8506577599999997
20.02069454074951 0.36587270999999993 -3.68261512 -0.05930028 -0.2634000999999999 0.6885734599999995 1.0667730200000005 0.8481262199999997
20.02069479360388 0.35963498999999993 -3.6825559599999997 -0.0611824 -0.2627562599999999 0.6835739799999996 1.0616379000000005 0.8430695399999997
20.020695063894827 0.34931234999999994 -3.6829975999999998 -0.06228948 -0.26232001999999993 0.6739221799999996 1.0511972600000006 0.8330849399999997
20.102668069530015 0.35338628999999994 -3.67960868 -0.06282204 -0.26223055999999995 0.6784391599999996 1.0556219000000007 0.8375629799999996
20.188924699886815 0.34813580999999993 -3.67998884 -0.06376757999999999 -0.26189719999999994 0.6738007999999996 1.0504773800000007 0.8327110799999996
20.442203963260482 0.33892856999999993 -3.68131816 -0.06419965999999999 -0.26190023999999995 0.6650286799999996 1.0409274600000007 0.8236108399999996
20.44220416215386 0.3363800899999999 -3.6810778 -0.0653487 -0.2615372799999999 0.6632662799999995 1.0389794200000007 0.8217701199999996
20.44220448376963 0.3312806499999999 -3.680597 -0.0676373 -0.26081695999999993 0.6597351199999996 1.0350961800000007 0.8180904399999996
20.442204682663007 0.3266873299999999 -3.6812616400000002 -0.06783644 -0.26083677999999993 0.6553607399999996 1.0303231800000008 0.8135478799999997
20.521650166989197 0.3223836099999999 -3.6810916400000004 -0.06851456 -0.2604954199999999 0.6513937399999995 1.0262492600000008 0.8095357999999997
20.521650304908313 0.3144762499999999 -3.6808956800000003 -0.06811616000000001 -0.2601365799999999 0.6427291399999995 1.0171394600000008 0.8006833999999997
20.521650365882575 0.3105876099999999 -3.6807978200000004 -0.06782322 -0.2600559999999999 0.6384669599999995 1.0125819600000008 0.7962966399999997
20.521650503801688 0.3084312099999999 -3.6807128400000004 -0.06816448 -0.2598814999999999 0.6364773199999995 1.0105463800000007 0.7942876199999996
21.194040420341075 0.3088158699999999 -3.6808915200000003 -0.06791714 -0.2599350799999999 0.6366682199999995 1.0110047600000007 0.7945913599999996
21.194040607457026 0.30968132999999987 -3.6809581600000003 -0.06771100000000001 -0.25997129999999985 0.6373637599999995 1.0119683600000007 0.7953999799999997
21.194040934710554 0.31139720999999987 -3.6810915200000003 -0.06732192000000001 -0.26001857999999983 0.6387378799999995 1.0139123200000006 0.7970144999999996
21.1940411218265 0.31216532999999985 -3.6814488800000005 -0.06683344000000001 -0.2601264999999998 0.6391254399999995 1.0148294000000007 0.7976254199999996
21.205531987248825 0.31283774999999986 -3.6815148200000003 -0.06657838 -0.2601918799999998 0.6396081999999995 1.0156488000000006 0.7982501999999996
21.20553200300725 0.3138209499999999 -3.68159164 -0.06633458 -0.26023541999999983 0.6403911399999995 1.0169223600000006 0.7992401199999996
21.2055325016183 0.3157329499999999 -3.68174516 -0.0658831 -0.26027821999999984 0.6418944999999995 1.0194923600000005 0.8011934799999996
21.205532517376724 0.3170465099999999 -3.68187708 -0.0653581 -0.26037457999999986 0.6427794199999994 1.0211137600000006 0.8023891199999996
21.210566075883598 0.31787970999999987 -3.68257538 -0.06510384 -0.26054101999999985 0.6435247799999995 1.0225608800000006 0.8034305399999996
21.210566599028915 0.31955722999999986 -3.6839720199999997 -0.06457172 -0.26089833999999984 0.6450274999999994 1.0254559600000006 0.8055206599999996
21.31810525173332 0.32017314999999985 -3.6840503599999996 -0.06449252 -0.26088737999999984 0.6455532399999995 1.0261457600000006 0.8061156199999996
21.31810577487864 0.32145346999999985 -3.6842067999999997 -0.0642686 -0.2609466999999998 0.6466689199999994 1.0275262000000005 0.8073429799999996
21.34977830218035 0.32154132999999985 -3.68471052 -0.0641418 -0.2609701199999998 0.6466533999999994 1.0284535400000006 0.8077252399999996
21.349778490947315 0.32167532999999987 -3.68571796 -0.06389407999999999 -0.2610231599999998 0.6465927199999993 1.0303146200000006 0.8084752799999996
21.37816895549439 0.3222562899999999 -3.6855392 -0.06398074 -0.2609937199999998 0.6472308999999994 1.0311650000000006 0.8092029999999996
21.378169757955728 0.32339384999999987 -3.6851816 -0.06418446 -0.26089527999999984 0.6484736999999994 1.0328435600000005 0.8106296399999996
21.379058194600727 0.32372660999999986 -3.68523838 -0.06441312 -0.2608470199999998 0.6489868599999994 1.0336406000000005 0.8112625599999996
21.379059138298302 0.32431648999999985 -3.68535194 -0.0649638 -0.2606497399999998 0.6499301399999994 1.0352342800000005 0.8124801999999997
21.407449602845382 0.32493938999999983 -3.6854263 -0.06474472 -0.2607614599999998 0.6504456599999994 1.0358572800000005 0.8130410599999996
21.40744965037611 0.3261422299999998 -3.6855751 -0.06433416 -0.2609482199999998 0.6514246999999994 1.0371120400000005 0.8141364199999996
21.481923103564803 0.3280316299999998 -3.68656482 -0.06379856 -0.2612483799999998 0.6530786599999994 1.0398249200000005 0.8162370999999996
21.48192330245818 0.3286267099999998 -3.68673436 -0.06379634 -0.2612542799999998 0.6536773999999994 1.0404677400000004 0.8168544199999996
21.481923445649493 0.32987894999999984 -3.68707344 -0.06372226 -0.26137391999999976 0.6549751599999994 1.0417532600000003 0.8181470199999996
21.481923644542867 0.33080902999999984 -3.6875682999999997 -0.06347498 -0.2615030599999998 0.6557870999999994 1.0431087200000004 0.8191882399999996
21.783099705363917 0.3316400099999998 -3.6877441799999997 -0.06368714 -0.2614725999999998 0.6567997799999994 1.0446959400000004 0.8204432999999995
21.783100136103215 0.3332513699999998 -3.6880959399999997 -0.06417886 -0.26131399999999977 0.6587442599999994 1.0478692200000004 0.8229061799999995
21.790044953906673 0.33363976999999984 -3.6879280399999996 -0.06423894000000001 -0.2612790399999998 0.6591577799999994 1.0483269000000004 0.8233383399999995
21.79004503663737 0.3337924099999998 -3.68854444 -0.06433846000000001 -0.2612555999999998 0.6593864599999993 1.0495671400000004 0.8239937799999995
21.790045046474738 0.3338549299999998 -3.68885278 -0.06440864000000002 -0.2612194599999998 0.6594829999999994 1.0501867000000005 0.8243109799999995
21.790045129205435 0.33463192999999986 -3.68851702 -0.06460228000000001 -0.2610800999999998 0.6603143199999993 1.0510517000000004 0.8251564999999995
21.858340827971965 0.3350788499999999 -3.68862378 -0.06477980000000001 -0.26101561999999984 0.6608743199999993 1.0517331400000003 0.8257677399999995
21.858340913431793 0.3353340299999999 -3.68867714 -0.06482322000000001 -0.2610366399999998 0.6611939399999993 1.0520779200000003 0.8260979799999996
21.859677041991 0.3357109899999999 -3.6885933399999997 -0.06496360000000001 -0.2609894399999998 0.6616640799999993 1.0527906200000003 0.8266704399999996
21.85967718422515 0.3364827499999999 -3.6887359799999997 -0.06457896 -0.2612716799999998 0.6623334399999993 1.0533665400000003 0.8273003999999996
21.859677511113862 0.3368404499999999 -3.6888072999999997 -0.06439876 -0.2613984599999998 0.6626377199999993 1.0536789800000004 0.8276081199999996
21.859677653348008 0.3375890499999999 -3.6886396999999995 -0.06468464 -0.2612971799999998 0.6635708799999993 1.0551019000000004 0.8287478799999997
21.861493139712664 0.3381041099999999 -3.6889477999999993 -0.06486544 -0.26127897999999977 0.6642485399999993 1.0564890600000003 0.8297248599999997
21.861493586139037 0.3391724299999999 -3.6895638799999992 -0.06518623999999999 -0.2612878999999998 0.6656465799999993 1.0592637800000002 0.8317036999999997
21.90792532775918 0.3397975499999999 -3.689587559999999 -0.06537216 -0.26118785999999977 0.6663575799999993 1.0601850200000003 0.8325033799999997
21.907925386991874 0.3401094899999999 -3.689599339999999 -0.06546946 -0.26113167999999976 0.6667106199999994 1.0606403000000002 0.8328995599999997
22.012696272393253 0.3429299099999999 -3.6889407199999993 -0.06616071999999999 -0.2609475999999998 0.6700382199999994 1.0644031400000002 0.8364107599999997
22.06424180818796 0.34066502999999987 -3.6893331799999993 -0.06585376 -0.2610611799999998 0.6675798999999993 1.0620000800000002 0.8339757799999997
22.07960116212628 0.3421198499999999 -3.689241139999999 -0.0656452 -0.2611412199999998 0.6689061399999994 1.0636285400000003 0.8354295199999997
22.112967796541096 0.3392974499999999 -3.6892187599999993 -0.06609616 -0.2610093999999998 0.6664028799999994 1.0608573200000002 0.8328132199999997
22.174193684462004 0.3406105499999999 -3.689383039999999 -0.06612904 -0.26101437999999977 0.6677538399999994 1.06247912 0.8342784199999997
22.212289807075564 0.3418469699999999 -3.689533999999999 -0.06614854 -0.2610105399999998 0.6690058599999994 1.0640482400000002 0.8356642399999997
22.30516151045983 0.3400418699999999 -3.6898728199999993 -0.06590620000000001 -0.2610619599999998 0.6670098399999994 1.0621853 0.8337243799999997
22.35909212428815 0.34133658999999994 -3.6896855799999995 -0.06597576000000001 -0.2610279999999998 0.6683401599999994 1.06404486 0.8352779799999998
22.359092460084476 0.34198750999999994 -3.6895920199999996 -0.06600494000000001 -0.2610211399999998 0.6690133999999994 1.06497452 0.8360593999999998
22.388371460004198 0.34283476999999996 -3.6895394399999994 -0.06606764000000001 -0.26098977999999984 0.6698919799999994 1.06619014 0.8370801599999997
22.388372063079352 0.34456312999999994 -3.6894341199999996 -0.06618736000000001 -0.26094433999999983 0.6716946199999994 1.06860146 0.8391395999999998
22.413145774903192 0.34617502999999994 -3.6889677999999995 -0.06645712000000001 -0.2607881599999998 0.6734200399999993 1.0704812 0.8409301199999998
22.445348739509093 0.34661604999999995 -3.6889892599999996 -0.06639634000000001 -0.2607572999999998 0.6737694399999994 1.0712246799999998 0.8414457599999998
22.44534930681904 0.34756508999999997 -3.6890321399999997 -0.06621934000000002 -0.2607663399999998 0.6745505599999994 1.0727011199999998 0.8425201999999998
22.46778726763743 0.34534041 -3.6889962599999997 -0.06654346000000001 -0.2607843999999998 0.6726679999999994 1.07039844 0.8404603999999999
22.474628306738765 0.34655269 -3.6890774599999996 -0.06630178000000002 -0.2608835999999998 0.6737377999999994 1.07182884 0.8416823199999999
22.47462867830029 0.34708211 -3.6891180199999996 -0.06623598000000001 -0.26084201999999984 0.6741598399999994 1.07255188 0.8422313399999999
22.47895177374389 0.34863941 -3.6887201599999995 -0.06644358000000002 -0.26070011999999987 0.6757828399999994 1.0744651 0.8439767999999999
22.48838655661514 0.34831907 -3.6887946199999995 -0.06614118000000002 -0.26076701999999985 0.6752269399999994 1.07384236 0.8433926999999999
22.55480162529584 0.34952555 -3.6885198199999993 -0.06641532000000003 -0.26057519999999984 0.6765157399999994 1.07525638 0.8447342999999999
22.574247416194172 0.35097659000000003 -3.688222219999999 -0.06653214000000003 -0.26053919999999986 0.6780475999999994 1.07672632 0.84624006
22.582583308173092 0.35125973000000005 -3.6883269199999993 -0.06646782000000002 -0.26060741999999987 0.6783346399999994 1.0768154799999998 0.8464436399999999
22.5922886780694 0.35116103000000004 -3.6883833199999994 -0.06623388000000002 -0.2606646599999999 0.6780592399999994 1.07638822 0.84610422
22.60123363988832 0.35124011000000005 -3.6884815399999993 -0.06623256000000002 -0.2606607599999999 0.6781330999999994 1.07621938 0.84607572
22.605295583380254 0.35220827000000005 -3.688277259999999 -0.06630652000000002 -0.26056503999999986 0.6790794599999994 1.0777033 0.84724888
22.605295653590318 0.35270943000000005 -3.688175119999999 -0.06634394000000002 -0.26052261999999987 0.6795756199999994 1.0784424400000001 0.84784754
22.684741470024314 0.35321803000000007 -3.688173239999999 -0.06627004000000002 -0.26052919999999985 0.6800168999999994 1.07913254 0.84839378
22.68474179181365 0.3542367900000001 -3.688169639999999 -0.06610148000000002 -0.26056639999999986 0.6809042999999994 1.08051318 0.84948926
22.6915521986012 0.3547490300000001 -3.688088259999999 -0.06594486000000002 -0.2605722799999999 0.6812657999999994 1.0810787800000001 0.84993686
22.69155250032488 0.35577235000000007 -3.687925499999999 -0.06564006000000003 -0.2605786799999999 0.6819907199999994 1.0822025000000002 0.85083002
22.770998316758885 0.35648803000000007 -3.688227739999999 -0.06569802000000002 -0.26054919999999987 0.6827348799999994 1.0835177000000003 0.8518150999999999
22.770998407034593 0.35684357000000005 -3.688378819999999 -0.06572550000000002 -0.2605361799999999 0.6831048799999994 1.0841783200000001 0.8523076999999999
22.807980996645824 0.35875763000000005 -3.688351159999999 -0.06539424000000002 -0.2606358399999999 0.6847873999999994 1.0863964600000002 0.8542161799999999
22.84396113143039 0.35860747000000004 -3.688280759999999 -0.06527762000000002 -0.2606506399999999 0.6845354199999993 1.0861051200000003 0.8539475999999999
22.843961901560522 0.35831559 -3.6881399999999993 -0.06504266000000002 -0.2606827599999999 0.6840406999999994 1.0855084000000002 0.8534098399999999
22.85434120458819 0.36013887 -3.6880834199999994 -0.06474404000000002 -0.2607089199999999 0.6855915199999993 1.08766102 0.8552145199999999
22.855452592154585 0.36009893 -3.6882167799999994 -0.06485288000000002 -0.2607200999999999 0.6856715999999994 1.08786432 0.8553465799999999
22.855453403294298 0.35998397 -3.6884835799999993 -0.06510788000000002 -0.2607030599999999 0.6857945999999994 1.08826964 0.8555886999999999
22.86429688261325 0.35957248999999997 -3.6885243399999994 -0.06520864000000003 -0.26063591999999985 0.6854167399999994 1.08789376 0.8552116799999999
22.864296901295273 0.35876957 -3.6886059799999993 -0.06531376000000003 -0.2606021199999999 0.6846851399999994 1.08721688 0.8545031599999999
22.86584687428537 0.35971031 -3.689250919999999 -0.06533530000000003 -0.26048001999999987 0.6855253799999994 1.09007708 0.85619558
22.875788362019467 0.35950994999999997 -3.689352079999999 -0.06531758000000003 -0.26048401999999987 0.6853112999999994 1.08989188 0.85599366
22.875788384347025 0.35942062999999996 -3.689402599999999 -0.06530356000000002 -0.2604920199999999 0.6852159399999994 1.08979706 0.85589852
22.89082201651211 0.35924484999999995 -3.689387619999999 -0.06522450000000002 -0.2604939799999999 0.6849630399999994 1.08966642 0.8556972
22.890822081686082 0.35899342999999995 -3.689522579999999 -0.06540172000000002 -0.26049255999999993 0.6848873999999994 1.08951962 0.85559154
22.890822257786294 0.35848838999999993 -3.689792499999999 -0.06577000000000002 -0.26047631999999993 0.6847344399999994 1.0892148199999998 0.8553745
22.89082232296026 0.3581157099999999 -3.689762659999999 -0.06563156000000002 -0.2604663199999999 0.6842133199999993 1.08896742 0.85496886
22.968988587662245 0.3593573499999999 -3.690079219999999 -0.06568088000000002 -0.2604759199999999 0.6855138799999994 1.0906792799999998 0.8564429400000001
23.021049048193174 0.3550156599999999 -3.689853829999999 -0.06574451000000002 -0.2602648699999999 0.6810247999999993 1.0859176499999998 0.8518388700000001
23.072058810073532 0.3561013599999999 -3.6904598299999987 -0.06563981000000002 -0.2603540299999999 0.6820949599999994 1.0883424899999998 0.8534805300000001
23.074744458143144 0.35583293999999993 -3.6904830499999988 -0.06565601000000001 -0.2603505299999999 0.6818392399999994 1.0880730299999999 0.8532190100000001
23.074744564326693 0.3556275199999999 -3.6905457499999987 -0.06564481000000001 -0.2603580299999999 0.6816301199999995 1.08783327 0.8529969700000001
23.07474472842022 0.3552232799999999 -3.6906711499999987 -0.06562433000000001 -0.2603716299999999 0.6812189999999995 1.0873445099999999 0.8525530900000001
23.074744834603774 0.3546881599999999 -3.690717589999999 -0.06565701 -0.26036366999999994 0.6807085999999994 1.08680139 0.8520288900000001
23.090718823024755 0.35382533999999993 -3.6907363899999988 -0.06569577 -0.2603412299999999 0.6798620799999995 1.08591807 0.8511668500000001
23.090720203080643 0.35210341999999994 -3.690773869999999 -0.06576905 -0.26030282999999993 0.6781750399999995 1.08415199 0.8494464500000002
23.119110278800136 0.34975349999999994 -3.690946589999999 -0.06589061 -0.2602578299999999 0.6759016799999995 1.08174931 0.8471185300000001
23.119110667627723 0.3486065199999999 -3.6910329899999987 -0.06591815000000001 -0.26027718999999994 0.6748015999999996 1.08055123 0.8459771100000002
23.163251957142798 0.3473727999999999 -3.691100849999999 -0.06572839000000001 -0.2603271099999999 0.6734280599999996 1.07909553 0.8445689100000002
23.163252980842145 0.3449058399999999 -3.691236849999999 -0.06537471000000002 -0.26039634999999994 0.6706766599999996 1.07617393 0.8417457100000002
23.185967858639685 0.3453728799999999 -3.6912708499999987 -0.06538079000000002 -0.26039478999999993 0.6711482199999996 1.07679693 0.8422811500000003
23.185968234414403 0.3459095399999999 -3.6912595499999985 -0.06543987000000002 -0.26037776999999995 0.6717269399999997 1.07758263 0.8429471900000003
23.185968787279744 0.3469618199999999 -3.6912369899999984 -0.06556911000000003 -0.26033965 0.6728703399999997 1.07915843 0.8442730300000003
23.185969163054466 0.3478840199999999 -3.6913051099999983 -0.06560315000000003 -0.26032041 0.6738073399999996 1.08040359 0.8453400300000004
23.19164341291818 0.3464829799999999 -3.6912386699999984 -0.06604519000000003 -0.26023221 0.6727601399999996 1.07920255 0.8442279500000004
23.191643445389225 0.3457920999999999 -3.6912054499999982 -0.06624901000000002 -0.26020469 0.6722455599999996 1.0785990699999999 0.8436758700000004
23.351012620937386 0.3466591799999999 -3.6915086899999983 -0.06700749000000003 -0.26011049 0.6737769599999995 1.08088579 0.8455259100000004
23.35101269753433 0.3470919799999999 -3.6916602899999984 -0.06738913000000003 -0.26006189 0.6745427999999996 1.08203063 0.8464516300000005
23.421981195641244 0.3481111999999999 -3.6921192299999985 -0.06736615000000003 -0.26008985 0.6755669999999996 1.08407549 0.8479064500000004
23.426253398265963 0.3484407599999999 -3.6921623699999984 -0.06722501000000003 -0.26012787000000004 0.6757934399999996 1.08434325 0.8481503100000004
23.42625382014238 0.3490801199999999 -3.6922486499999985 -0.06696253000000003 -0.26018467000000006 0.6762271199999996 1.0848767300000002 0.8486261100000004
23.441752060679633 0.3482374799999999 -3.6923482699999983 -0.06710361000000004 -0.26016055000000005 0.6755014399999997 1.0841152900000002 0.8478853500000004
23.441752143410326 0.34614247999999986 -3.692235029999998 -0.06648813000000003 -0.26023679000000005 0.6728671999999997 1.0813069700000002 0.8451776700000004
23.44175257401431 0.34511125999999986 -3.692178329999998 -0.06617279000000004 -0.26028489000000005 0.6715687399999997 1.0798964500000001 0.8438319300000005
23.441752656745003 0.34343101999999986 -3.6923775699999983 -0.06644159000000004 -0.26025301000000006 0.6701254599999996 1.07838765 0.8423610100000004
23.473198589141624 0.34396531999999985 -3.692358449999998 -0.06657641000000003 -0.26023001000000007 0.6707715799999996 1.07914869 0.8430556100000004
23.473198995003678 0.3450002799999998 -3.6923201299999984 -0.06688401000000004 -0.26011637000000004 0.6720004999999996 1.08068181 0.8444128500000004
23.51963077718814 0.34565095999999984 -3.692336889999998 -0.06692129000000004 -0.26005421000000006 0.6726262999999996 1.08146521 0.8451051300000004
23.519630795856514 0.3460002799999998 -3.6923452699999983 -0.06690551000000003 -0.26007331000000006 0.6729789199999996 1.0818564099999999 0.8454740300000004
23.645014520922295 0.3464502999999998 -3.6924476899999985 -0.06684471000000003 -0.26008113000000005 0.6733759799999995 1.0826380899999999 0.8460333500000005
23.645014818232458 0.34732781999999984 -3.6926525299999984 -0.06674887000000003 -0.26006777000000003 0.6741442999999996 1.08420133 0.8471370300000005
23.64685848893473 0.34636807999999986 -3.692641889999998 -0.06678615000000003 -0.26006607000000004 0.6732201199999995 1.08322457 0.8461906700000005
23.646858631168875 0.34515587999999986 -3.6925230499999984 -0.06711287000000003 -0.25999591000000005 0.6722644399999995 1.08212317 0.8451735100000005
23.646858653005747 0.34455359999999985 -3.6924636099999986 -0.06727215000000003 -0.25995761000000006 0.6717831199999995 1.0815636100000001 0.8446591900000006
23.646858795239893 0.34259859999999986 -3.6924423299999987 -0.06737155000000003 -0.25993149000000004 0.6699013999999995 1.0796365700000001 0.8427583500000005
23.652497704323103 0.34304417999999987 -3.6924782099999987 -0.06768975000000003 -0.25988143 0.6706150999999996 1.0804803500000002 0.8435269300000006
23.652498186572462 0.34394169999999985 -3.6925499699999986 -0.06831187000000004 -0.25979347 0.6720467799999996 1.0821613100000003 0.8450637700000005
23.688039668837675 0.34442259999999986 -3.6925499699999986 -0.06831187000000004 -0.25979347 0.6725276799999996 1.0815023100000003 0.8450637700000005
23.68803998849237 0.34347773999999986 -3.6926122899999987 -0.06833679000000004 -0.25976705 0.6715813199999996 1.0804745900000003 0.8440830900000006
23.688040597477734 0.34496249999999984 -3.6926122899999987 -0.06833679000000004 -0.25976705 0.6730660799999996 1.0784399500000004 0.8440830900000006
23.688040917132433 0.3459260599999998 -3.6926122899999987 -0.06833679000000004 -0.25976705 0.6740296399999995 1.0771195500000004 0.8440830900000006
23.714284211847364 0.3467572999999998 -3.6927173699999987 -0.06860171000000004 -0.25973713 0.6750958799999995 1.0785811900000004 0.8453161700000006
23.714284376367438 0.3471647199999998 -3.6927699699999987 -0.06874059000000003 -0.25971305 0.6756180799999996 1.0793108500000004 0.8459258900000006
23.727738826931155 0.34781443999999984 -3.692799249999999 -0.06880947000000003 -0.25970745 0.6763310799999995 1.0799915700000005 0.8466252900000006
23.72773896390104 0.3481334999999998 -3.692813849999999 -0.06884553000000003 -0.25970029 0.6766790599999996 1.0803362900000004 0.8469718900000006
23.728539552611068 0.3485120599999998 -3.6928504899999988 -0.06880633000000003 -0.25971495 0.6770330799999995 1.0807973500000003 0.8473710700000007
23.728539735146107 0.34895851999999977 -3.692831969999999 -0.06883279000000003 -0.25970525 0.6774962999999995 1.0813935300000004 0.8478903700000007
23.728540481251127 0.34983535999999976 -3.692794969999999 -0.06889487000000004 -0.25967805 0.6784080199999994 1.0825833300000003 0.8489194100000007
23.728540663786163 0.3505620799999998 -3.692868209999999 -0.06884591000000004 -0.25968037 0.6790880999999994 1.0835354100000003 0.8497142500000007
23.731271367656863 0.3510629999999998 -3.692932569999999 -0.06884743000000004 -0.25971645 0.6796266199999994 1.0842198500000002 0.8503143300000007
23.7312714334534 0.3513084399999998 -3.692964729999999 -0.06885791000000004 -0.25971963 0.6798857199999994 1.0845651900000002 0.8506098100000007
23.7607160127002 0.3516719599999998 -3.692956389999999 -0.06868493000000003 -0.25975041 0.6801070399999993 1.08484799 0.8508570700000007
23.760716564413954 0.3523934399999998 -3.692939789999999 -0.06833497000000004 -0.25980881 0.6805369599999993 1.08541587 0.8513451900000006
23.79005534833741 0.35169539999999977 -3.692969189999999 -0.06831367000000003 -0.25981417 0.6798229799999993 1.08469083 0.8506265500000006
23.79005556312387 0.3509990799999998 -3.692938449999999 -0.06837631000000004 -0.25979597 0.6791710999999993 1.08402625 0.8499693100000006
23.790056276977467 0.3519758399999998 -3.692938449999999 -0.06837631000000004 -0.25979597 0.6801478599999993 1.08268773 0.8499693100000006
23.79005649176393 0.3505749599999998 -3.6929972899999988 -0.06833607000000004 -0.25980397 0.6787147399999993 1.08125289 0.8485354700000006
23.89811654825842 0.34804688999999983 -3.6927780799999987 -0.06840327000000004 -0.25965808 0.6761079799999993 1.07848173 0.8458593500000007
24.192121617004 0.34836588999999984 -3.6929770599999987 -0.06839489000000004 -0.25966906 0.6764295799999993 1.07930937 0.8463944300000007
24.192121843521537 0.34901328999999987 -3.693374979999999 -0.06837665000000004 -0.25969314 0.6770827799999993 1.0809531300000002 0.8474655100000007
24.220512308068614 0.34927634999999985 -3.693408139999999 -0.06834725000000004 -0.25970889999999996 0.6773321999999993 1.0813398100000002 0.8477728500000007
24.220513072779376 0.34984078999999985 -3.693474499999999 -0.06824993000000004 -0.25977814 0.6778685599999993 1.0821130500000002 0.8484091700000007
24.25889275609062 0.35009852999999985 -3.693476899999999 -0.06825269000000005 -0.25978098 0.6781318999999992 1.0824515900000002 0.8487042300000007
24.258893179946995 0.35063460999999985 -3.693481659999999 -0.06825941000000005 -0.25978081999999997 0.6786745399999993 1.0830950700000002 0.8492894300000007
24.287283644494067 0.35092724999999986 -3.693502759999999 -0.06824213000000005 -0.25978806 0.6789571399999993 1.0835021100000002 0.8496245300000007
24.287284211865998 0.3515778099999999 -3.693544959999999 -0.06808929000000005 -0.25992318 0.6795899799999993 1.08432195 0.8503362500000007
24.29279189025693 0.35068782999999987 -3.693546599999999 -0.06822991000000005 -0.25989113999999996 0.6788085799999992 1.08349143 0.8495341300000007
24.29279260178161 0.34889118999999985 -3.693549839999999 -0.06851115000000005 -0.25983989999999996 0.6772418999999992 1.08183987 0.8479316500000007
24.335964778671485 0.34768862999999983 -3.6933456399999987 -0.06864471000000005 -0.25974853999999997 0.6760815399999992 1.08065843 0.8467624100000007
24.335965039412915 0.34709410999999984 -3.6932435799999985 -0.06870071000000005 -0.25971236 0.6755068399999992 1.08006935 0.8461816500000008
24.476141820759988 0.34646048999999984 -3.6932299799999986 -0.06873095000000005 -0.25969887999999997 0.6748899999999992 1.07942001 0.8455510900000008
24.47614185479155 0.34518444999999986 -3.6932028199999984 -0.06880023000000006 -0.25966127999999994 0.6736455999999992 1.0781145699999999 0.8442809300000008
24.491865977439844 0.34467304999999987 -3.6931541799999983 -0.06886731000000006 -0.2596252599999999 0.6731652799999992 1.0776266499999998 0.8437973900000009
24.491866430187585 0.34368824999999986 -3.693056859999998 -0.06897255000000006 -0.25958429999999993 0.6722447599999992 1.0766373699999998 0.8428478700000008
24.57470084777858 0.34357998999999984 -3.693029039999998 -0.06895505000000006 -0.2595754599999999 0.6721101399999992 1.0765057499999997 0.8427145100000009
24.5747013327364 0.34341320999999986 -3.692969219999998 -0.06900477000000006 -0.2595561599999999 0.6719737799999993 1.0763354899999997 0.8425638500000009
24.574701370923897 0.34309260999999985 -3.692849699999998 -0.06908393000000006 -0.2595362799999999 0.6717124599999993 1.0759920099999998 0.8422678900000009
24.574701855881717 0.34288196999999987 -3.6927940999999977 -0.06904229000000006 -0.2595229999999999 0.6714468599999993 1.0757245699999998 0.8420015300000009
24.65872235015947 0.3428110699999999 -3.692778439999998 -0.06907611000000007 -0.2595107799999999 0.6713975599999993 1.0756487299999997 0.8419410300000009
24.6587226797115 0.3427700499999999 -3.6927501799999978 -0.06910139000000007 -0.25950395999999987 0.6713749999999993 1.0756086899999997 0.8419111100000009
24.65872287330479 0.3426697299999999 -3.692693659999998 -0.06918387000000006 -0.25946559999999985 0.6713187999999993 1.0755285699999997 0.8418448300000009
24.658723202856816 0.3425290499999999 -3.692662379999998 -0.06925031000000006 -0.25944251999999984 0.6712214799999994 1.0753768099999996 0.8417245500000009
24.661537921971217 0.34296708999999986 -3.692685099999998 -0.06930647000000006 -0.25942819999999983 0.6717013999999993 1.0758889299999996 0.8422180700000009
24.661538120864595 0.34310820999999986 -3.692737719999998 -0.06936183000000007 -0.25940265999999984 0.6718723199999993 1.0761646499999997 0.8424331900000009
24.661538335628865 0.34341260999999984 -3.692842999999998 -0.06946723000000007 -0.25936173999999984 0.6722411999999993 1.0766862899999998 0.8428665100000009
24.661538534522244 0.34361096999999985 -3.692854359999998 -0.06952411000000007 -0.25932785999999985 0.6724625599999993 1.0769429299999997 0.8431027500000009
24.677858800925527 0.34382230999999985 -3.692846239999998 -0.06952083000000008 -0.2593101999999999 0.6726529399999993 1.0771929099999997 0.8433182900000009
24.677858943159674 0.34434626999999984 -3.692836719999998 -0.06948755000000008 -0.2593173199999999 0.6731507399999993 1.0778128299999998 0.8438676100000009
24.677859129394726 0.34460502999999987 -3.692831959999998 -0.06948017000000008 -0.2593141799999999 0.6733989999999993 1.07812257 0.8441418100000009
24.677859271628876 0.34498662999999985 -3.692815759999998 -0.06952465000000008 -0.2592043799999999 0.6737152799999993 1.07862289 0.8445357300000009
24.694042471760916 0.34518530999999986 -3.692927379999998 -0.06950001000000007 -0.2592378199999999 0.6739227599999993 1.07927891 0.844932450000001
24.69404255449161 0.3456263099999999 -3.692950059999998 -0.06946841000000006 -0.2592479799999999 0.6743423199999993 1.07984391 0.8454133700000009
24.694042618590835 0.3458431299999999 -3.692961379999998 -0.06945305000000006 -0.2592536599999999 0.6745494399999993 1.0801322299999998 0.8456547300000009
24.694042701321532 0.3461958899999999 -3.693184619999998 -0.06943753000000005 -0.25926149999999987 0.6748945199999993 1.0814441899999998 0.8464077300000009
24.747398132511314 0.34668422999999987 -3.6931502399999983 -0.06934069000000005 -0.25926869999999985 0.6752931599999993 1.0819018099999997 0.8468312700000009
24.767733368147198 0.34684004999999984 -3.6932284799999984 -0.06943081000000005 -0.25923713999999987 0.6755075399999992 1.0821926899999998 0.8470779300000009
24.8872145625906 0.34683896999999986 -3.6931525799999982 -0.06944987000000005 -0.25921607999999985 0.6755044599999992 1.08217467 0.8470685500000009
24.887215074285244 0.3466975099999999 -3.6932495199999984 -0.06955079000000006 -0.25922229999999985 0.6754701399999992 1.0820868099999998 0.8470116500000009
24.88721507696008 0.34640298999999986 -3.6934435199999984 -0.06976347000000006 -0.25922337999999984 0.6753893799999992 1.0819118899999998 0.8468911700000009
24.88721558865472 0.34642954999999986 -3.693291639999998 -0.06974371000000007 -0.25923421999999985 0.6754069799999991 1.0818833699999997 0.8468893300000009
24.92690889377525 0.3465614499999999 -3.6933046999999983 -0.06971001000000007 -0.25924725999999987 0.6755182199999991 1.0820154899999996 0.8470093700000009
24.926909432256572 0.3466163699999999 -3.693281559999998 -0.06969441000000007 -0.25923397999999986 0.675544259999999 1.0820738899999995 0.8470490700000008
24.92690982241531 0.3467499299999999 -3.693235319999998 -0.06965577000000006 -0.25921593999999987 0.675621139999999 1.0821752499999995 0.8471362700000008
24.926910360896635 0.3470377299999999 -3.6932615199999983 -0.06958493000000006 -0.25923549999999984 0.6758576599999989 1.0824395699999996 0.8473845100000008
24.949358820430476 0.3471785899999999 -3.6932915399999984 -0.06962747000000005 -0.25923177999999986 0.6760373599999989 1.0826611299999995 0.8475818700000008
24.949359343575797 0.3474143099999999 -3.6933515799999985 -0.06976995000000005 -0.25916029999999984 0.6763440799999989 1.0831041299999995 0.8479460700000009
24.970162475799476 0.3474225699999999 -3.6934093199999984 -0.06981471000000006 -0.25911575999999986 0.6763525599999989 1.0831995099999996 0.8479912100000009
24.97016282340097 0.3474579899999999 -3.6933920199999983 -0.06984167000000006 -0.2591093999999999 0.6764085599999988 1.0832734499999996 0.8480547900000008
24.97016340443954 0.3475395899999999 -3.6933572999999984 -0.06988435000000007 -0.2591041199999999 0.6765275599999988 1.0834210099999997 0.8481858300000008
24.970163752041028 0.3476847499999999 -3.6934726999999983 -0.06987223000000006 -0.25913219999999987 0.6766886399999988 1.0836147299999996 0.8483607100000008
24.97774187382749 0.3475044699999999 -3.6934835599999984 -0.06993537000000007 -0.2591156199999999 0.6765549399999988 1.0834676099999996 0.8482213500000008
24.97774207970314 0.3473227299999999 -3.6934706599999982 -0.07000827000000007 -0.2590772199999999 0.6764076999999988 1.0833375299999997 0.8480813500000007
24.977742388196965 0.3470091699999999 -3.6934448599999983 -0.07011299000000007 -0.25905953999999987 0.6761811799999988 1.0830755699999997 0.8478399100000007
24.97774259407262 0.34663884999999994 -3.6934663799999985 -0.07025319000000006 -0.2590122599999999 0.6759037799999988 1.0827815699999996 0.8475555100000007
24.99153998709204 0.3464522099999999 -3.6934107399999987 -0.07035555000000006 -0.2589803799999999 0.6757876199999988 1.0826480499999995 0.8474320300000008
24.991540185985418 0.3464381899999999 -3.6933595799999988 -0.07035463000000006 -0.2589641399999999 0.6757564399999988 1.0826176499999995 0.8474011700000008
24.991540308386774 0.3464787099999999 -3.6933595799999988 -0.07035463000000006 -0.2589641399999999 0.6757969599999988 1.0825621299999995 0.8474011700000008
24.99154050728015 0.34638796999999993 -3.693331719999999 -0.07040587000000005 -0.2589484199999999 0.6757417599999987 1.0824888699999995 0.8473383500000008
25.023687114096425 0.34650226999999995 -3.6933691599999987 -0.07044179000000005 -0.2589201399999999 0.6758636799999987 1.0827145699999996 0.8475040500000008
25.023687637241743 0.34678154999999994 -3.6934439999999986 -0.07045403000000004 -0.2589282599999999 0.6761633199999988 1.0831722099999996 0.8478703700000009
25.054123833623883 0.3471752699999999 -3.6934247999999985 -0.07046375000000005 -0.2588462399999999 0.6764847399999988 1.0836243699999997 0.8482469300000008
25.133383882453813 0.34701050999999994 -3.6934389599999986 -0.07047327000000005 -0.2588389199999999 0.6763221399999988 1.0834895299999996 0.8480960500000009
25.133384055435638 0.34689658999999995 -3.6934235599999985 -0.07049787000000005 -0.2588258799999999 0.6762198199999988 1.0833231299999997 0.8479666900000009
25.133384081347195 0.34683460999999993 -3.6934158999999984 -0.07051653000000005 -0.2588103999999999 0.6761610199999988 1.0832419899999997 0.847898470000001
25.133384254329016 0.3467226499999999 -3.6934229999999983 -0.07054321000000005 -0.25878269999999987 0.6760480199999988 1.0831895299999996 0.8478110100000009
25.141998630141867 0.3470194699999999 -3.693481199999998 -0.07057825000000005 -0.25881659999999984 0.6764137799999987 1.0834094299999997 0.8481152100000009
25.147234567102096 0.3471225699999999 -3.693436579999998 -0.07051009000000005 -0.25881397999999983 0.6764460999999987 1.0834698899999997 0.848159410000001
25.147235303112815 0.3473535699999999 -3.693347299999998 -0.07037341000000005 -0.25880933999999983 0.6765357799999987 1.0835716899999996 0.8482542100000009
25.150984425887344 0.34564752999999987 -3.693419119999998 -0.07033027000000006 -0.25887449999999984 0.6748517599999987 1.0817298699999995 0.8465036500000009
25.191434485048447 0.34414662999999984 -3.693305839999998 -0.07038871000000006 -0.25882499999999986 0.6733597399999987 1.0801454499999996 0.844972690000001
25.202110411592848 0.34445562999999985 -3.693127999999998 -0.07019299000000007 -0.25882247999999985 0.6734704999999986 1.0802954499999997 0.8450999700000009
