shell0_X0_Y0_Z0_mono0_fix1/shell0_X0_Y0_Z0_mono1_fix1//test20tig_AVTZ// DONE 4.565751472509687 12	-0.75770273 -0.67844330 0.05816444 -0.02435834 -0.79150883 -0.73970360 -0.76965350
shell0_X0_Y0_Z0_mono0_fix1/shell1_X0_Y-1_Z0_mono0_fix1//test20tig_AVTZ// DONE 6.283227169962359 6	-0.18387843 -0.15981420 -0.16790750 0.00253989 -0.01851081 -0.01683507 -0.01780386
shell0_X0_Y0_Z0_mono0_fix1/shell0_X0_Y0_Z0_mono3_fix1//test20tig_AVTZ// DONE 7.57376537453448 12	-0.03597066 -0.01828624 -0.01902550 0.00013125 -0.01707641 -0.01691451 -0.01700811
shell0_X0_Y0_Z0_mono0_fix1/shell1_X0_Y1_Z0_mono3_fix1//test20tig_AVTZ// DONE 7.664413314073836 12	-0.01007556 0.00266882 0.00438738 -0.00006467 -0.01439827 -0.01437440 -0.01438820
shell0_X0_Y0_Z0_mono0_fix1/shell1_X0_Y-1_Z-1_mono0_fix1//test20tig_AVTZ// DONE 8.69884916629692 6	-0.02971256 -0.02367984 -0.02762310 0.00029801 -0.00238747 -0.00184864 -0.00216015
shell0_X0_Y0_Z0_mono0_fix1/shell1_X0_Y-1_Z1_mono0_fix1//test20tig_AVTZ// DONE 8.813938135457056 6	0.01886003 0.02653534 0.03241950 -0.00037697 -0.01318250 -0.01361023 -0.01336295
shell0_X0_Y0_Z0_mono0_fix1/shell1_X0_Y1_Z0_mono2_fix1//test20tig_AVTZ// DONE 9.762161009125471 12	0.00833141 0.01291339 0.01558269 -0.00019383 -0.00705744 -0.00732442 -0.00717007
shell0_X0_Y0_Z0_mono0_fix1/shell1_X0_Y0_Z-1_mono2_fix1//test20tig_AVTZ// DONE 9.763617675955024 12	-0.01093025 -0.00853800 -0.01025361 0.00011747 -0.00079410 -0.00063126 -0.00072540
shell0_X0_Y0_Z0_mono0_fix1/shell1_X1_Y-1_Z-1_mono0_fix1//test20tig_AVTZ// DONE 10.574170213290163 2	0.02928338 0.03578660 0.04262238 -0.00050168 -0.01283732 -0.01357059 -0.01314667
shell0_X0_Y0_Z0_mono0_fix1/shell1_X-1_Y-1_Z1_mono0_fix1//test20tig_AVTZ// DONE 10.707029454809257 6	-0.00063665 0.00107362 0.00124133 -0.00000962 -0.00186835 -0.00187404 -0.00187075
shell0_X0_Y0_Z0_mono0_fix1/shell1_X0_Y-1_Z0_mono3_fix1//test20tig_AVTZ// DONE 11.474829462410431 12	0.00491485 0.00698589 0.00841543 -0.00010857 -0.00339201 -0.00353350 -0.00345170
shell0_X0_Y0_Z0_mono0_fix1/shell1_X-1_Y0_Z0_mono3_fix1//test20tig_AVTZ// DONE 11.50145518534497 12	-0.00832514 -0.00785417 -0.00948863 0.00013724 0.00102626 0.00120951 0.00110356
shell0_X0_Y0_Z0_mono0_fix1/shell1_X-1_Y1_Z0_mono3_fix1//test20tig_AVTZ// DONE 11.527201388382558 12	0.00202120 0.00344242 0.00415929 -0.00005202 -0.00208607 -0.00214488 -0.00211088
shell0_X0_Y0_Z0_mono0_fix1/shell1_X-1_Y0_Z-1_mono2_fix1//test20tig_AVTZ// DONE 11.553299729505836 12	0.00076530 0.00186980 0.00228542 -0.00005727 -0.00146285 -0.00151585 -0.00148521
shell0_X0_Y0_Z0_mono0_fix1/shell2_X0_Y2_Z0_mono0_fix1//test20tig_AVTZ// DONE 12.297608531859105 6	-0.00567367 -0.00544984 -0.00659076 0.00007849 0.00083860 0.00094811 0.00088480
shell0_X0_Y0_Z0_mono0_fix1/shell1_X0_Y0_Z-1_mono3_fix1//test20tig_AVTZ// DONE 13.014818882472333 12	-0.00026268 0.00034714 0.00042777 -0.00000425 -0.00068620 -0.00069157 -0.00068846
shell0_X0_Y0_Z0_mono0_fix1/shell1_X0_Y1_Z-1_mono2_fix1//test20tig_AVTZ// DONE 13.032796468426524 12	-0.00310347 -0.00282533 -0.00344452 0.00007917 0.00026188 0.00035072 0.00029936
shell0_X0_Y0_Z0_mono0_fix1/shell1_X0_Y1_Z-1_mono3_fix1//test20tig_AVTZ// DONE 13.050823247654241 12	-0.00147660 -0.00109273 -0.00133882 0.00003219 -0.00016997 -0.00013328 -0.00015449
shell0_X0_Y0_Z0_mono0_fix1/shell2_X0_Y-1_Z-2_mono0_fix1//test20tig_AVTZ// DONE 13.69876945376325 12	-0.00299346 -0.00283538 -0.00338398 0.00003367 0.00035685 0.00041173 0.00038000
shell0_X0_Y0_Z0_mono0_fix1/shell2_X1_Y2_Z0_mono0_fix1//test20tig_AVTZ// DONE 13.759355037987806 12	0.00081034 0.00125790 0.00151180 -0.00001978 -0.00068167 -0.00071105 -0.00069407
shell0_X0_Y0_Z0_mono0_fix1/shell1_X-1_Y-1_Z0_mono3_fix1//test20tig_AVTZ// DONE 14.371745937429711 12	-0.00303800 -0.00301648 -0.00362651 0.00004417 0.00054434 0.00060645 0.00057054
shell0_X0_Y0_Z0_mono0_fix1/shell1_X1_Y1_Z-1_mono1_fix1//test20tig_AVTZ// DONE 14.411557279951486 12	0.00049956 0.00083390 0.00100905 -0.00001338 -0.00049611 -0.00051409 -0.00050370
shell0_X0_Y0_Z0_mono0_fix1/shell2_X2_Y-1_Z-1_mono0_fix1//test20tig_AVTZ// DONE 14.96631000656361 6	0.00217688 0.00273836 0.00329078 -0.00003751 -0.00107639 -0.00113225 -0.00109996
shell0_X0_Y0_Z0_mono0_fix1/shell2_X1_Y1_Z2_mono0_fix1//test20tig_AVTZ// DONE 15.03701401149489 12	-0.00127836 -0.00119040 -0.00144389 0.00001644 0.00014909 0.00016934 0.00015764
shell0_X0_Y0_Z0_mono0_fix1/shell2_X-1_Y1_Z-2_mono0_fix1//test20tig_AVTZ// DONE 15.059762506204045 6	0.00155087 0.00191889 0.00231654 -0.00002595 -0.00073971 -0.00077673 -0.00075533
shell0_X0_Y0_Z0_mono0_fix1/shell1_X0_Y-1_Z-1_mono3_fix1//test20tig_AVTZ// DONE 15.601552246473624 12	0.00182152 0.00225010 0.00269910 -0.00002551 -0.00085208 -0.00088958 -0.00086790
shell0_X0_Y0_Z0_mono0_fix1/shell1_X-1_Y0_Z-1_mono3_fix1//test20tig_AVTZ// DONE 15.622710803146045 12	-0.00170674 -0.00169396 -0.00203879 0.00002316 0.00030888 0.00033836 0.00032132
shell0_X0_Y0_Z0_mono0_fix1/shell2_X0_Y0_Z-2_mono1_fix1//test20tig_AVTZ// DONE 15.632744346532903 12	0.00144747 0.00179616 0.00216258 -0.00002452 -0.00069059 -0.00072419 -0.00070476
shell0_X0_Y0_Z0_mono0_fix1/shell2_X0_Y0_Z-2_mono2_fix1//test20tig_AVTZ// DONE 15.63315330182851 12	-0.00060644 -0.00048611 -0.00058001 0.00000313 -0.00002957 -0.00002062 -0.00002579
shell0_X0_Y0_Z0_mono0_fix1/shell1_X-1_Y1_Z-1_mono3_fix1//test20tig_AVTZ// DONE 15.643436789528975 12	-0.00067454 -0.00057085 -0.00069273 0.00000847 0.00000972 0.00001690 0.00001275
shell0_X0_Y0_Z0_mono0_fix1/shell2_X0_Y2_Z-1_mono3_fix1//test20tig_AVTZ// DONE 15.664033004263276 12	0.00033859 0.00052056 0.00064509 -0.00002462 -0.00028188 -0.00030030 -0.00028965
shell0_X0_Y0_Z0_mono0_fix1/shell2_X0_Y-2_Z0_mono3_fix1//test20tig_AVTZ// DONE 16.761703440649224 12	0.00058776 0.00079078 0.00095057 -0.00000933 -0.00035348 -0.00036676 -0.00035908
shell0_X0_Y0_Z0_mono0_fix1/shell2_X-2_Y0_Z0_mono3_fix1//test20tig_AVTZ// DONE 16.77847046555876 12	-0.00019273 -0.00008657 -0.00011162 0.00000360 -0.00008471 -0.00008542 -0.00008501
shell0_X0_Y0_Z0_mono0_fix1/shell2_X-2_Y1_Z0_mono3_fix1//test20tig_AVTZ// DONE 16.78679396625788 12	0.00078935 0.00099552 0.00119917 -0.00001385 -0.00039597 -0.00041423 -0.00040367
shell0_X0_Y0_Z0_mono0_fix1/shell2_X2_Y1_Z0_mono1_fix1//test20tig_AVTZ// DONE 16.80375354275092 12	-0.00015564 -0.00006714 -0.00008342 0.00000102 -0.00007324 -0.00007604 -0.00007442
shell0_X0_Y0_Z0_mono0_fix1/shell2_X2_Y0_Z-2_mono0_fix1//test20tig_AVTZ// DONE 17.29872877118602 6	-0.00059068 -0.00054038 -0.00064047 0.00000234 0.00004745 0.00005474 0.00005052
shell0_X0_Y0_Z0_mono0_fix1/shell2_X0_Y-2_Z2_mono0_fix1//test20tig_AVTZ// DONE 17.359205776923226 6	0.00077883 0.00094895 0.00114280 -0.00001119 -0.00035278 -0.00036864 -0.00035947
shell0_X0_Y0_Z0_mono0_fix1/shell1_X-1_Y-1_Z-1_mono3_fix1//test20tig_AVTZ// DONE 17.837726547451208 12	-0.00053830 -0.00050216 -0.00060521 0.00000715 0.00005976 0.00006805 0.00006326
shell0_X0_Y0_Z0_mono0_fix1/shell2_X0_Y2_Z-1_mono2_fix1//test20tig_AVTZ// DONE 17.85859884235666 12	-0.00011815 -0.00004981 -0.00006274 0.00000005 -0.00005546 -0.00006054 -0.00005760
shell0_X0_Y0_Z0_mono0_fix1/shell2_X0_Y1_Z-2_mono2_fix1//test20tig_AVTZ// DONE 17.858738630293253 12	-0.00065669 -0.00064465 -0.00078116 0.00001106 0.00011341 0.00012274 0.00011735
shell0_X0_Y0_Z0_mono0_fix1/shell2_X-1_Y2_Z-1_mono3_fix1//test20tig_AVTZ// DONE 17.879470756828297 12	0.00018036 0.00027099 0.00033231 -0.00000801 -0.00014394 -0.00014720 -0.00014531
shell0_X0_Y0_Z0_mono0_fix1/shell2_X-1_Y2_Z2_mono0_fix1//test20tig_AVTZ// DONE 18.32157058770746 6	0.00111190 0.00132233 0.00158744 -0.00001765 -0.00045789 -0.00049221 -0.00047237
shell0_X0_Y0_Z0_mono0_fix1/shell2_X1_Y2_Z2_mono0_fix1//test20tig_AVTZ// DONE 18.373165780845497 12	-0.00073272 -0.00074578 -0.00089395 0.00000594 0.00015529 0.00016533 0.00015953
shell0_X0_Y0_Z0_mono0_fix1/shell2_X1_Y2_Z-2_mono0_fix1//test20tig_AVTZ// DONE 18.398352551393423 12	0.00037921 0.00046807 0.00056249 -0.00000549 -0.00017779 -0.00021371 -0.00019294
shell0_X0_Y0_Z0_mono0_fix1/shell2_X-1_Y-2_Z0_mono3_fix1//test20tig_AVTZ// DONE 18.85858699314509 12	-0.00043772 -0.00041910 -0.00050852 0.00000849 0.00006232 0.00006921 0.00006522
shell0_X0_Y0_Z0_mono0_fix1/shell2_X-2_Y-1_Z0_mono3_fix1//test20tig_AVTZ// DONE 18.86446971412594 12	-0.00066791 -0.00067733 -0.00081760 0.00001124 0.00013845 0.00015063 0.00014359
shell0_X0_Y0_Z0_mono0_fix1/shell2_X0_Y0_Z-2_mono3_fix1//test20tig_AVTZ// DONE 18.864512949755813 12	-0.00002205 0.00003959 0.00004769 0.00000066 -0.00007040 -0.00006802 -0.00006939
shell0_X0_Y0_Z0_mono0_fix1/shell2_X1_Y1_Z-2_mono1_fix1//test20tig_AVTZ// DONE 18.88207867599655 12	0.00030946 0.00039988 0.00047998 -0.00000300 -0.00016751 -0.00017429 -0.00017037
shell0_X0_Y0_Z0_mono0_fix1/shell2_X0_Y1_Z-2_mono3_fix1//test20tig_AVTZ// DONE 18.88223623471766 12	-0.00022524 -0.00019261 -0.00022879 0.00000112 0.00000243 0.00001154 0.00000627
shell0_X0_Y0_Z0_mono0_fix1/shell2_X-1_Y1_Z-2_mono2_fix1//test20tig_AVTZ// DONE 18.88806216681569 12	-0.00011421 -0.00007081 -0.00008717 0.00000230 -0.00002933 -0.00002536 -0.00002766
shell0_X0_Y0_Z0_mono0_fix1/shell3_X0_Y-1_Z-3_mono0_fix1//test20tig_AVTZ// DONE 19.344509269286384 12	-0.00058540 -0.00059193 -0.00071261 0.00000942 0.00011779 0.00013052 0.00012316
shell0_X0_Y0_Z0_mono0_fix1/shell3_X0_Y-1_Z3_mono0_fix1//test20tig_AVTZ// DONE 19.377068619889 12	-0.00009215 -0.00005604 -0.00006983 0.00000351 -0.00002583 -0.00002599 -0.00002590
shell0_X0_Y0_Z0_mono0_fix1/shell2_X0_Y-2_Z-1_mono3_fix1//test20tig_AVTZ// DONE 19.81059168261476 12	0.00066087 0.00078227 0.00093806 -0.00001109 -0.00026609 -0.00028596 -0.00027447
shell0_X0_Y0_Z0_mono0_fix1/shell2_X-2_Y0_Z-1_mono3_fix1//test20tig_AVTZ// DONE 19.831080342103018 12	-0.00045196 -0.00045591 -0.00055402 0.00000891 0.00009315 0.00009737 0.00009493
shell0_X0_Y0_Z0_mono0_fix1/shell2_X-2_Y1_Z-1_mono3_fix1//test20tig_AVTZ// DONE 19.8412000731712 12	-0.00004588 -0.00000828 -0.00001052 0.00000072 -0.00003608 -0.00003585 -0.00003598
shell0_X0_Y0_Z0_mono0_fix1/shell2_X-2_Y0_Z-2_mono2_fix1//test20tig_AVTZ// DONE 19.861465953150443 12	0.00012750 0.00017453 0.00021416 -0.00000549 -0.00008117 -0.00008805 -0.00008407
shell0_X0_Y0_Z0_mono0_fix1/shell3_X1_Y-1_Z-3_mono0_fix1//test20tig_AVTZ// DONE 20.267298409918073 6	-0.00001343 0.00003507 0.00004230 0.00000108 -0.00005681 -0.00005085 -0.00005430
shell0_X0_Y0_Z0_mono0_fix1/shell3_X-1_Y-1_Z-3_mono0_fix1//test20tig_AVTZ// DONE 20.30527729994488 12	-0.00036656 -0.00037072 -0.00044974 0.00000758 0.00007560 0.00007661 0.00007603
shell0_X0_Y0_Z0_mono0_fix1/shell3_X-1_Y-3_Z1_mono0_fix1//test20tig_AVTZ// DONE 20.32396631306445 6	0.00025313 0.00031069 0.00037939 -0.00000822 -0.00011804 -0.00012475 -0.00012087
shell0_X0_Y0_Z0_mono0_fix1/shell2_X0_Y-1_Z-2_mono3_fix1//test20tig_AVTZ// DONE 20.73432828058026 12	0.00034693 0.00042545 0.00050243 0.00000266 -0.00015816 -0.00016719 -0.00016197
shell0_X0_Y0_Z0_mono0_fix1/shell2_X-1_Y0_Z-2_mono3_fix1//test20tig_AVTZ/ DONE 20.747754694528542 12	-0.00027004 -0.00026596 -0.00031435 -0.00000030 0.00004460 0.00005162 0.00004757
shell0_X0_Y0_Z0_mono0_fix1/shell2_X-1_Y1_Z-2_mono3_fix1//test20tig_AVTZ// DONE 20.761054555585694 12	-0.00021420 -0.00020180 -0.00024586 0.00000525 0.00002641 0.00003616 0.00003053
shell0_X0_Y0_Z0_mono0_fix1/shell2_X0_Y2_Z-2_mono3_fix1//test20tig_AVTZ// DONE 20.774289931301084 12	0.00000583 0.00003199 0.00004618 -0.00000699 -0.00003336 -0.00003378 -0.00003354
shell0_X0_Y0_Z0_mono0_fix1/shell2_X2_Y-2_Z-2_mono0_fix1//test20tig_AVTZ// DONE 21.148340426580333 2	0.00086135 0.00099753 0.00119403 -0.00001003 -0.00032265 -0.00033915 -0.00032961
shell0_X0_Y0_Z0_mono0_fix1/shell2_X-2_Y-2_Z-2_mono0_fix1//test20tig_AVTZ// DONE 21.215145413550903 6	-0.00000679 0.00001829 0.00002020 0.00000137 -0.00002836 -0.00003070 -0.00002934
shell0_X0_Y0_Z0_mono0_fix1/shell2_X-1_Y-2_Z-1_mono3_fix1//test20tig_AVTZ// DONE 21.6140121483184 12	-0.00001864 0.00000606 0.00001285 -0.00000416 -0.00002733 -0.00002868 -0.00002790
shell0_X0_Y0_Z0_mono0_fix1/shell2_X-2_Y-1_Z-1_mono3_fix1//test20tig_AVTZ// DONE 21.621903020456692 12	-0.00041079 -0.00042344 -0.00051238 0.00000886 0.00009273 0.00010604 0.00009835
shell0_X0_Y0_Z0_mono0_fix1/shell3_X0_Y0_Z-3_mono1_fix1//test20tig_AVTZ// DONE 21.633528372381207 12	0.00032735 0.00038946 0.00046879 -0.00000481 -0.00013663 -0.00014220 -0.00013898
shell0_X0_Y0_Z0_mono0_fix1/shell2_X0_Y2_Z-2_mono2_fix1//test20tig_AVTZ// DONE 21.633653147974226 12	-0.00022486 -0.00022561 -0.00026566 -0.00000190 0.00004270 0.00004738 0.00004467
shell0_X0_Y0_Z0_mono0_fix1/shell3_X0_Y0_Z-3_mono2_fix1//test20tig_AVTZ// DONE 21.6336887646322 12	-0.00008864 -0.00007355 -0.00008362 -0.00000240 -0.00000262 0.00000060 -0.00000126
shell0_X0_Y0_Z0_mono0_fix1/shell2_X-2_Y2_Z-1_mono3_fix1//test20tig_AVTZ// DONE 21.645330734706185 12	0.00011015 0.00015434 0.00017156 0.00000858 -0.00006998 -0.00006687 -0.00006867
shell0_X0_Y0_Z0_mono0_fix1/shell2_X-2_Y1_Z-2_mono2_fix1//test20tig_AVTZ// DONE 21.653157876520257 12	0.00007434 0.00010754 0.00013062 -0.00000103 -0.00005524 -0.00005008 -0.00005306
shell0_X0_Y0_Z0_mono0_fix1/shell3_X0_Y-2_Z-3_mono0_fix1//test20tig_AVTZ// DONE 22.03807536382203 12	-0.00019764 -0.00019268 -0.00022947 0.00000345 0.00002838 0.00003290 0.00003029
shell0_X0_Y0_Z0_mono0_fix1/shell3_X0_Y2_Z-3_mono0_fix1//test20tig_AVTZ// DONE 22.08214497038591 12	0.00017989 0.00021747 0.00026070 -0.00000122 -0.00007959 -0.00008831 -0.00008327
shell0_X0_Y0_Z0_mono0_fix1/shell2_X-1_Y-1_Z-2_mono3_fix1//test20tig_AVTZ// DONE 22.462825580149385 12	-0.00005732 -0.00003735 -0.00004488 0.00000161 -0.00001405 -0.00000716 -0.00001114
shell0_X0_Y0_Z0_mono0_fix1/shell3_X0_Y-3_Z0_mono3_fix1//test20tig_AVTZ// DONE 22.466327800349816 12	0.00009146 0.00012273 0.00015291 -0.00000596 -0.00005549 -0.00005540 -0.00005546
shell0_X0_Y0_Z0_mono0_fix1/shell2_X-2_Y-2_Z0_mono3_fix1//test20tig_AVTZ// DONE 22.46984192505956 12	-0.00030970 -0.00031968 -0.00038319 0.00000389 0.00006960 0.00008075 0.00007430
shell0_X0_Y0_Z0_mono0_fix1/shell3_X-3_Y0_Z0_mono3_fix1//test20tig_AVTZ// DONE 22.476734964832996 12	0.00009942 0.00012831 0.00016022 -0.00000636 -0.00005445 -0.00005730 -0.00005565
shell0_X0_Y0_Z0_mono0_fix1/shell3_X-3_Y1_Z0_mono3_fix1//test20tig_AVTZ// DONE 22.480205636737978 12	0.00023509 0.00028296 0.00033978 -0.00000285 -0.00010184 -0.00010301 -0.00010234
shell0_X0_Y0_Z0_mono0_fix1/shell2_X-1_Y2_Z-2_mono2_fix1//test20tig_AVTZ// DONE 22.48725082447152 12	-0.00000556 0.00001170 0.00002029 -0.00000487 -0.00002098 -0.00001853 -0.00001995
shell0_X0_Y0_Z0_mono0_fix1/shell3_X3_Y1_Z0_mono1_fix1//test20tig_AVTZ// DONE 22.49077973057387 12	-0.00006278 -0.00005212 -0.00005719 -0.00000331 -0.00000227 0.00000125 -0.00000079
shell0_X0_Y0_Z0_mono0_fix1/shell2_X-1_Y2_Z-2_mono3_fix1//test20tig_AVTZ// DONE 22.49423000091364 12	-0.00000545 0.00001088 0.00001933 -0.00000441 -0.00002038 -0.00001758 -0.00001920
shell0_X0_Y0_Z0_mono0_fix1/shell3_X1_Y-2_Z-3_mono0_fix1//test20tig_AVTZ// DONE 22.852892781143947 12	0.00019413 0.00024355 0.00029070 -0.00000052 -0.00009605 -0.00009246 -0.00009453
shell0_X0_Y0_Z0_mono0_fix1/shell3_X1_Y2_Z3_mono0_fix1//test20tig_AVTZ// DONE 22.886106160077166 12	-0.00026187 -0.00027110 -0.00032456 0.00000273 0.00005996 0.00006710 0.00006297
shell0_X0_Y0_Z0_mono0_fix1/shell3_X-1_Y-2_Z3_mono0_fix1//test20tig_AVTZ// DONE 22.905771595911503 12	0.00002301 0.00004044 0.00004561 0.00000180 -0.00002441 -0.00003083 -0.00002712
shell0_X0_Y0_Z0_mono0_fix1/shell3_X-1_Y2_Z-3_mono0_fix1//test20tig_AVTZ// DONE 22.91228433344122 12	0.00019098 0.00023885 0.00027782 0.00001089 -0.00009773 -0.00008732 -0.00009334
shell0_X0_Y0_Z0_mono0_fix1/shell3_X0_Y3_Z-1_mono2_fix1//test20tig_AVTZ// DONE 23.292776487603195 12	0.00006976 0.00009558 0.00011423 -0.00000052 -0.00004394 -0.00004254 -0.00004335
shell0_X0_Y0_Z0_mono0_fix1/shell3_X3_Y0_Z-1_mono1_fix1//test20tig_AVTZ// DONE 23.292868788783846 12	-0.00013418 -0.00013390 -0.00015474 -0.00000303 0.00002359 0.00002813 0.00002551
shell0_X0_Y0_Z0_mono0_fix1/shell2_X0_Y-2_Z-2_mono3_fix1//test20tig_AVTZ// DONE 24.058213338363405 12	0.00026960 0.00031606 0.00037839 -0.00000241 -0.00010638 -0.00011027 -0.00010802
shell0_X0_Y0_Z0_mono0_fix1/shell3_X-1_Y-3_Z0_mono3_fix1//test20tig_AVTZ// DONE 24.069669845275737 12	-0.00006808 -0.00006217 -0.00006541 -0.00000414 0.00000146 0.00000796 0.00000420
shell0_X0_Y0_Z0_mono0_fix1/shell3_X-3_Y-1_Z0_mono3_fix1//test20tig_AVTZ// DONE 24.075310904053868 12	-0.00008992 -0.00008178 -0.00010135 0.00000431 0.00000712 0.00001444 0.00001021
shell0_X0_Y0_Z0_mono0_fix1/shell2_X-2_Y0_Z-2_mono3_fix1//test20tig_AVTZ// DONE 24.075357944916494 12	-0.00018346 -0.00019165 -0.00022303 -0.00000233 0.00004190 0.00004717 0.00004412
shell0_X0_Y0_Z0_mono0_fix1/shell3_X1_Y1_Z-3_mono1_fix1//test20tig_AVTZ// DONE 24.083791206494183 12	0.00013809 0.00016220 0.00020354 -0.00000812 -0.00005733 -0.00006141 -0.00005905
shell0_X0_Y0_Z0_mono0_fix1/shell2_X-2_Y1_Z-2_mono3_fix1//test20tig_AVTZ// DONE 24.08385892090095 12	-0.00009341 -0.00009120 -0.00010120 -0.00000338 0.00001117 0.00001889 0.00001443
shell0_X0_Y0_Z0_mono0_fix1/shell3_X-1_Y1_Z-3_mono2_fix1//test20tig_AVTZ// DONE 24.089538254285255 12	-0.00006161 -0.00005676 -0.00005994 -0.00000340 0.00000173 0.00000811 0.00000442
shell0_X0_Y0_Z0_mono0_fix1/shell3_X0_Y3_Z-2_mono3_fix1//test20tig_AVTZ// DONE 24.10082556891591 12	0.00004746 0.00006953 0.00007855 0.00000368 -0.00003477 -0.00002940 -0.00003251
shell0_X0_Y0_Z0_mono0_fix1/shell4_X0_Y0_Z4_mono0_fix1//test20tig_AVTZ// DONE 24.463558211304488 6	-0.00017377 -0.00017929 -0.00021761 0.00000423 0.00003961 0.00004316 0.00004111
shell0_X0_Y0_Z0_mono0_fix1/shell3_X0_Y-3_Z-1_mono3_fix1//test20tig_AVTZ// DONE 24.82329739115728 12	0.00017961 0.00021119 0.00025928 -0.00000677 -0.00007291 -0.00007352 -0.00007317
shell0_X0_Y0_Z0_mono0_fix1/shell2_X-2_Y-2_Z-1_mono3_fix1//test20tig_AVTZ// DONE 24.828525456830413 12	-0.00016874 -0.00017620 -0.00020565 -0.00000243 0.00003934 0.00004478 0.00004164
shell0_X0_Y0_Z0_mono0_fix1/shell3_X0_Y0_Z-3_mono3_fix1//test20tig_AVTZ// DONE 24.836302238029973 10	-0.00001062 0.00000394 0.00000485 0.00000345 -0.00001891 -0.00001037 -0.00001531
