shell0_X0_Y0_Z0_mono0_fix1/shell0_X0_Y0_Z0_mono1_fix1/shell0_X0_Y0_Z0_mono2_fix1//test20tig_AVDZ// DONE 4.565751472509687 4.565751472509687 4.565751472509687 13.697254417529061 6	-0.11888697 -0.05499366 -0.17137810 0.00214832 0.05034281 0.05263477 0.05130973
shell0_X0_Y0_Z0_mono0_fix1/shell0_X0_Y0_Z0_mono1_fix1/shell1_X1_Y0_Z1_mono3_fix1//test20tig_AVDZ// DONE 4.565751472509687 4.565751485810556 4.565751484644253 13.697254442964496 18	0.03202678 0.16681360 -0.00600224 0.01491945 0.02310958 0.02638648 0.02449202
shell0_X0_Y0_Z0_mono0_fix1/shell0_X0_Y0_Z0_mono1_fix1/shell1_X0_Y0_Z1_mono1_fix1//test20tig_AVDZ// DONE 4.565751472509687 4.565751485174007 6.283227169962359 15.414730127646052 18	-0.01959970 -0.00171469 -0.02493398 0.00118340 0.00415089 0.00604887 0.00495160
shell0_X0_Y0_Z0_mono0_fix1/shell0_X0_Y0_Z0_mono1_fix1/shell1_X-1_Y0_Z0_mono1_fix1//test20tig_AVDZ// DONE 4.565751472509687 4.565751485280802 6.283227169962361 15.414730127752849 18	-0.02467246 -0.00899734 -0.02879965 0.00078493 0.00334226 0.00535530 0.00419151
shell0_X0_Y0_Z0_mono0_fix1/shell0_X0_Y0_Z0_mono1_fix1/shell1_X1_Y0_Z0_mono3_fix1//test20tig_AVDZ// DONE 4.565751472509687 7.573765382331708 4.565751473146237 16.705268327987632 18	0.01339062 0.02487555 0.00841838 0.00451254 0.00045970 -0.00015829 0.00019899
shell0_X0_Y0_Z0_mono0_fix1/shell0_X0_Y0_Z0_mono3_fix1/shell1_X-1_Y0_Z0_mono1_fix1//test20tig_AVDZ// DONE 7.57376537453448 4.565751485280802 4.565751473146237 16.705268332961516 18	-0.01049138 -0.00924205 -0.00099572 -0.00222513 -0.00727054 -0.00618650 -0.00681321
shell0_X0_Y0_Z0_mono0_fix1/shell0_X0_Y0_Z0_mono2_fix1/shell1_X0_Y1_Z0_mono3_fix1//test20tig_AVDZ// DONE 4.565751472509687 7.664413314073836 4.565751473146237 16.795916259729758 18	-0.03999998 -0.04118378 -0.04652131 -0.00164372 0.00816505 0.00908953 0.00855506
shell0_X0_Y0_Z0_mono0_fix1/shell0_X0_Y0_Z0_mono1_fix1/shell1_X0_Y1_Z1_mono3_fix1//test20tig_AVDZ// DONE 4.565751472509687 4.565751484644253 7.664413321585641 16.795916278739583 18	0.02313787 0.03508645 0.03928434 0.00133983 -0.01748630 -0.01726476 -0.01739284
shell0_X0_Y0_Z0_mono0_fix1/shell0_X0_Y0_Z0_mono1_fix1/shell1_X1_Y0_Z-1_mono0_fix1//test20tig_AVDZ// DONE 4.565751472509687 8.69884916629692 4.565751497945122 17.830352136751728 9	0.03903974 0.05256082 0.04539236 0.00477203 -0.01112465 -0.01275475 -0.01181235
shell0_X0_Y0_Z0_mono0_fix1/shell0_X0_Y0_Z0_mono1_fix1/shell1_X-1_Y0_Z1_mono1_fix1//test20tig_AVDZ// DONE 4.565751472509687 4.565751497945122 8.813938135457056 17.945441105911865 9	0.02502099 0.03657646 0.04528736 0.00080535 -0.02107172 -0.02099399 -0.02103893
shell0_X0_Y0_Z0_mono0_fix1/shell0_X0_Y0_Z0_mono3_fix1/shell1_X0_Y0_Z-1_mono0_fix1//test20tig_AVDZ// DONE 7.57376537453448 6.283227169962362 4.565751473146237 18.422744017643076 18	0.00409941 0.00546695 0.00454026 0.00028103 -0.00072188 -0.00056491 -0.00065566
shell0_X0_Y0_Z0_mono0_fix1/shell0_X0_Y0_Z0_mono3_fix1/shell1_X0_Y0_Z1_mono3_fix1//test20tig_AVDZ// DONE 7.57376537453448 4.565751473146237 6.2832271699623625 18.42274401764308 18	0.01638599 0.02027458 0.02317037 0.00024599 -0.00703038 -0.00698055 -0.00700936
shell0_X0_Y0_Z0_mono0_fix1/shell0_X0_Y0_Z0_mono2_fix1/shell1_X-1_Y0_Z0_mono2_fix1//test20tig_AVDZ// DONE 4.565751472509687 7.66441332146008 6.283227169962359 18.513391963932126 18	-0.00326897 -0.00216492 -0.00644237 0.00046379 0.00270961 0.00273415 0.00271996
shell0_X0_Y0_Z0_mono0_fix1/shell0_X0_Y0_Z0_mono1_fix1/shell1_X0_Y1_Z0_mono1_fix1//test20tig_AVDZ// DONE 4.565751472509687 7.66441332146008 6.283227169962361 18.51339196393213 18	-0.00249701 -0.00086048 -0.00379963 0.00041640 0.00088622 0.00101013 0.00093850
shell0_X0_Y0_Z0_mono0_fix1/shell0_X0_Y0_Z0_mono1_fix1/shell0_X0_Y0_Z0_mono3_fix1//test20tig_AVDZ// DONE 4.565751472509687 7.57376537453448 7.57376537453448 19.713282221578645 18	0.00357658 0.00359247 0.00603062 -0.00037012 -0.00208392 -0.00189229 -0.00200308
shell0_X0_Y0_Z0_mono0_fix1/shell0_X0_Y0_Z0_mono1_fix1/shell1_X0_Y1_Z0_mono3_fix1//test20tig_AVDZ// DONE 4.565751472509687 7.664413314073836 7.573765382331708 19.80393016891523 18	0.00162616 0.00197232 0.00166396 0.00008799 -0.00012579 -0.00008983 -0.00011062
shell0_X0_Y0_Z0_mono0_fix1/shell1_X-1_Y1_Z0_mono1_fix1/shell1_X0_Y1_Z0_mono3_fix1//test20tig_AVDZ// DONE 7.5737653974569294 7.664413314073836 4.565751473146237 19.803930184677 18	0.00333967 0.00417062 0.00263553 0.00039884 0.00030530 0.00020649 0.00026361
shell0_X0_Y0_Z0_mono0_fix1/shell1_X0_Y0_Z1_mono3_fix1/shell1_X-1_Y0_Z0_mono2_fix1//test20tig_AVDZ// DONE 4.565751473146237 7.66441332146008 7.664413321585641 19.89457811619196 18	-0.00365645 -0.00408378 -0.00562082 0.00006634 0.00189804 0.00188341 0.00189186
shell0_X0_Y0_Z0_mono0_fix1/shell0_X0_Y0_Z0_mono1_fix1/shell1_X0_Y0_Z-1_mono1_fix1//test20tig_AVDZ// DONE 4.565751472509687 9.762161009125471 6.283227169962362 20.61113965159752 18	-0.00501050 -0.00434473 -0.00665695 0.00032723 0.00131921 0.00144355 0.00137167
shell0_X0_Y0_Z0_mono0_fix1/shell0_X0_Y0_Z0_mono1_fix1/shell1_X0_Y0_Z1_mono0_fix1//test20tig_AVDZ// DONE 4.565751472509687 6.283227169962361 9.762161009125473 20.61113965159752 18	0.00205224 0.00267907 0.00474971 -0.00019808 -0.00249938 -0.00250326 -0.00250102
shell0_X0_Y0_Z0_mono0_fix1/shell0_X0_Y0_Z0_mono2_fix1/shell1_X0_Y0_Z-1_mono2_fix1//test20tig_AVDZ// DONE 4.565751472509687 9.763617675955022 6.28322716996236 20.61259631842707 18	0.00280465 0.00346660 0.00581544 -0.00022424 -0.00278656 -0.00277535 -0.00278183
shell0_X0_Y0_Z0_mono0_fix1/shell0_X0_Y0_Z0_mono1_fix1/shell1_X1_Y0_Z0_mono1_fix1//test20tig_AVDZ// DONE 4.565751472509687 9.763617675955024 6.283227169962361 20.612596318427073 18	0.00448180 0.00592759 0.00625386 0.00029638 -0.00206843 -0.00217793 -0.00211463
shell0_X0_Y0_Z0_mono0_fix1/shell1_X1_Y0_Z-1_mono0_fix1/shell1_X1_Y0_Z0_mono3_fix1//test20tig_AVDZ// DONE 8.69884916629692 7.573765382331708 4.565751473146237 20.838366021774867 18	-0.00426375 -0.00580218 -0.00446802 -0.00044424 0.00064852 0.00076522 0.00069775
shell0_X0_Y0_Z0_mono0_fix1/shell1_X0_Y1_Z1_mono0_fix1/shell1_X0_Y1_Z1_mono3_fix1//test20tig_AVDZ// DONE 8.69884916629692 4.565751484644253 7.57376537453448 20.83836602547565 18	-0.00191503 -0.00292935 -0.00183263 -0.00037058 0.00028818 0.00042063 0.00034406
shell0_X0_Y0_Z0_mono0_fix1/shell0_X0_Y0_Z0_mono3_fix1/shell1_X0_Y1_Z1_mono3_fix1//test20tig_AVDZ// DONE 7.57376537453448 4.565751484644253 8.698849166296922 20.838366025475658 18	-0.00212426 -0.00276528 -0.00221447 -0.00034508 0.00043529 0.00056691 0.00049082
shell0_X0_Y0_Z0_mono0_fix1/shell0_X0_Y0_Z0_mono2_fix1/shell1_X-1_Y-1_Z0_mono2_fix1//test20tig_AVDZ// DONE 4.565751472509687 7.664413328971884 8.69884916629692 20.92901396777849 18	-0.00021351 -0.00103876 0.00034183 -0.00036427 -0.00019108 -0.00012181 -0.00016185
shell0_X0_Y0_Z0_mono0_fix1/shell1_X0_Y0_Z1_mono3_fix1/shell1_X1_Y0_Z0_mono3_fix1//test20tig_AVDZ// DONE 4.565751473146237 7.573765382331708 8.813938135457056 20.953454990935 18	-0.00137512 -0.00126532 -0.00268375 0.00028298 0.00102565 0.00100946 0.00101882
shell0_X0_Y0_Z0_mono0_fix1/shell1_X0_Y1_Z-1_mono0_fix1/shell1_X0_Y1_Z0_mono3_fix1//test20tig_AVDZ// DONE 8.813938135457056 7.664413314073836 4.565751473146237 21.044102922677126 18	0.00192927 0.00229485 0.00179412 0.00013997 -0.00000482 -0.00007507 -0.00003446
shell0_X0_Y0_Z0_mono0_fix1/shell1_X0_Y0_Z1_mono3_fix1/shell1_X0_Y1_Z0_mono3_fix1//test20tig_AVDZ// DONE 4.565751473146237 7.664413314073836 8.813938135457056 21.044102922677126 18	-0.00114791 -0.00109119 -0.00261634 0.00024500 0.00122343 0.00109932 0.00117107
shell0_X0_Y0_Z0_mono0_fix1/shell0_X0_Y0_Z0_mono1_fix1/shell1_X0_Y1_Z1_mono1_fix1//test20tig_AVDZ// DONE 4.565751472509687 7.664413328971884 8.813938135457056 21.04410293693863 18	0.00014407 0.00010551 -0.00024277 0.00005553 0.00033130 0.00022954 0.00028837
shell0_X0_Y0_Z0_mono0_fix1/shell1_X0_Y-1_Z-1_mono0_fix1/shell1_X0_Y0_Z-1_mono0_fix1//test20tig_AVDZ// DONE 8.698849166296922 6.283227169962362 6.283227169962359 21.265303506221642 18	0.00163200 0.00146954 0.00234069 -0.00012440 -0.00058429 -0.00058773 -0.00058574
shell0_X0_Y0_Z0_mono0_fix1/shell1_X-1_Y0_Z-1_mono0_fix1/shell1_X0_Y0_Z-1_mono0_fix1//test20tig_AVDZ// DONE 8.813938135457056 6.283227169962362 6.283227169962361 21.380392475381775 18	-0.00141200 -0.00120949 -0.00218194 0.00015760 0.00061234 0.00065227 0.00062919
shell0_X0_Y0_Z0_mono0_fix1/shell0_X0_Y0_Z0_mono3_fix1/shell1_X-1_Y0_Z0_mono0_fix1//test20tig_AVDZ// DONE 7.57376537453448 6.283227169962361 7.573765382331708 21.430757926828548 18	-0.00134988 -0.00154994 -0.00204898 -0.00001917 0.00071827 0.00076114 0.00073636
shell0_X0_Y0_Z0_mono0_fix1/shell1_X0_Y1_Z0_mono0_fix1/shell1_X0_Y1_Z0_mono3_fix1//test20tig_AVDZ// DONE 6.283227169962359 7.664413314073836 7.57376537453448 21.521405858570674 18	0.00158340 0.00169454 0.00200194 -0.00002120 -0.00039734 -0.00038868 -0.00039369
shell0_X0_Y0_Z0_mono0_fix1/shell0_X0_Y0_Z0_mono3_fix1/shell1_X0_Y1_Z0_mono3_fix1//test20tig_AVDZ// DONE 7.57376537453448 7.664413314073836 6.2832271699623625 21.521405858570677 18	0.00126183 0.00150013 0.00154999 0.00002212 -0.00031028 -0.00031703 -0.00031313
shell0_X0_Y0_Z0_mono0_fix1/shell1_X-1_Y0_Z0_mono0_fix1/shell1_X0_Y1_Z0_mono3_fix1//test20tig_AVDZ// DONE 6.283227169962361 7.664413314073836 7.664413321585641 21.612053805621837 18	0.00021358 0.00034876 0.00010106 0.00004692 0.00006561 0.00009367 0.00007744
shell0_X0_Y0_Z0_mono0_fix1/shell0_X0_Y0_Z0_mono3_fix1/shell1_X-1_Y0_Z-1_mono1_fix1//test20tig_AVDZ// DONE 7.57376537453448 9.762161015101716 4.565751484644253 21.90167787428045 18	-0.00225479 -0.00261283 -0.00303861 0.00002065 0.00076317 0.00082412 0.00078888
shell0_X0_Y0_Z0_mono0_fix1/shell1_X0_Y0_Z-1_mono1_fix1/shell1_X1_Y0_Z0_mono3_fix1//test20tig_AVDZ// DONE 9.762161009125471 7.573765382331708 4.565751484644253 21.90167787610143 18	0.00531838 0.00674953 0.00547488 0.00056802 -0.00072453 -0.00091227 -0.00080373
shell0_X0_Y0_Z0_mono0_fix1/shell0_X0_Y0_Z0_mono1_fix1/shell1_X0_Y0_Z-1_mono2_fix1//test20tig_AVDZ// DONE 4.565751472509687 9.763617675955022 7.573765389968425 21.903134538433136 18	-0.00331682 -0.00393590 -0.00365167 -0.00023844 0.00057329 0.00072763 0.00063841
shell0_X0_Y0_Z0_mono0_fix1/shell0_X0_Y0_Z0_mono3_fix1/shell1_X-1_Y0_Z1_mono1_fix1//test20tig_AVDZ// DONE 7.57376537453448 4.565751497945122 9.763617676156576 21.903134548636178 18	-0.00692658 -0.00799930 -0.00896169 -0.00024531 0.00228042 0.00234851 0.00230915
shell0_X0_Y0_Z0_mono0_fix1/shell0_X0_Y0_Z0_mono2_fix1/shell1_X0_Y0_Z-1_mono1_fix1//test20tig_AVDZ// DONE 4.565751472509687 9.762161009125471 7.66441332146008 21.992325803095238 18	0.00299733 0.00351623 0.00388302 0.00009490 -0.00098058 -0.00106227 -0.00101505
shell0_X0_Y0_Z0_mono0_fix1/shell1_X-1_Y0_Z1_mono3_fix1/shell1_X-1_Y0_Z0_mono1_fix1//test20tig_AVDZ// DONE 9.762161009190821 4.565751485280802 7.664413314073838 21.99232580854546 18	0.00375006 0.00427420 0.00519610 0.00000632 -0.00145237 -0.00150952 -0.00147648
shell0_X0_Y0_Z0_mono0_fix1/shell1_X0_Y0_Z-1_mono2_fix1/shell1_X0_Y1_Z0_mono3_fix1//test20tig_AVDZ// DONE 9.763617675955022 7.664413314073836 4.565751485810556 21.993782475839414 18	-0.00148169 -0.00193753 -0.00175385 -0.00014449 0.00041666 0.00045274 0.00043188
shell0_X0_Y0_Z0_mono0_fix1/shell1_X0_Y-1_Z1_mono3_fix1/shell1_X-1_Y-1_Z0_mono1_fix1//test20tig_AVDZ// DONE 9.763617676156576 7.664413329244467 4.565751484644253 21.993782490045295 18	0.00012074 0.00001468 0.00018415 -0.00001937 -0.00004404 -0.00006444 -0.00005265
shell0_X0_Y0_Z0_mono0_fix1/shell1_X1_Y-1_Z-1_mono0_fix1/shell1_X1_Y0_Z0_mono3_fix1//test20tig_AVDZ// DONE 10.574170213290166 7.573765382331708 4.565751484644253 22.713687080266126 18	-0.00300146 -0.00281737 -0.00429713 0.00026240 0.00103327 0.00110473 0.00106342
shell0_X0_Y0_Z0_mono0_fix1/shell0_X0_Y0_Z0_mono3_fix1/shell1_X0_Y-1_Z0_mono1_fix1//test20tig_AVDZ// DONE 7.57376537453448 7.573765389968425 7.5737653823317075 22.72129614683461 6	-0.00142371 -0.00182507 -0.00211180 0.00003628 0.00065182 0.00067920 0.00066337
shell0_X0_Y0_Z0_mono0_fix1/shell1_X0_Y1_Z1_mono3_fix1/shell1_X1_Y0_Z0_mono3_fix1//test20tig_AVDZ// DONE 4.565751484644253 7.573765382331708 10.707029454809259 22.84654632178522 18	0.00003301 0.00033541 0.00036798 0.00001119 -0.00034617 -0.00038072 -0.00036075
shell0_X0_Y0_Z0_mono0_fix1/shell0_X0_Y0_Z0_mono3_fix1/shell1_X-1_Y0_Z0_mono2_fix1//test20tig_AVDZ// DONE 7.57376537453448 7.66441332146008 7.664413314073836 22.902592010068396 18	-0.00017765 -0.00018087 -0.00035721 0.00002898 0.00015059 0.00016919 0.00015844
shell0_X0_Y0_Z0_mono0_fix1/shell1_X1_Y1_Z-1_mono0_fix1/shell1_X1_Y1_Z0_mono3_fix1//test20tig_AVDZ// DONE 10.707029454809257 7.664413321585641 4.565751473146237 22.937194249541136 18	0.00060304 0.00092790 0.00079782 0.00006545 -0.00026023 -0.00023430 -0.00024929
shell0_X0_Y0_Z0_mono0_fix1/shell1_X0_Y0_Z1_mono3_fix1/shell1_X1_Y1_Z0_mono3_fix1//test20tig_AVDZ// DONE 4.565751473146237 7.664413321585641 10.707029454809257 22.937194249541136 18	-0.00493997 -0.00551874 -0.00595686 -0.00016602 0.00118291 0.00132817 0.00124419
shell0_X0_Y0_Z0_mono0_fix1/shell0_X0_Y0_Z0_mono1_fix1/shell1_X-1_Y0_Z-1_mono1_fix1//test20tig_AVDZ// DONE 4.565751472509687 9.762161015101716 8.69884916629692 23.026761653908324 18	0.00001125 -0.00005562 0.00005438 0.00002147 -0.00006460 -0.00004629 -0.00005688
shell0_X0_Y0_Z0_mono0_fix1/shell0_X0_Y0_Z0_mono1_fix1/shell1_X1_Y0_Z1_mono1_fix1//test20tig_AVDZ// DONE 4.565751472509687 9.76361768192448 8.69884916629692 23.028218320731085 18	0.00318192 0.00359076 0.00401703 0.00003815 -0.00087327 -0.00094271 -0.00090256
shell0_X0_Y0_Z0_mono0_fix1/shell0_X0_Y0_Z0_mono1_fix1/shell1_X1_Y0_Z1_mono0_fix1//test20tig_AVDZ// DONE 4.565751472509687 8.813938135457056 9.762161015101716 23.141850623068457 18	0.00066058 0.00074629 0.00035723 0.00012553 0.00017782 0.00008843 0.00014011
shell0_X0_Y0_Z0_mono0_fix1/shell0_X0_Y0_Z0_mono2_fix1/shell1_X0_Y-1_Z-1_mono2_fix1//test20tig_AVDZ// DONE 4.565751472509687 9.763617681924476 8.813938135457056 23.14330728989122 18	0.00016269 0.00028381 -0.00017034 0.00014533 0.00018771 0.00018719 0.00018749
shell0_X0_Y0_Z0_mono0_fix1/shell0_X0_Y0_Z0_mono3_fix1/shell1_X0_Y0_Z1_mono1_fix1//test20tig_AVDZ// DONE 7.57376537453448 4.565751485174007 11.474829462410431 23.61434632211892 18	0.00606046 0.00759644 0.00703543 0.00052788 -0.00150284 -0.00172467 -0.00159643
shell0_X0_Y0_Z0_mono0_fix1/shell0_X0_Y0_Z0_mono3_fix1/shell1_X0_Y0_Z1_mono2_fix1//test20tig_AVDZ// DONE 7.57376537453448 4.565751485280802 11.50145518534497 23.64097204516025 18	-0.00668473 -0.00746044 -0.00867167 -0.00017648 0.00216342 0.00224356 0.00219723
shell0_X0_Y0_Z0_mono0_fix1/shell1_X0_Y0_Z1_mono2_fix1/shell1_X1_Y0_Z0_mono3_fix1//test20tig_AVDZ// DONE 4.565751485280802 7.573765382331708 11.527201388382554 23.666718255995065 18	0.00284861 0.00360691 0.00445640 -0.00000473 -0.00160306 -0.00161975 -0.00161010
shell0_X0_Y0_Z0_mono0_fix1/shell1_X-1_Y0_Z-1_mono2_fix1/shell1_X-1_Y0_Z0_mono1_fix1//test20tig_AVDZ// DONE 11.553299729505836 4.565751485280802 7.573765389968425 23.692816604755063 18	0.00034398 0.00076523 0.00088875 -0.00000275 -0.00054201 -0.00056731 -0.00055269
shell0_X0_Y0_Z0_mono0_fix1/shell1_X0_Y0_Z1_mono3_fix1/shell1_X1_Y0_Z1_mono2_fix1//test20tig_AVDZ// DONE 4.565751473146237 7.664413329244467 11.474829462410431 23.704994264801137 18	-0.00340202 -0.00374503 -0.00370202 -0.00014075 0.00044075 0.00056595 0.00049357
shell0_X0_Y0_Z0_mono0_fix1/shell1_X0_Y0_Z1_mono3_fix1/shell1_X0_Y1_Z1_mono1_fix1//test20tig_AVDZ// DONE 4.565751473146237 7.664413328971884 11.50145518534497 23.73161998746309 18	-0.00144850 -0.00170634 -0.00096546 -0.00020571 -0.00027733 -0.00018266 -0.00023739
shell0_X0_Y0_Z0_mono0_fix1/shell1_X-1_Y0_Z0_mono2_fix1/shell1_X-1_Y1_Z0_mono3_fix1//test20tig_AVDZ// DONE 7.66441332146008 11.527201388382554 4.565751473146237 23.757366182988868 18	-0.00174216 -0.00173223 -0.00201571 -0.00000209 0.00027563 0.00030213 0.00028681
shell0_X0_Y0_Z0_mono0_fix1/shell1_X-1_Y0_Z-1_mono2_fix1/shell1_X0_Y1_Z0_mono3_fix1//test20tig_AVDZ// DONE 11.553299729505836 7.664413314073836 4.5657514973085735 23.783464540888247 18	0.00329131 0.00409939 0.00490014 0.00010247 -0.00171131 -0.00170045 -0.00170673
shell0_X0_Y0_Z0_mono0_fix1/shell0_X0_Y0_Z0_mono3_fix1/shell1_X1_Y1_Z0_mono3_fix1//test20tig_AVDZ// DONE 7.57376537453448 7.664413321585641 8.698849166296922 23.937027862417043 18	0.00056372 0.00052249 0.00067598 -0.00000655 -0.00010571 -0.00008401 -0.00009656
shell0_X0_Y0_Z0_mono0_fix1/shell0_X0_Y0_Z0_mono3_fix1/shell1_X-1_Y-1_Z0_mono0_fix1//test20tig_AVDZ// DONE 7.57376537453448 8.813938135457056 7.664413321585641 24.052116831577177 18	-0.00032583 -0.00035347 -0.00052983 0.00003338 0.00017062 0.00019729 0.00018187
shell0_X0_Y0_Z0_mono0_fix1/shell1_X0_Y0_Z-1_mono1_fix1/shell1_X0_Y0_Z-1_mono2_fix1//test20tig_AVDZ// DONE 9.762161009125471 9.763617675955022 4.565751472509687 24.091530157590178 18	-0.00316548 -0.00371641 -0.00419348 -0.00007862 0.00110662 0.00116387 0.00113077
shell0_X0_Y0_Z0_mono0_fix1/shell0_X0_Y0_Z0_mono1_fix1/shell1_X1_Y-1_Z1_mono3_fix1//test20tig_AVDZ// DONE 4.565751472509687 9.76361768212603 9.762161015036366 24.091530169672083 18	0.00089705 0.00093509 0.00083000 0.00006026 0.00000679 -0.00006036 -0.00002154
shell0_X0_Y0_Z0_mono0_fix1/shell1_X0_Y-1_Z-1_mono2_fix1/shell1_X0_Y0_Z-1_mono1_fix1//test20tig_AVDZ// DONE 9.763617681924476 9.762161009125471 4.565751485280802 24.09153017633075 18	0.00148933 0.00152447 0.00199920 -0.00004126 -0.00046861 -0.00049216 -0.00047855
shell0_X0_Y0_Z0_mono0_fix1/shell1_X-1_Y1_Z1_mono3_fix1/shell1_X0_Y0_Z1_mono2_fix1//test20tig_AVDZ// DONE 9.762161015036366 4.565751485280802 9.763617676156574 24.091530176473743 18	0.00107370 0.00133181 0.00092899 0.00012867 0.00001604 -0.00004292 -0.00000884
shell0_X0_Y0_Z0_mono0_fix1/shell1_X0_Y0_Z1_mono3_fix1/shell1_X0_Y1_Z1_mono0_fix1//test20tig_AVDZ// DONE 4.565751473146237 8.69884916629692 11.474829462410431 24.73943010185359 18	0.00104835 0.00147572 0.00070709 0.00023333 0.00010793 0.00005125 0.00008402
shell0_X0_Y0_Z0_mono0_fix1/shell1_X0_Y0_Z1_mono3_fix1/shell1_X0_Y-1_Z0_mono3_fix1//test20tig_AVDZ// DONE 4.565751473146237 11.474829462410433 8.69884916629692 24.73943010185359 18	0.00037465 0.00041553 0.00078427 -0.00007359 -0.00033603 -0.00032077 -0.00032959
shell0_X0_Y0_Z0_mono0_fix1/shell1_X0_Y0_Z1_mono3_fix1/shell1_X-1_Y0_Z0_mono3_fix1//test20tig_AVDZ// DONE 4.565751473146237 11.50145518534497 8.698849166296922 24.766055824788133 18	-0.00014138 -0.00003849 0.00017842 -0.00000699 -0.00031281 -0.00023775 -0.00028114
shell0_X0_Y0_Z0_mono0_fix1/shell0_X0_Y0_Z0_mono1_fix1/shell1_X0_Y1_Z-1_mono1_fix1//test20tig_AVDZ// DONE 4.565751472509687 11.527201393390225 8.69884916629692 24.79180203219683 18	0.00301350 0.00363255 0.00349211 0.00019218 -0.00067078 -0.00079452 -0.00072298
shell0_X0_Y0_Z0_mono0_fix1/shell1_X-1_Y0_Z0_mono0_fix1/shell2_X-2_Y0_Z0_mono0_fix1//test20tig_AVDZ// DONE 6.283227169962361 12.297608531859105 6.283227169962361 24.864062871783823 9	0.00123576 0.00145818 0.00199682 -0.00005746 -0.00070360 -0.00074610 -0.00072153
shell0_X0_Y0_Z0_mono0_fix1/shell1_X-1_Y0_Z-1_mono0_fix1/shell1_X-1_Y0_Z0_mono3_fix1//test20tig_AVDZ// DONE 8.813938135457056 11.50145518534497 4.565751473146237 24.88114479394826 18	-0.00007752 -0.00018997 0.00003370 -0.00003350 -0.00007772 -0.00002489 -0.00005544
shell0_X0_Y0_Z0_mono0_fix1/shell0_X0_Y0_Z0_mono1_fix1/shell1_X0_Y-1_Z1_mono0_fix1//test20tig_AVDZ// DONE 4.565751472509687 8.813938135457056 11.527201393390223 24.906891001356968 18	0.00144863 0.00180215 0.00189559 0.00005822 -0.00050518 -0.00050359 -0.00050451
shell0_X0_Y0_Z0_mono0_fix1/shell0_X0_Y0_Z0_mono3_fix1/shell1_X-1_Y1_Z0_mono1_fix1//test20tig_AVDZ// DONE 7.57376537453448 7.5737653974569294 9.762161009190821 24.909691781182232 18	0.00039893 0.00045062 0.00050761 0.00001264 -0.00012133 -0.00009803 -0.00011150
shell0_X0_Y0_Z0_mono0_fix1/shell0_X0_Y0_Z0_mono3_fix1/shell1_X0_Y0_Z-1_mono2_fix1//test20tig_AVDZ// DONE 7.57376537453448 9.763617675955022 7.5737653823317075 24.911148432821207 18	0.00016885 0.00010975 0.00014796 -0.00000358 0.00002448 0.00004787 0.00003434
shell0_X0_Y0_Z0_mono0_fix1/shell0_X0_Y0_Z0_mono1_fix1/shell1_X-1_Y-1_Z0_mono0_fix1//test20tig_AVDZ// DONE 4.565751472509687 8.813938135457056 11.553299729505836 24.932989337472577 18	0.00127305 0.00162089 0.00166865 0.00006512 -0.00046073 -0.00048122 -0.00046937
shell0_X0_Y0_Z0_mono0_fix1/shell0_X0_Y0_Z0_mono1_fix1/shell1_X1_Y1_Z0_mono1_fix1//test20tig_AVDZ// DONE 4.565751472509687 11.553299729505836 8.813938135457056 24.932989337472577 18	-0.00223830 -0.00259597 -0.00276838 -0.00005990 0.00058999 0.00067045 0.00062393
shell0_X0_Y0_Z0_mono0_fix1/shell1_X0_Y1_Z0_mono2_fix1/shell1_X0_Y1_Z0_mono3_fix1//test20tig_AVDZ// DONE 9.762161009125473 7.664413314073836 7.57376537453448 25.000339697733786 18	0.00038340 0.00036152 0.00044200 -0.00001249 -0.00004612 -0.00007010 -0.00005624
shell0_X0_Y0_Z0_mono0_fix1/shell1_X-1_Y0_Z1_mono3_fix1/shell1_X-1_Y0_Z0_mono2_fix1//test20tig_AVDZ// DONE 9.762161009190821 7.66441332146008 7.5737653823317075 25.00033971298261 18	-0.00003605 -0.00010101 -0.00010936 -0.00000504 0.00007834 0.00008322 0.00008040
shell0_X0_Y0_Z0_mono0_fix1/shell1_X0_Y0_Z-1_mono2_fix1/shell1_X1_Y0_Z0_mono3_fix1//test20tig_AVDZ// DONE 9.763617675955022 7.573765382331708 7.664413321585641 25.00179637987237 18	-0.00010829 -0.00015072 -0.00020764 0.00002053 0.00007882 0.00009423 0.00008532
shell0_X0_Y0_Z0_mono0_fix1/shell1_X-1_Y1_Z1_mono1_fix1/shell1_X0_Y1_Z0_mono3_fix1//test20tig_AVDZ// DONE 7.573765405254159 7.664413314073836 9.763617676156576 25.00179639548457 18	-0.00009945 -0.00013236 -0.00017319 -0.00001279 0.00008653 0.00008710 0.00008677
shell0_X0_Y0_Z0_mono0_fix1/shell1_X0_Y0_Z-1_mono1_fix1/shell1_X0_Y1_Z0_mono3_fix1//test20tig_AVDZ// DONE 9.762161009125471 7.664413314073836 7.664413321585641 25.09098764478495 18	-0.00039980 -0.00046759 -0.00060454 -0.00001461 0.00021935 0.00020504 0.00021331
shell0_X0_Y0_Z0_mono0_fix1/shell1_X0_Y0_Z-1_mono2_fix1/shell1_X0_Y1_Z0_mono1_fix1//test20tig_AVDZ// DONE 9.763617675955022 7.66441332146008 7.664413329244468 25.092444326659567 18	0.00012473 0.00009711 0.00012331 -0.00001533 0.00001675 -0.00001339 0.00000404
shell0_X0_Y0_Z0_mono0_fix1/shell0_X0_Y0_Z0_mono3_fix1/shell1_X0_Y1_Z0_mono0_fix1//test20tig_AVDZ// DONE 7.57376537453448 6.283227169962359 11.474829462410431 25.33182200690727 18	-0.00104090 -0.00107972 -0.00140741 0.00003088 0.00033563 0.00037779 0.00035342
shell0_X0_Y0_Z0_mono0_fix1/shell0_X0_Y0_Z0_mono3_fix1/shell1_X0_Y-1_Z0_mono3_fix1//test20tig_AVDZ// DONE 7.57376537453448 11.474829462410433 6.283227169962359 25.331822006907274 18	-0.00005824 -0.00006740 -0.00002309 0.00002307 -0.00005823 -0.00002816 -0.00004554
shell0_X0_Y0_Z0_mono0_fix1/shell0_X0_Y0_Z0_mono3_fix1/shell1_X-1_Y0_Z0_mono3_fix1//test20tig_AVDZ// DONE 7.57376537453448 11.50145518534497 6.2832271699623625 25.35844772984181 18	0.00036790 0.00044028 0.00053533 -0.00000896 -0.00015847 -0.00017982 -0.00016748
shell0_X0_Y0_Z0_mono0_fix1/shell0_X0_Y0_Z0_mono3_fix1/shell1_X1_Y0_Z0_mono0_fix1//test20tig_AVDZ// DONE 7.57376537453448 6.283227169962361 11.50145518534497 25.35844772984181 18	0.00128653 0.00144226 0.00177240 0.00001435 -0.00050022 -0.00049603 -0.00049845
shell0_X0_Y0_Z0_mono0_fix1/shell1_X1_Y0_Z0_mono0_fix1/shell1_X0_Y1_Z0_mono3_fix1//test20tig_AVDZ// DONE 6.283227169962361 7.664413314073836 11.527201388382554 25.47484187241875 18	-0.00041370 -0.00044521 -0.00055463 0.00002482 0.00011611 0.00015481 0.00013244
shell0_X0_Y0_Z0_mono0_fix1/shell1_X-1_Y1_Z0_mono3_fix1/shell1_X0_Y1_Z0_mono3_fix1//test20tig_AVDZ// DONE 11.527201388382554 7.664413314073836 6.2832271699623625 25.474841872418754 18	0.00033517 0.00031930 0.00047336 -0.00003215 -0.00010605 -0.00012931 -0.00011586
shell0_X0_Y0_Z0_mono0_fix1/shell1_X0_Y1_Z0_mono0_fix1/shell2_X0_Y2_Z0_mono3_fix1//test20tig_AVDZ// DONE 6.283227169962359 11.55329973447932 7.664413314073836 25.500940218515513 18	-0.00020300 -0.00016637 -0.00028305 0.00001183 0.00006823 0.00008106 0.00007364
shell0_X0_Y0_Z0_mono0_fix1/shell1_X0_Y1_Z0_mono3_fix1/shell2_X0_Y2_Z0_mono3_fix1//test20tig_AVDZ// DONE 7.664413314073836 11.55329973447932 6.2832271699623625 25.500940218515517 18	-0.00054559 -0.00063785 -0.00076664 -0.00004574 0.00026679 0.00022550 0.00024937
shell0_X0_Y0_Z0_mono0_fix1/shell1_X1_Y-1_Z-1_mono0_fix1/shell1_X1_Y0_Z-1_mono0_fix1//test20tig_AVDZ// DONE 10.574170213290166 8.69884916629692 6.283227169962359 25.556246549549446 18	0.00021788 0.00011124 0.00026730 -0.00002924 -0.00002018 -0.00000486 -0.00001372
shell0_X0_Y0_Z0_mono0_fix1/shell1_X-1_Y1_Z-1_mono0_fix1/shell1_X-1_Y1_Z0_mono0_fix1//test20tig_AVDZ// DONE 10.707029454809257 8.69884916629692 6.283227169962361 25.689105791068535 18	0.00059603 0.00063342 0.00078667 -0.00004955 -0.00014109 -0.00017765 -0.00015651
shell0_X0_Y0_Z0_mono0_fix1/shell0_X0_Y0_Z0_mono2_fix1/shell1_X-1_Y0_Z1_mono3_fix1//test20tig_AVDZ// DONE 4.565751472509687 9.762161009190821 11.47482946752842 25.802741949228928 18	-0.00023939 -0.00017948 -0.00057097 0.00010244 0.00022914 0.00024055 0.00023395
shell0_X0_Y0_Z0_mono0_fix1/shell1_X-1_Y0_Z1_mono3_fix1/shell1_X0_Y0_Z1_mono2_fix1//test20tig_AVDZ// DONE 9.762161009190821 4.565751485280802 11.474829462410431 25.802741956882052 18	-0.00013974 -0.00028481 0.00010168 -0.00011543 -0.00012599 -0.00016888 -0.00014408
shell0_X0_Y0_Z0_mono0_fix1/shell1_X-1_Y0_Z-1_mono0_fix1/shell1_X-1_Y1_Z-1_mono0_fix1//test20tig_AVDZ// DONE 8.813938135457056 10.707029454809257 6.283227169962359 25.804194760228672 36	-0.00013235 -0.00017757 -0.00022804 -0.00002004 0.00011574 0.00011017 0.00011339
shell0_X0_Y0_Z0_mono0_fix1/shell1_X-1_Y0_Z-1_mono1_fix1/shell1_X0_Y0_Z-1_mono1_fix1//test20tig_AVDZ// DONE 9.762161015101716 9.762161009125471 6.283227169962361 25.807549194189548 18	-0.00044286 -0.00051531 -0.00068038 0.00001841 0.00021911 0.00022221 0.00022042
shell0_X0_Y0_Z0_mono0_fix1/shell1_X0_Y-1_Z-1_mono2_fix1/shell1_X0_Y0_Z-1_mono2_fix1//test20tig_AVDZ// DONE 9.763617681924476 9.763617675955022 6.283227169962361 25.810462527841857 18	-0.00024597 -0.00028156 -0.00037320 0.00000923 0.00011800 0.00014600 0.00012981
shell0_X0_Y0_Z0_mono0_fix1/shell1_X0_Y-1_Z1_mono3_fix1/shell1_X0_Y0_Z1_mono1_fix1//test20tig_AVDZ// DONE 9.763617676156576 4.565751485174007 11.50145518534497 25.830824346675552 18	0.00019980 0.00018438 0.00057512 -0.00004373 -0.00033159 -0.00026609 -0.00030396
shell0_X0_Y0_Z0_mono0_fix1/shell1_X-1_Y0_Z0_mono3_fix1/shell2_X-2_Y0_Z0_mono1_fix1//test20tig_AVDZ// DONE 11.50145518534497 9.763617693864175 4.565751473146237 25.83082435235538 18	0.00099212 0.00111699 0.00101467 0.00005089 -0.00007344 -0.00010150 -0.00008528
shell0_X0_Y0_Z0_mono0_fix1/shell0_X0_Y0_Z0_mono2_fix1/shell1_X-1_Y1_Z0_mono3_fix1//test20tig_AVDZ// DONE 4.565751472509687 11.527201388382554 9.763617676156574 25.856570537048814 18	-0.00100745 -0.00121520 -0.00128378 -0.00001958 0.00029591 0.00030327 0.00029901
shell0_X0_Y0_Z0_mono0_fix1/shell1_X0_Y0_Z1_mono2_fix1/shell1_X1_Y0_Z0_mono1_fix1//test20tig_AVDZ// DONE 4.565751485280802 9.763617675955024 11.527201393390223 25.856570554626046 18	0.00001990 0.00005514 -0.00000572 0.00006456 -0.00003894 -0.00001265 -0.00002785
shell0_X0_Y0_Z0_mono0_fix1/shell1_X0_Y0_Z-1_mono1_fix1/shell1_X0_Y0_Z1_mono3_fix1//test20tig_AVDZ// DONE 9.762161009125471 4.565751473146237 11.55329973447932 25.881212216751027 18	-0.00087246 -0.00109573 -0.00121792 -0.00004666 0.00039212 0.00033633 0.00036859
shell0_X0_Y0_Z0_mono0_fix1/shell0_X0_Y0_Z0_mono1_fix1/shell1_X0_Y1_Z1_mono2_fix1//test20tig_AVDZ// DONE 4.565751472509687 9.762161015101716 11.553299729505836 25.881212217117238 18	-0.00077904 -0.00083474 -0.00119370 0.00005683 0.00035783 0.00035443 0.00035640
shell0_X0_Y0_Z0_mono0_fix1/shell0_X0_Y0_Z0_mono3_fix1/shell1_X1_Y0_Z-1_mono0_fix1//test20tig_AVDZ// DONE 7.57376537453448 8.69884916629692 9.762161009190821 26.034775550022218 18	-0.00003500 -0.00009921 -0.00008376 -0.00005322 0.00010199 0.00010440 0.00010300
shell0_X0_Y0_Z0_mono0_fix1/shell1_X1_Y0_Z-1_mono0_fix1/shell1_X0_Y1_Z0_mono3_fix1//test20tig_AVDZ// DONE 8.69884916629692 7.664413314073836 9.762161015036366 26.125423495407123 18	0.00016360 0.00010364 0.00019086 -0.00005969 0.00003243 0.00001642 0.00002568
shell0_X0_Y0_Z0_mono0_fix1/shell1_X0_Y0_Z-1_mono2_fix1/shell1_X-1_Y0_Z0_mono2_fix1//test20tig_AVDZ// DONE 9.763617675955022 7.66441332146008 8.69884916629692 26.12688016371202 18	0.00050414 0.00051569 0.00068208 -0.00003587 -0.00014207 -0.00014864 -0.00014484
shell0_X0_Y0_Z0_mono0_fix1/shell1_X-1_Y0_Z1_mono0_fix1/shell1_X-1_Y0_Z0_mono2_fix1//test20tig_AVDZ// DONE 8.69884916629692 7.66441332146008 9.763617675955022 26.12688016371202 18	0.00015813 0.00012206 0.00016221 -0.00001296 0.00000888 -0.00001482 -0.00000112
shell0_X0_Y0_Z0_mono0_fix1/shell0_X0_Y0_Z0_mono3_fix1/shell1_X-1_Y0_Z1_mono3_fix1//test20tig_AVDZ// DONE 7.57376537453448 9.762161009190821 8.813938135457056 26.14986451918236 18	0.00010999 0.00014251 0.00010548 0.00004852 -0.00004400 -0.00003100 -0.00003852
shell0_X0_Y0_Z0_mono0_fix1/shell0_X0_Y0_Z0_mono3_fix1/shell1_X0_Y1_Z-1_mono0_fix1//test20tig_AVDZ// DONE 7.57376537453448 8.813938135457056 9.763617676156574 26.15132118614811 18	0.00021633 0.00020066 0.00025434 -0.00001293 -0.00002508 -0.00003126 -0.00002769
shell0_X0_Y0_Z0_mono0_fix1/shell0_X0_Y0_Z0_mono3_fix1/shell1_X0_Y-1_Z1_mono3_fix1//test20tig_AVDZ// DONE 7.57376537453448 9.763617676156576 8.813938135457056 26.15132118614811 18	0.00026877 0.00026681 0.00030723 -0.00001125 -0.00002721 -0.00006747 -0.00004420
shell0_X0_Y0_Z0_mono0_fix1/shell1_X-1_Y0_Z-1_mono0_fix1/shell1_X-1_Y1_Z0_mono0_fix1//test20tig_AVDZ// DONE 8.813938135457056 8.69884916629692 8.69884916629692 26.211636468050894 18	0.00049763 0.00046735 0.00068699 -0.00012240 -0.00006696 -0.00008360 -0.00007398
shell0_X0_Y0_Z0_mono0_fix1/shell1_X-1_Y1_Z1_mono3_fix1/shell1_X0_Y1_Z0_mono3_fix1//test20tig_AVDZ// DONE 9.762161015036366 7.664413314073836 8.813938135457056 26.24051246456726 18	-0.00013516 -0.00017251 -0.00024752 0.00002087 0.00009150 0.00008316 0.00008798
shell0_X0_Y0_Z0_mono0_fix1/shell0_X0_Y0_Z0_mono1_fix1/shell1_X-1_Y0_Z1_mono0_fix1//test20tig_AVDZ// DONE 4.565751472509687 8.69884916629692 13.032796468426522 26.29739710723313 18	-0.00255295 -0.00281544 -0.00321064 -0.00008838 0.00074607 0.00074591 0.00074600
shell0_X0_Y0_Z0_mono0_fix1/shell0_X0_Y0_Z0_mono1_fix1/shell1_X1_Y0_Z-1_mono1_fix1//test20tig_AVDZ// DONE 4.565751472509687 13.032796468426522 8.813938135457056 26.412486076393265 18	-0.00163629 -0.00189198 -0.00162783 -0.00015570 0.00014724 0.00022546 0.00018024
shell0_X0_Y0_Z0_mono0_fix1/shell1_X-1_Y0_Z-1_mono0_fix1/shell1_X0_Y1_Z-1_mono0_fix1//test20tig_AVDZ// DONE 8.813938135457056 8.813938135457056 8.813938135457056 26.441814406371165 6	-0.00016375 -0.00019713 -0.00026530 0.00000434 0.00009721 0.00012825 0.00011030
shell0_X0_Y0_Z0_mono0_fix1/shell1_X1_Y-1_Z-1_mono0_fix1/shell1_X1_Y-1_Z0_mono3_fix1//test20tig_AVDZ// DONE 10.574170213290166 11.474829467528421 4.565751473146237 26.614751153964825 18	-0.00004804 -0.00009416 -0.00013708 -0.00004933 0.00013837 0.00006655 0.00010807
shell0_X0_Y0_Z0_mono0_fix1/shell0_X0_Y0_Z0_mono3_fix1/shell1_X1_Y0_Z0_mono2_fix1//test20tig_AVDZ// DONE 7.57376537453448 7.573765389968425 11.474829462410431 26.622360226913337 18	0.00008915 0.00015318 0.00010160 0.00000624 -0.00001869 0.00001826 -0.00000310
shell0_X0_Y0_Z0_mono0_fix1/shell1_X0_Y0_Z-1_mono1_fix1/shell2_X0_Y0_Z-2_mono0_fix1//test20tig_AVDZ// DONE 9.762161009125471 12.297608531859106 4.565751485174008 26.625521026158584 18	-0.00105937 -0.00119122 -0.00145624 -0.00001985 0.00041672 0.00041933 0.00041782
shell0_X0_Y0_Z0_mono0_fix1/shell1_X0_Y1_Z0_mono2_fix1/shell2_X0_Y2_Z0_mono0_fix1//test20tig_AVDZ// DONE 9.762161009125473 12.297608531859105 4.565751485174007 26.625521026158584 18	-0.00043132 -0.00059417 -0.00038981 -0.00007337 0.00003186 0.00003508 0.00003322
shell0_X0_Y0_Z0_mono0_fix1/shell1_X0_Y1_Z1_mono3_fix1/shell2_X0_Y2_Z0_mono0_fix1//test20tig_AVDZ// DONE 4.565751484644253 12.297608531859105 9.763617676156574 26.62697769265993 18	-0.00050324 -0.00067514 -0.00035454 -0.00012069 -0.00002800 0.00000993 -0.00001200
shell0_X0_Y0_Z0_mono0_fix1/shell1_X0_Y-1_Z1_mono3_fix1/shell1_X0_Y1_Z1_mono3_fix1//test20tig_AVDZ// DONE 9.763617676156576 4.565751484644253 12.297608531859106 26.626977692659935 18	-0.00156232 -0.00183327 -0.00204893 -0.00007076 0.00055737 0.00053261 0.00054693
shell0_X0_Y0_Z0_mono0_fix1/shell1_X0_Y1_Z1_mono3_fix1/shell1_X-1_Y0_Z0_mono3_fix1//test20tig_AVDZ// DONE 4.565751484644253 11.50145518534497 10.574170213290166 26.64137688327939 18	0.00297031 0.00328954 0.00383099 0.00003397 -0.00089465 -0.00096531 -0.00092446
shell0_X0_Y0_Z0_mono0_fix1/shell0_X0_Y0_Z0_mono3_fix1/shell1_X-1_Y0_Z1_mono2_fix1//test20tig_AVDZ// DONE 7.57376537453448 7.57376539745693 11.527201388382554 26.674732160373964 18	-0.00053645 -0.00058948 -0.00074518 0.00001407 0.00019465 0.00019830 0.00019619
shell0_X0_Y0_Z0_mono0_fix1/shell0_X0_Y0_Z0_mono3_fix1/shell1_X0_Y1_Z0_mono1_fix1//test20tig_AVDZ// DONE 7.57376537453448 7.66441332146008 11.50145518534497 26.73963388133953 18	0.00041091 0.00045938 0.00056494 -0.00001326 -0.00014077 -0.00011686 -0.00013068
shell0_X0_Y0_Z0_mono0_fix1/shell0_X0_Y0_Z0_mono3_fix1/shell1_X0_Y-1_Z-1_mono1_fix1//test20tig_AVDZ// DONE 7.57376537453448 11.501455195465962 7.664413321585642 26.73963389158608 18	0.00033321 0.00033438 0.00043320 -0.00002122 -0.00007877 -0.00009956 -0.00008754
shell0_X0_Y0_Z0_mono0_fix1/shell1_X0_Y0_Z1_mono3_fix1/shell1_X1_Y-1_Z0_mono3_fix1//test20tig_AVDZ// DONE 4.565751473146237 11.474829467528421 10.707029454809259 26.747610395483918 18	0.00109778 0.00126836 0.00133113 0.00008164 -0.00031498 -0.00033850 -0.00032490
shell0_X0_Y0_Z0_mono0_fix1/shell1_X-1_Y-1_Z-1_mono0_fix1/shell1_X-1_Y0_Z0_mono3_fix1//test20tig_AVDZ// DONE 10.707029454809259 11.50145518534497 4.565751484644253 26.77423612479848 18	0.00012326 0.00012910 -0.00005844 0.00004193 0.00013977 0.00012831 0.00013494
shell0_X0_Y0_Z0_mono0_fix1/shell0_X0_Y0_Z0_mono3_fix1/shell1_X-1_Y0_Z-1_mono2_fix1//test20tig_AVDZ// DONE 7.57376537453448 11.553299729505836 7.664413321585641 26.791478425625957 18	0.00009987 0.00013095 0.00012892 0.00002436 -0.00005341 -0.00002690 -0.00004223
shell0_X0_Y0_Z0_mono0_fix1/shell1_X-1_Y0_Z0_mono2_fix1/shell1_X1_Y0_Z0_mono3_fix1//test20tig_AVDZ// DONE 7.66441332146008 7.573765382331708 11.55329973447932 26.791478438271106 18	-0.00006443 -0.00008957 -0.00011589 -0.00001146 0.00006292 0.00002182 0.00004558
shell0_X0_Y0_Z0_mono0_fix1/shell1_X-1_Y1_Z-1_mono0_fix1/shell1_X-1_Y1_Z0_mono3_fix1//test20tig_AVDZ// DONE 10.707029454809257 11.527201388382554 4.565751473146237 26.799982316338046 18	-0.00044130 -0.00053243 -0.00066459 0.00001537 0.00020792 0.00021439 0.00021065
shell0_X0_Y0_Z0_mono0_fix1/shell1_X0_Y0_Z1_mono3_fix1/shell1_X-1_Y1_Z0_mono3_fix1//test20tig_AVDZ// DONE 4.565751473146237 11.527201388382554 10.707029454809257 26.799982316338053 18	0.00085824 0.00100489 0.00100884 0.00004935 -0.00019995 -0.00023468 -0.00021460
shell0_X0_Y0_Z0_mono0_fix1/shell1_X0_Y1_Z1_mono1_fix1/shell1_X0_Y1_Z0_mono3_fix1//test20tig_AVDZ// DONE 7.664413328971884 7.664413314073836 11.474829462410433 26.803656105456152 18	0.00032743 0.00030520 0.00045595 -0.00005312 -0.00007540 -0.00008408 -0.00007906
shell0_X0_Y0_Z0_mono0_fix1/shell0_X0_Y0_Z0_mono1_fix1/shell1_X-1_Y-1_Z-1_mono0_fix1//test20tig_AVDZ// DONE 4.565751472509687 10.707029454809259 11.553299734517752 26.8260806618367 18	-0.00017588 -0.00016644 -0.00045285 0.00004389 0.00023308 0.00023798 0.00023514
shell0_X0_Y0_Z0_mono0_fix1/shell0_X0_Y0_Z0_mono1_fix1/shell1_X1_Y1_Z1_mono1_fix1//test20tig_AVDZ// DONE 4.565751472509687 11.553299734517752 10.707029454809259 26.8260806618367 18	0.00008009 0.00002100 0.00006245 -0.00000334 0.00002098 0.00001336 0.00001777
shell0_X0_Y0_Z0_mono0_fix1/shell1_X0_Y1_Z-1_mono1_fix1/shell1_X0_Y1_Z0_mono3_fix1//test20tig_AVDZ// DONE 11.527201393390225 7.664413314073836 7.664413314073836 26.8560280215379 18	0.00006118 0.00005116 0.00006547 -0.00000244 -0.00000185 0.00000233 -0.00000008
shell0_X0_Y0_Z0_mono0_fix1/shell0_X0_Y0_Z0_mono3_fix1/shell1_X0_Y0_Z-1_mono3_fix1//test20tig_AVDZ// DONE 7.57376537453448 13.014818882472335 6.28322716996236 26.871811426969174 18	-0.00005760 -0.00003413 0.00003183 -0.00001855 -0.00007087 -0.00005748 -0.00006523
shell0_X0_Y0_Z0_mono0_fix1/shell0_X0_Y0_Z0_mono3_fix1/shell1_X0_Y0_Z1_mono0_fix1//test20tig_AVDZ// DONE 7.57376537453448 6.283227169962361 13.014818882472333 26.871811426969174 18	-0.00053185 -0.00043029 -0.00071083 0.00000814 0.00017084 0.00015024 0.00016215
shell0_X0_Y0_Z0_mono0_fix1/shell1_X0_Y0_Z1_mono0_fix1/shell1_X0_Y1_Z0_mono3_fix1//test20tig_AVDZ// DONE 6.283227169962361 7.664413314073836 13.050823247654241 26.998463731690435 18	0.00009555 0.00010042 0.00020348 -0.00004535 -0.00006258 -0.00008859 -0.00007355
shell0_X0_Y0_Z0_mono0_fix1/shell1_X0_Y1_Z-1_mono3_fix1/shell1_X0_Y1_Z0_mono3_fix1//test20tig_AVDZ// DONE 13.050823247654241 7.664413314073836 6.2832271699623625 26.99846373169044 18	0.00014877 0.00012812 0.00029720 -0.00007359 -0.00007485 -0.00010105 -0.00008590
shell0_X0_Y0_Z0_mono0_fix1/shell1_X0_Y0_Z-1_mono1_fix1/shell1_X1_Y0_Z-1_mono3_fix1//test20tig_AVDZ// DONE 9.762161009125471 13.01481888696465 4.565751473146237 27.342731369236354 18	-0.00031324 -0.00022857 -0.00041144 0.00006451 0.00003369 0.00008616 0.00005583
shell0_X0_Y0_Z0_mono0_fix1/shell1_X-1_Y0_Z-1_mono1_fix1/shell1_X0_Y0_Z-1_mono3_fix1//test20tig_AVDZ// DONE 9.762161015101716 13.014818882472335 4.565751473146237 27.342731370720287 18	-0.00134234 -0.00159206 -0.00146699 -0.00007995 0.00020459 0.00024294 0.00022077
shell0_X0_Y0_Z0_mono0_fix1/shell0_X0_Y0_Z0_mono1_fix1/shell1_X1_Y0_Z-1_mono3_fix1//test20tig_AVDZ// DONE 4.565751472509687 13.01481888696465 9.763617676156576 27.344188035630914 18	0.00137904 0.00173564 0.00149558 0.00016340 -0.00027993 -0.00031213 -0.00029352
shell0_X0_Y0_Z0_mono0_fix1/shell1_X0_Y0_Z-1_mono3_fix1/shell1_X-1_Y0_Z0_mono1_fix1//test20tig_AVDZ// DONE 13.014818882472335 4.565751485280802 9.763617676156576 27.34418804390971 18	-0.00015860 -0.00011062 -0.00007155 0.00000074 -0.00008779 -0.00007441 -0.00008214
shell0_X0_Y0_Z0_mono0_fix1/shell0_X0_Y0_Z0_mono1_fix1/shell1_X-1_Y0_Z1_mono3_fix1//test20tig_AVDZ// DONE 4.565751472509687 9.762161009190821 13.050823247654241 27.37873572935475 18	-0.00164518 -0.00182013 -0.00227719 -0.00003209 0.00066410 0.00065358 0.00065966
shell0_X0_Y0_Z0_mono0_fix1/shell0_X0_Y0_Z0_mono1_fix1/shell1_X-1_Y1_Z1_mono3_fix1//test20tig_AVDZ// DONE 4.565751472509687 9.762161015036366 13.050823252108795 27.37873573965485 18	0.00038245 0.00053339 0.00053832 0.00002921 -0.00018508 -0.00019798 -0.00019052
shell0_X0_Y0_Z0_mono0_fix1/shell1_X0_Y0_Z-1_mono2_fix1/shell1_X0_Y1_Z-1_mono3_fix1//test20tig_AVDZ// DONE 9.763617675955022 13.050823247654241 4.565751473146237 27.380192396755497 18	-0.00047680 -0.00052043 -0.00051408 -0.00001417 0.00005144 0.00005495 0.00005292
shell0_X0_Y0_Z0_mono0_fix1/shell1_X0_Y0_Z-1_mono2_fix1/shell1_X1_Y1_Z-1_mono3_fix1//test20tig_AVDZ// DONE 9.763617675955022 13.050823252108799 4.565751484644253 27.380192412708073 18	0.00153571 0.00183313 0.00216278 0.00002762 -0.00065469 -0.00068086 -0.00066573
