shell0_X0_Y0_Z0_mono0_fix1/shell0_X0_Y0_Z0_mono2_fix1//test20tig_AVTZ// DONE 4.377589591893317 2	-0.89515539 -0.86188630 0.01470539 -0.01696383 -0.89289695 -0.81573250 -0.86034320
shell0_X0_Y0_Z0_mono0_fix1/shell1_X0_Y1_Z0_mono2_fix1//test20tig_AVTZ// DONE 4.3775900232822025 2	-0.89513775 -0.86188680 0.01470412 -0.01696404 -0.89287783 -0.81575610 -0.86034210
shell0_X0_Y0_Z0_mono0_fix1/shell1_X0_Y1_Z0_mono3_fix1//test20tig_AVTZ// DONE 4.460130786847382 2	-0.11341827 -0.00876547 0.92235700 -0.01862777 -1.01714750 -0.97589120 -0.99974250
shell0_X0_Y0_Z0_mono0_fix1/shell1_X1_Y1_Z0_mono3_fix1//test20tig_AVTZ// DONE 4.4601310789633635 2	-0.11341593 -0.00876610 0.92235850 -0.01863116 -1.01714327 -0.97589060 -0.99973980
shell0_X0_Y0_Z0_mono0_fix1/shell0_X0_Y0_Z0_mono1_fix1//test20tig_AVTZ// DONE 4.5159560879710785 1	-1.42155958 -1.42233600 -0.29303780 -0.08015667 -1.04836511 -0.95200930 -1.00771500
shell0_X0_Y0_Z0_mono0_fix1/shell1_X1_Y0_Z0_mono1_fix1//test20tig_AVTZ// DONE 4.515956488205573 1	-1.42155705 -1.42233100 -0.29304030 -0.08015116 -1.04836559 -0.95201100 -1.00771600
shell0_X0_Y0_Z0_mono0_fix1/shell1_X0_Y1_Z0_mono1_fix1//test20tig_AVTZ// DONE 4.515956561069497 1	-1.42156670 -1.42233700 -0.29304940 -0.08014717 -1.04837013 -0.95201190 -1.00771900
shell0_X0_Y0_Z0_mono0_fix1/shell1_X1_Y1_Z0_mono1_fix1//test20tig_AVTZ// DONE 4.5159568524807465 1	-1.42155423 -1.42233500 -0.29303910 -0.08015667 -1.04835846 -0.95201130 -1.00771200
shell0_X0_Y0_Z0_mono0_fix1/shell1_X0_Y0_Z-1_mono0_fix1//test20tig_AVTZ// DONE 5.849414294420457 2	0.09731562 0.15413240 0.23913970 -0.00119054 -0.14063355 -0.14466520 -0.14233440
shell0_X0_Y0_Z0_mono0_fix1/shell1_X0_Y-1_Z0_mono0_fix1//test20tig_AVTZ// DONE 6.141085043291241 2	-0.29128518 -0.25631900 -0.25598380 0.00245064 -0.03775202 -0.03589752 -0.03696965
shell0_X0_Y0_Z0_mono0_fix1/shell1_X-1_Y0_Z0_mono0_fix1//test20tig_AVTZ// DONE 6.357429267555807 2	-0.20675216 -0.18443570 -0.19820710 0.00273423 -0.01127929 -0.00901280 -0.01032311
shell0_X0_Y0_Z0_mono0_fix1/shell1_X0_Y0_Z-1_mono1_fix1//test20tig_AVTZ// DONE 7.239439282042159 2	-0.03839713 -0.02242064 -0.02401207 0.00028645 -0.01467150 -0.01428683 -0.01450922
shell0_X0_Y0_Z0_mono0_fix1/shell1_X1_Y0_Z-1_mono1_fix1//test20tig_AVTZ// DONE 7.23943950064428 2	-0.03840027 -0.02242059 -0.02401049 0.00028515 -0.01467493 -0.01428133 -0.01450888
shell0_X0_Y0_Z0_mono0_fix1/shell1_X0_Y1_Z-1_mono1_fix1//test20tig_AVTZ// DONE 7.239439558657251 2	-0.03839799 -0.02242069 -0.02400542 0.00028117 -0.01467374 -0.01428128 -0.01450817
shell0_X0_Y0_Z0_mono0_fix1/shell1_X1_Y1_Z-1_mono1_fix1//test20tig_AVTZ// DONE 7.239439752791947 2	-0.03839810 -0.02242062 -0.02400911 0.00028215 -0.01467114 -0.01428135 -0.01450670
shell0_X0_Y0_Z0_mono0_fix1/shell2_X0_Y2_Z0_mono3_fix1//test20tig_AVTZ// DONE 7.441595701055089 4	-0.05186792 -0.03499803 -0.03883487 0.00037054 -0.01340359 -0.01288116 -0.01318319
shell0_X0_Y0_Z0_mono0_fix1/shell0_X0_Y0_Z0_mono3_fix1//test20tig_AVTZ// DONE 7.441595710913053 4	-0.05187249 -0.03499804 -0.03883798 0.00037367 -0.01340818 -0.01287698 -0.01318408
shell0_X0_Y0_Z0_mono0_fix1/shell1_X1_Y0_Z0_mono2_fix1//test20tig_AVTZ// DONE 7.501411619895283 2	-0.06095994 -0.04273797 -0.04622846 0.00040496 -0.01513644 -0.01443995 -0.01484261
shell0_X0_Y0_Z0_mono0_fix1/shell1_X-1_Y1_Z0_mono2_fix1//test20tig_AVTZ// DONE 7.501411867012628 2	-0.06095908 -0.04273800 -0.04622513 0.00040325 -0.01513720 -0.01443998 -0.01484306
shell0_X0_Y0_Z0_mono0_fix1/shell1_X-1_Y0_Z0_mono2_fix1//test20tig_AVTZ// DONE 7.633408800312303 2	0.01681476 0.03246297 0.04060061 -0.00049228 -0.02329357 -0.02385594 -0.02353082
shell0_X0_Y0_Z0_mono0_fix1/shell1_X1_Y1_Z0_mono2_fix1//test20tig_AVTZ// DONE 7.633409059299532 2	0.01681272 0.03246297 0.04059693 -0.00048888 -0.02329534 -0.02385629 -0.02353199
shell0_X0_Y0_Z0_mono0_fix1/shell1_X0_Y-1_Z-1_mono0_fix1//test20tig_AVTZ// DONE 8.34327286060742 4	-0.04016785 -0.03494229 -0.04222975 0.00048641 0.00157549 0.00232176 0.00189032
shell0_X0_Y0_Z0_mono0_fix1/shell1_X-1_Y0_Z-1_mono0_fix1//test20tig_AVTZ// DONE 8.487159055786021 4	-0.02376845 -0.01819951 -0.02218568 0.00025618 -0.00183895 -0.00144056 -0.00167088
shell0_X0_Y0_Z0_mono0_fix1/shell1_X-1_Y1_Z0_mono0_fix1//test20tig_AVTZ// DONE 8.644867251306646 2	0.07709730 0.09859790 0.11723500 -0.00141456 -0.03872315 -0.04091141 -0.03964632
shell0_X0_Y0_Z0_mono0_fix1/shell1_X-1_Y-1_Z0_mono0_fix1//test20tig_AVTZ// DONE 8.821829156691244 2	0.01757274 0.02512722 0.03068758 -0.00036880 -0.01274603 -0.01315956 -0.01292049
shell0_X0_Y0_Z0_mono0_fix1/shell1_X0_Y0_Z-1_mono2_fix1//test20tig_AVTZ// DONE 9.05722213145863 4	0.00492257 0.01042506 0.01260264 -0.00014587 -0.00753420 -0.00770415 -0.00760590
shell0_X0_Y0_Z0_mono0_fix1/shell1_X0_Y1_Z-1_mono3_fix1//test20tig_AVTZ// DONE 9.090813705041764 4	0.00190473 0.00680916 0.00833520 -0.00011320 -0.00631727 -0.00639955 -0.00635198
shell0_X0_Y0_Z0_mono0_fix1/shell1_X0_Y-1_Z0_mono2_fix1//test20tig_AVTZ// DONE 9.535100747487162 2	-0.02428213 -0.02225826 -0.02659394 0.00030453 0.00200728 0.00239918 0.00217261
shell0_X0_Y0_Z0_mono0_fix1/shell2_X0_Y2_Z0_mono2_fix1//test20tig_AVTZ// DONE 9.5351013545578 2	-0.02426866 -0.02225825 -0.02657329 0.00028417 0.00202045 0.00240024 0.00218067
shell0_X0_Y0_Z0_mono0_fix1/shell1_X0_Y-1_Z0_mono1_fix1//test20tig_AVTZ// DONE 9.622703379953734 2	0.00653544 0.01199361 0.01446116 -0.00016722 -0.00775850 -0.00797602 -0.00785027
shell0_X0_Y0_Z0_mono0_fix1/shell2_X0_Y2_Z0_mono1_fix1//test20tig_AVTZ// DONE 9.622704000650781 2	0.00653753 0.01199368 0.01446393 -0.00016965 -0.00775675 -0.00797556 -0.00784906
shell0_X0_Y0_Z0_mono0_fix1/shell1_X-1_Y1_Z0_mono3_fix1//test20tig_AVTZ// DONE 9.808964123986632 4	0.01541935 0.02080459 0.02507109 -0.00029293 -0.00935881 -0.00976506 -0.00953020
shell0_X0_Y0_Z0_mono0_fix1/shell1_X-1_Y0_Z0_mono1_fix1//test20tig_AVTZ// DONE 9.866507372310462 2	0.00413287 0.00824164 0.00992072 -0.00011758 -0.00567026 -0.00584440 -0.00574373
shell0_X0_Y0_Z0_mono0_fix1/shell1_X-1_Y1_Z0_mono1_fix1//test20tig_AVTZ// DONE 9.866507581504809 1	0.00412919 0.00824156 0.00991809 -0.00011190 -0.00567700 -0.00584409 -0.00574749
shell0_X0_Y0_Z0_mono0_fix1/shell2_X2_Y0_Z0_mono1_fix1//test20tig_AVTZ// DONE 9.866507859478093 1	0.00413223 0.00824157 0.00992021 -0.00011747 -0.00567051 -0.00584409 -0.00574374
shell0_X0_Y0_Z0_mono0_fix1/shell1_X-1_Y1_Z-1_mono0_fix1//test20tig_AVTZ// DONE 10.335202333258081 4	-0.00867971 -0.00652231 -0.00764758 0.00009776 -0.00112989 -0.00096316 -0.00105955
shell0_X0_Y0_Z0_mono0_fix1/shell1_X-1_Y-1_Z-1_mono0_fix1//test20tig_AVTZ// DONE 10.43816662971961 4	0.00838849 0.01126527 0.01367396 -0.00016729 -0.00511818 -0.00532222 -0.00520426
shell0_X0_Y0_Z0_mono0_fix1/shell2_X0_Y2_Z-1_mono3_fix1//test20tig_AVTZ// DONE 10.880867938006704 4	-0.00416110 -0.00292409 -0.00353655 0.00004382 -0.00066837 -0.00060409 -0.00064125
shell0_X0_Y0_Z0_mono0_fix1/shell1_X0_Y0_Z-1_mono3_fix1//test20tig_AVTZ// DONE 10.880867940461021 4	-0.00416074 -0.00292409 -0.00353736 0.00004460 -0.00066798 -0.00060539 -0.00064158
shell0_X0_Y0_Z0_mono0_fix1/shell1_X1_Y0_Z-1_mono2_fix1//test20tig_AVTZ// DONE 10.938276656130684 4	-0.01040355 -0.00978858 -0.01185041 0.00014073 0.00130613 0.00150053 0.00138814
shell0_X0_Y0_Z0_mono0_fix1/shell1_X-1_Y0_Z-1_mono2_fix1//test20tig_AVTZ// DONE 10.981348313483988 4	0.00531855 0.00734327 0.00889186 -0.00010867 -0.00346464 -0.00359550 -0.00351985
shell0_X0_Y0_Z0_mono0_fix1/shell1_X0_Y-1_Z-1_mono1_fix1//test20tig_AVTZ// DONE 11.143713760649018 6	-0.00159954 -0.00011029 -0.00011740 0.00001079 -0.00149293 -0.00148076 -0.00148780
shell0_X0_Y0_Z0_mono0_fix1/shell2_X0_Y2_Z-1_mono1_fix1//test20tig_AVTZ// DONE 11.143714291345113 4	-0.00159907 -0.00011027 -0.00011537 0.00001003 -0.00149374 -0.00148110 -0.00148841
shell0_X0_Y0_Z0_mono0_fix1/shell2_X0_Y0_Z-2_mono0_fix1//test20tig_AVTZ// DONE 11.29705896538643 2	0.00610762 0.00796824 0.00966054 -0.00011686 -0.00343606 -0.00358234 -0.00349777
shell0_X0_Y0_Z0_mono0_fix1/shell1_X1_Y-1_Z0_mono2_fix1//test20tig_AVTZ// DONE 11.315755743122565 2	0.01267512 0.01607918 0.01926103 -0.00023112 -0.00635479 -0.00668474 -0.00649398
shell0_X0_Y0_Z0_mono0_fix1/shell2_X-1_Y2_Z0_mono2_fix1//test20tig_AVTZ// DONE 11.315756254589916 2	0.01266785 0.01607920 0.01925017 -0.00022101 -0.00636132 -0.00668386 -0.00649739
shell0_X0_Y0_Z0_mono0_fix1/shell1_X-1_Y0_Z-1_mono1_fix1//test20tig_AVTZ// DONE 11.348866390169837 4	0.00042263 0.00186318 0.00224807 -0.00002558 -0.00179986 -0.00183063 -0.00181284
shell0_X0_Y0_Z0_mono0_fix1/shell1_X-1_Y1_Z-1_mono1_fix1//test20tig_AVTZ// DONE 11.348866569053104 4	0.00042120 0.00186316 0.00224811 -0.00002555 -0.00180136 -0.00182829 -0.00181272
shell0_X0_Y0_Z0_mono0_fix1/shell1_X-1_Y-1_Z0_mono2_fix1//test20tig_AVTZ// DONE 11.435515355585895 4	0.00165215 0.00298644 0.00358312 -0.00003911 -0.00189186 -0.00194700 -0.00191512
shell0_X0_Y0_Z0_mono0_fix1/shell2_X-1_Y2_Z0_mono3_fix1//test20tig_AVTZ// DONE 11.502609029793192 4	-0.00708582 -0.00649477 -0.00782326 0.00009236 0.00064508 0.00078322 0.00070336
shell0_X0_Y0_Z0_mono0_fix1/shell1_X-1_Y0_Z0_mono3_fix1//test20tig_AVTZ// DONE 11.502609040752764 4	-0.00708652 -0.00649474 -0.00782398 0.00009375 0.00064372 0.00078278 0.00070238
shell0_X0_Y0_Z0_mono0_fix1/shell2_X0_Y0_Z-2_mono1_fix1//test20tig_AVTZ// DONE 12.087810429752329 4	0.00000454 0.00081505 0.00096851 0.00000233 -0.00096631 -0.00096367 -0.00096519
shell0_X0_Y0_Z0_mono0_fix1/shell2_X1_Y0_Z-2_mono1_fix1//test20tig_AVTZ// DONE 12.08781055914772 4	0.00000314 0.00081506 0.00096502 0.00000563 -0.00096750 -0.00096446 -0.00096622
shell0_X0_Y0_Z0_mono0_fix1/shell2_X0_Y-2_Z0_mono0_fix1//test20tig_AVTZ// DONE 12.101112883300878 2	-0.00599144 -0.00559090 -0.00667122 0.00006897 0.00061081 0.00072118 0.00065737
shell0_X0_Y0_Z0_mono0_fix1/shell1_X0_Y-1_Z-1_mono2_fix1//test20tig_AVTZ// DONE 12.402534423033304 4	-0.00527670 -0.00505775 -0.00612200 0.00007680 0.00076850 0.00087040 0.00081149
shell0_X0_Y0_Z0_mono0_fix1/shell2_X2_Y0_Z0_mono0_fix1//test20tig_AVTZ// DONE 12.473424418076702 2	-0.00596569 -0.00582308 -0.00701352 0.00007749 0.00097034 0.00108705 0.00101957
shell0_X0_Y0_Z0_mono0_fix1/shell1_X-1_Y1_Z-1_mono3_fix1//test20tig_AVTZ// DONE 12.606380859935932 4	0.00140633 0.00223653 0.00270617 -0.00003505 -0.00126479 -0.00130906 -0.00128346
shell0_X0_Y0_Z0_mono0_fix1/shell2_X0_Y-1_Z-2_mono0_fix1//test20tig_AVTZ// DONE 12.786647189942059 4	-0.00084305 -0.00033451 -0.00043015 0.00001001 -0.00042291 -0.00040972 -0.00041734
shell0_X0_Y0_Z0_mono0_fix1/shell3_X0_Y3_Z0_mono3_fix1//test20tig_AVTZ// DONE 12.802997308621594 8	0.00290888 0.00397539 0.00478059 -0.00005587 -0.00181584 -0.00189009 -0.00184717
shell0_X0_Y0_Z0_mono0_fix1/shell2_X-1_Y0_Z-2_mono0_fix1//test20tig_AVTZ// DONE 12.874556923372797 4	0.00024086 0.00082782 0.00097504 -0.00000243 -0.00073175 -0.00075211 -0.00074034
shell0_X0_Y0_Z0_mono0_fix1/shell1_X-1_Y-1_Z0_mono1_fix1//test20tig_AVTZ// DONE 13.025923661503402 2	-0.00569484 -0.00564345 -0.00681995 0.00011775 0.00100736 0.00115538 0.00106981
shell0_X0_Y0_Z0_mono0_fix1/shell2_X2_Y-1_Z0_mono1_fix1//test20tig_AVTZ// DONE 13.025924043445965 2	-0.00569367 -0.00564344 -0.00681787 0.00011785 0.00100635 0.00115396 0.00106862
shell0_X0_Y0_Z0_mono0_fix1/shell2_X2_Y0_Z0_mono2_fix1//test20tig_AVTZ// DONE 13.10633555150687 4	-0.00366338 -0.00340938 -0.00407459 0.00005106 0.00036015 0.00043765 0.00039284
shell0_X0_Y0_Z0_mono0_fix1/shell2_X-2_Y0_Z0_mono2_fix1//test20tig_AVTZ// DONE 13.157734328093264 4	-0.00179685 -0.00145527 -0.00181470 0.00005972 -0.00004186 0.00000899 -0.00002041
shell0_X0_Y0_Z0_mono0_fix1/shell2_X0_Y-2_Z-1_mono0_fix1//test20tig_AVTZ// DONE 13.337117473407154 4	-0.00427513 -0.00419384 -0.00503998 0.00006014 0.00070470 0.00079220 0.00074162
shell0_X0_Y0_Z0_mono0_fix1/shell2_X-1_Y2_Z0_mono0_fix1//test20tig_AVTZ// DONE 13.552598434872442 2	0.00614850 0.00746287 0.00893422 -0.00009961 -0.00268612 -0.00283396 -0.00274849
shell0_X0_Y0_Z0_mono0_fix1/shell2_X-1_Y-2_Z0_mono0_fix1//test20tig_AVTZ// DONE 13.646308257990645 2	-0.00099246 -0.00070168 -0.00086298 0.00001165 -0.00014114 -0.00013614 -0.00013903
shell0_X0_Y0_Z0_mono0_fix1/shell2_X-2_Y0_Z-1_mono0_fix1//test20tig_AVTZ// DONE 13.671502611093384 4	-0.00335878 -0.00328564 -0.00396979 0.00004908 0.00056193 0.00063357 0.00059216
shell0_X0_Y0_Z0_mono0_fix1/shell2_X-2_Y1_Z0_mono0_fix1//test20tig_AVTZ// DONE 13.80233956865704 2	0.00136932 0.00204576 0.00247425 -0.00002874 -0.00107618 -0.00111675 -0.00109330
shell0_X0_Y0_Z0_mono0_fix1/shell1_X1_Y-1_Z-1_mono2_fix1//test20tig_AVTZ// DONE 13.829778383252604 4	-0.00256809 -0.00238945 -0.00284880 0.00003008 0.00025063 0.00028677 0.00026588
shell0_X0_Y0_Z0_mono0_fix1/shell2_X-2_Y-1_Z0_mono0_fix1//test20tig_AVTZ// DONE 13.890393181345283 2	0.00101241 0.00146443 0.00176111 -0.00002038 -0.00072831 -0.00075606 -0.00074002
shell0_X0_Y0_Z0_mono0_fix1/shell1_X-1_Y-1_Z-1_mono2_fix1//test20tig_AVTZ// DONE 13.895101234544656 4	0.00118535 0.00165223 0.00198225 -0.00001490 -0.00078199 -0.00082527 -0.00080025
shell0_X0_Y0_Z0_mono0_fix1/shell2_X-1_Y2_Z-1_mono3_fix1//test20tig_AVTZ// DONE 13.963545989872898 4	-0.00156587 -0.00136516 -0.00164629 0.00001678 0.00006363 0.00008972 0.00007464
shell0_X0_Y0_Z0_mono0_fix1/shell1_X-1_Y0_Z-1_mono3_fix1//test20tig_AVTZ// DONE 13.96354599546014 4	-0.00156233 -0.00136515 -0.00164438 0.00001531 0.00006674 0.00008615 0.00007493
shell0_X0_Y0_Z0_mono0_fix1/shell1_X-1_Y-1_Z-1_mono1_fix1//test20tig_AVTZ// DONE 14.178687623765597 4	-0.00297321 -0.00293062 -0.00353431 0.00004741 0.00051369 0.00057583 0.00053991
shell0_X0_Y0_Z0_mono0_fix1/shell2_X2_Y-1_Z-1_mono1_fix1//test20tig_AVTZ// DONE 14.17868797046343 4	-0.00297475 -0.00293061 -0.00353632 0.00005000 0.00051157 0.00057527 0.00053844
shell0_X0_Y0_Z0_mono0_fix1/shell2_X-1_Y1_Z-2_mono0_fix1//test20tig_AVTZ// DONE 14.183717670998139 4	-0.00295145 -0.00292908 -0.00353075 0.00003995 0.00053934 0.00058173 0.00055723
shell0_X0_Y0_Z0_mono0_fix1/shell2_X-1_Y-1_Z-2_mono0_fix1//test20tig_AVTZ// DONE 14.223823841652155 4	0.00200309 0.00250348 0.00303087 -0.00004140 -0.00098638 -0.00103857 -0.00100840
shell0_X0_Y0_Z0_mono0_fix1/shell2_X0_Y0_Z-2_mono2_fix1//test20tig_AVTZ// DONE 14.374564111390235 4	0.00142215 0.00184431 0.00222610 -0.00002776 -0.00077619 -0.00082166 -0.00079537
shell0_X0_Y0_Z0_mono0_fix1/shell2_X0_Y1_Z-2_mono3_fix1//test20tig_AVTZ// DONE 14.39428655518506 4	0.00047993 0.00079490 0.00095157 -0.00000703 -0.00046461 -0.00048615 -0.00047370
shell0_X0_Y0_Z0_mono0_fix1/shell2_X-1_Y2_Z-1_mono0_fix1//test20tig_AVTZ// DONE 14.671031462004764 4	0.00080700 0.00125656 0.00151582 -0.00001195 -0.00069687 -0.00071656 -0.00070517
shell0_X0_Y0_Z0_mono0_fix1/shell2_X-1_Y-2_Z-1_mono0_fix1//test20tig_AVTZ// DONE 14.744658095256597 4	-0.00038000 -0.00017266 -0.00022050 0.00000606 -0.00016557 -0.00016124 -0.00016374
shell0_X0_Y0_Z0_mono0_fix1/shell2_X0_Y-1_Z-2_mono1_fix1//test20tig_AVTZ// DONE 14.76848157692598 6	-0.00066422 -0.00047428 -0.00058229 0.00001640 -0.00009832 -0.00008374 -0.00009217
shell0_X0_Y0_Z0_mono0_fix1/shell2_X0_Y2_Z-2_mono1_fix1//test20tig_AVTZ// DONE 14.768481973139131 4	-0.00065863 -0.00047428 -0.00057208 0.00000768 -0.00009423 -0.00008369 -0.00008978
shell0_X0_Y0_Z0_mono0_fix1/shell2_X2_Y-1_Z-1_mono0_fix1//test20tig_AVTZ// DONE 14.899459727195824 4	-0.00083954 -0.00062902 -0.00074391 0.00001094 -0.00010657 -0.00010429 -0.00010561
shell0_X0_Y0_Z0_mono0_fix1/shell2_X-1_Y0_Z-2_mono1_fix1//test20tig_AVTZ// DONE 14.918720329276296 8	0.00002412 0.00025962 0.00031362 -0.00000407 -0.00028543 -0.00028974 -0.00028725
shell0_X0_Y0_Z0_mono0_fix1/shell2_X-2_Y-1_Z-1_mono0_fix1//test20tig_AVTZ// DONE 14.969384953362283 4	0.00083100 0.00113554 0.00136645 -0.00001565 -0.00051980 -0.00054347 -0.00052979
shell0_X0_Y0_Z0_mono0_fix1/shell3_X0_Y3_Z-1_mono3_fix1//test20tig_AVTZ// DONE 15.05450239347556 8	-0.00003402 0.00021502 0.00026239 -0.00000360 -0.00029280 -0.00028561 -0.00028977
shell0_X0_Y0_Z0_mono0_fix1/shell2_X2_Y0_Z-1_mono2_fix1//test20tig_AVTZ// DONE 15.313959836611756 4	-0.00211481 -0.00211891 -0.00254973 0.00003057 0.00040436 0.00044269 0.00042053
shell0_X0_Y0_Z0_mono0_fix1/shell2_X-2_Y0_Z-1_mono2_fix1//test20tig_AVTZ// DONE 15.346127142249065 4	-0.00031078 -0.00015738 -0.00018922 -0.00000400 -0.00011757 -0.00011943 -0.00011835
shell0_X0_Y0_Z0_mono0_fix1/shell2_X0_Y-2_Z0_mono2_fix1//test20tig_AVTZ// DONE 15.358616430737499 4	-0.00177951 -0.00173340 -0.00208155 0.00002845 0.00027359 0.00031070 0.00028924
shell0_X0_Y0_Z0_mono0_fix1/shell2_X0_Y-2_Z0_mono1_fix1//test20tig_AVTZ// DONE 15.416040837002813 4	0.00188831 0.00233500 0.00279973 -0.00002791 -0.00088350 -0.00092898 -0.00090269
shell0_X0_Y0_Z0_mono0_fix1/shell3_X-1_Y3_Z0_mono3_fix1//test20tig_AVTZ// DONE 15.52104095381023 4	-0.00189412 -0.00188246 -0.00226772 0.00002887 0.00034473 0.00038184 0.00036038
shell0_X0_Y0_Z0_mono0_fix1/shell1_X-1_Y-1_Z0_mono3_fix1//test20tig_AVTZ// DONE 15.521040961734485 4	-0.00189322 -0.00188246 -0.00226657 0.00002856 0.00034480 0.00038066 0.00035992
shell0_X0_Y0_Z0_mono0_fix1/shell2_X0_Y2_Z-2_mono3_fix1//test20tig_AVTZ// DONE 15.594891765901655 4	-0.00018005 -0.00002925 -0.00003772 0.00000172 -0.00014405 -0.00014174 -0.00014307
shell0_X0_Y0_Z0_mono0_fix1/shell2_X0_Y0_Z-2_mono3_fix1//test20tig_AVTZ// DONE 15.594891766647445 4	-0.00018450 -0.00002925 -0.00004474 0.00000948 -0.00014924 -0.00014227 -0.00014630
shell0_X0_Y0_Z0_mono0_fix1/shell2_X2_Y-1_Z0_mono2_fix1//test20tig_AVTZ// DONE 15.600046549305787 4	0.00214561 0.00263588 0.00316871 -0.00003860 -0.00098450 -0.00103278 -0.00100487
shell0_X0_Y0_Z0_mono0_fix1/shell2_X1_Y0_Z-2_mono2_fix1//test20tig_AVTZ// DONE 15.640479967180905 4	-0.00056055 -0.00044913 -0.00054797 0.00000695 -0.00001953 -0.00001542 -0.00001780
shell0_X0_Y0_Z0_mono0_fix1/shell2_X-1_Y0_Z-2_mono2_fix1//test20tig_AVTZ// DONE 15.65544690927168 4	0.00115414 0.00143060 0.00173737 -0.00002939 -0.00055384 -0.00058956 -0.00056891
shell0_X0_Y0_Z0_mono0_fix1/shell2_X-2_Y-1_Z0_mono2_fix1//test20tig_AVTZ// DONE 15.691711606545473 4	0.00124543 0.00152229 0.00185080 -0.00003422 -0.00057115 -0.00062156 -0.00059242
shell0_X0_Y0_Z0_mono0_fix1/shell2_X-2_Y1_Z0_mono3_fix1//test20tig_AVTZ// DONE 15.805379319242803 4	0.00175250 0.00212236 0.00255155 -0.00002956 -0.00076948 -0.00082695 -0.00079373
shell0_X0_Y0_Z0_mono0_fix1/shell2_X-2_Y0_Z0_mono1_fix1//test20tig_AVTZ// DONE 15.844210341676147 4	0.00130298 0.00163038 0.00195951 -0.00002167 -0.00063486 -0.00066615 -0.00064806
shell0_X0_Y0_Z0_mono0_fix1/shell2_X0_Y-2_Z-1_mono1_fix1//test20tig_AVTZ// DONE 16.40087880364629 8	0.00081360 0.00105145 0.00127390 -0.00002349 -0.00043681 -0.00046423 -0.00044838
shell0_X0_Y0_Z0_mono0_fix1/shell2_X0_Y-2_Z-2_mono0_fix1//test20tig_AVTZ// DONE 16.48474375767134 4	-0.00126104 -0.00124111 -0.00152028 0.00004389 0.00021535 0.00026205 0.00023505
shell0_X0_Y0_Z0_mono0_fix1/shell2_X1_Y-2_Z0_mono2_fix1//test20tig_AVTZ// DONE 16.53156759294371 4	0.00132351 0.00163922 0.00197508 -0.00002916 -0.00062241 -0.00066029 -0.00063839
shell0_X0_Y0_Z0_mono0_fix1/shell2_X-1_Y-2_Z0_mono2_fix1//test20tig_AVTZ// DONE 16.596238693239627 4	-0.00074628 -0.00069686 -0.00084405 0.00001031 0.00008747 0.00011426 0.00009877
shell0_X0_Y0_Z0_mono0_fix1/shell2_X0_Y-1_Z-2_mono2_fix1//test20tig_AVTZ// DONE 16.694936272907615 4	-0.00047807 -0.00042365 -0.00051133 0.00000242 0.00003085 0.00001864 0.00002570
shell0_X0_Y0_Z0_mono0_fix1/shell2_X-2_Y0_Z-2_mono0_fix1//test20tig_AVTZ// DONE 16.751154803059773 4	-0.00075564 -0.00071978 -0.00087020 0.00000960 0.00010496 0.00012027 0.00011142
shell0_X0_Y0_Z0_mono0_fix1/shell2_X-2_Y0_Z-1_mono1_fix1//test20tig_AVTZ// DONE 16.8018025771141 8	0.00073544 0.00093196 0.00113148 -0.00002295 -0.00037309 -0.00039993 -0.00038442
shell0_X0_Y0_Z0_mono0_fix1/shell3_X0_Y0_Z-3_mono0_fix1//test20tig_AVTZ// DONE 16.828780524481576 2	0.00091341 0.00111383 0.00134636 -0.00001646 -0.00041649 -0.00043696 -0.00042513
shell0_X0_Y0_Z0_mono0_fix1/shell2_X-1_Y1_Z-2_mono3_fix1//test20tig_AVTZ// DONE 16.843159077107686 4	0.00018065 0.00031214 0.00036701 0.00000134 -0.00018770 -0.00019212 -0.00018957
shell0_X0_Y0_Z0_mono0_fix1/shell2_X-2_Y2_Z0_mono3_fix1//test20tig_AVTZ// DONE 16.91178769746597 8	0.00002737 0.00015259 0.00018113 -0.00000173 -0.00015203 -0.00015816 -0.00015461
shell0_X0_Y0_Z0_mono0_fix1/shell2_X-1_Y-1_Z-2_mono1_fix1//test20tig_AVTZ// DONE 17.169741327864955 4	-0.00067351 -0.00064327 -0.00078074 0.00001164 0.00009560 0.00010371 0.00009902
shell0_X0_Y0_Z0_mono0_fix1/shell2_X2_Y-1_Z-2_mono1_fix1//test20tig_AVTZ// DONE 17.16974160912643 4	-0.00067309 -0.00064327 -0.00077714 0.00000947 0.00009459 0.00010439 0.00009873
shell0_X0_Y0_Z0_mono0_fix1/shell2_X0_Y-2_Z-1_mono2_fix1//test20tig_AVTZ// DONE 17.276982883034584 4	-0.00113217 -0.00115348 -0.00137854 0.00000980 0.00023657 0.00025307 0.00024353
shell0_X0_Y0_Z0_mono0_fix1/shell2_X-2_Y2_Z0_mono0_fix1//test20tig_AVTZ// DONE 17.2859948088835 2	0.00224294 0.00263039 0.00314853 -0.00003250 -0.00087309 -0.00092453 -0.00089479
shell0_X0_Y0_Z0_mono0_fix1/shell3_X0_Y0_Z-3_mono1_fix1//test20tig_AVTZ// DONE 17.372155798215474 8	0.00014342 0.00024150 0.00029691 -0.00000679 -0.00014669 -0.00014814 -0.00014730
shell0_X0_Y0_Z0_mono0_fix1/shell2_X-2_Y-2_Z0_mono0_fix1//test20tig_AVTZ// DONE 17.376093633689784 2	0.00072672 0.00089212 0.00107429 -0.00001046 -0.00033711 -0.00035202 -0.00034340
shell0_X0_Y0_Z0_mono0_fix1/shell3_X-1_Y3_Z-1_mono3_fix1//test20tig_AVTZ// DONE 17.42020099990907 4	-0.00084728 -0.00083636 -0.00101106 0.00001623 0.00014754 0.00016468 0.00015477
shell0_X0_Y0_Z0_mono0_fix1/shell1_X-1_Y-1_Z-1_mono3_fix1//test20tig_AVTZ// DONE 17.420201005295162 4	-0.00084285 -0.00083636 -0.00100427 0.00000984 0.00015159 0.00016496 0.00015723
shell0_X0_Y0_Z0_mono0_fix1/shell2_X2_Y-1_Z-1_mono2_fix1//test20tig_AVTZ// DONE 17.498212876575227 4	-0.00025860 -0.00017942 -0.00020271 -0.00000597 -0.00004993 -0.00005162 -0.00005064
shell0_X0_Y0_Z0_mono0_fix1/shell2_X-2_Y-1_Z-1_mono2_fix1//test20tig_AVTZ// DONE 17.563109751246003 4	0.00071509 0.00087671 0.00105015 -0.00000533 -0.00032973 -0.00034232 -0.00033504
shell0_X0_Y0_Z0_mono0_fix1/shell2_X-1_Y2_Z-2_mono0_fix1//test20tig_AVTZ// DONE 17.588955852041497 4	-0.00089147 -0.00088122 -0.00106138 0.00001634 0.00015357 0.00017744 0.00016364
shell0_X0_Y0_Z0_mono0_fix1/shell2_X-1_Y-2_Z-2_mono0_fix1//test20tig_AVTZ// DONE 17.63157436821179 4	0.00008775 0.00017741 0.00020670 0.00000147 -0.00012042 -0.00012914 -0.00012410
shell0_X0_Y0_Z0_mono0_fix1/shell2_X-2_Y1_Z-1_mono3_fix1//test20tig_AVTZ// DONE 17.671786539641158 4	0.00061496 0.00076124 0.00092748 -0.00002127 -0.00029126 -0.00031653 -0.00030192
shell0_X0_Y0_Z0_mono0_fix1/shell2_X-1_Y-2_Z0_mono1_fix1//test20tig_AVTZ// DONE 17.73781723928319 2	-0.00063248 -0.00060576 -0.00073084 0.00000909 0.00008927 0.00009650 0.00009232
shell0_X0_Y0_Z0_mono0_fix1/shell2_X2_Y-2_Z0_mono1_fix1//test20tig_AVTZ// DONE 17.737817518728946 2	-0.00063340 -0.00060575 -0.00073122 0.00000940 0.00008842 0.00009738 0.00009220
shell0_X0_Y0_Z0_mono0_fix1/shell2_X-2_Y1_Z-2_mono0_fix1//test20tig_AVTZ// DONE 17.776543576656096 4	-0.00095091 -0.00096607 -0.00115547 0.00000791 0.00019665 0.00021091 0.00020266
shell0_X0_Y0_Z0_mono0_fix1/shell2_X1_Y-1_Z-2_mono2_fix1//test20tig_AVTZ// DONE 17.790375186377172 4	-0.00094247 -0.00095746 -0.00115430 0.00001371 0.00019812 0.00021565 0.00020552
shell0_X0_Y0_Z0_mono0_fix1/shell2_X2_Y1_Z-2_mono0_fix1//test20tig_AVTZ// DONE 17.817729064924862 4	0.00046952 0.00057800 0.00072021 -0.00002711 -0.00022358 -0.00024678 -0.00023337
shell0_X0_Y0_Z0_mono0_fix1/shell2_X-1_Y-1_Z-2_mono2_fix1//test20tig_AVTZ// DONE 17.821138397181656 4	0.00048406 0.00061318 0.00073712 -0.00000673 -0.00024633 -0.00025242 -0.00024890
shell0_X0_Y0_Z0_mono0_fix1/shell3_X0_Y-1_Z-3_mono0_fix1//test20tig_AVTZ// DONE 17.86823957270131 4	0.00022753 0.00032583 0.00038971 -0.00000259 -0.00015958 -0.00016732 -0.00016285
shell0_X0_Y0_Z0_mono0_fix1/shell2_X-1_Y2_Z-2_mono3_fix1//test20tig_AVTZ// DONE 17.88294484110385 6	-0.00019122 -0.00013240 -0.00016639 0.00000811 -0.00003294 -0.00002893 -0.00003125
shell0_X0_Y0_Z0_mono0_fix1/shell2_X2_Y2_Z-2_mono3_fix1//test20tig_AVTZ// DONE 17.882945104298404 2	-0.00018656 -0.00013240 -0.00015743 -0.00000049 -0.00002864 -0.00002700 -0.00002795
shell0_X0_Y0_Z0_mono0_fix1/shell3_X1_Y0_Z-3_mono0_fix1//test20tig_AVTZ// DONE 17.929651535936557 4	0.00034215 0.00045144 0.00053769 -0.00000357 -0.00019197 -0.00020299 -0.00019662
shell0_X0_Y0_Z0_mono0_fix1/shell2_X-2_Y-1_Z0_mono1_fix1//test20tig_AVTZ// DONE 17.98516994810452 2	-0.00058982 -0.00056955 -0.00068825 0.00000869 0.00008973 0.00009773 0.00009310
shell0_X0_Y0_Z0_mono0_fix1/shell2_X-2_Y2_Z0_mono1_fix1//test20tig_AVTZ// DONE 17.98517028174961 2	-0.00059198 -0.00056955 -0.00069060 0.00000997 0.00008865 0.00009941 0.00009319
shell0_X0_Y0_Z0_mono0_fix1/shell3_X0_Y3_Z0_mono0_fix1//test20tig_AVTZ// DONE 18.105243894126094 2	-0.00070457 -0.00069224 -0.00083438 0.00001397 0.00011584 0.00013025 0.00012192
shell0_X0_Y0_Z0_mono0_fix1/shell2_X-2_Y2_Z-1_mono0_fix1//test20tig_AVTZ// DONE 18.172039653320184 4	0.00089419 0.00109550 0.00131085 -0.00000888 -0.00040778 -0.00042315 -0.00041427
shell0_X0_Y0_Z0_mono0_fix1/shell2_X-2_Y-2_Z-1_mono0_fix1//test20tig_AVTZ// DONE 18.2495358557432 4	0.00058454 0.00070351 0.00085698 -0.00001845 -0.00025399 -0.00027436 -0.00026258
shell0_X0_Y0_Z0_mono0_fix1/shell2_X1_Y-2_Z-1_mono2_fix1//test20tig_AVTZ// DONE 18.331698310712156 4	-0.00020778 -0.00014542 -0.00017352 0.00000359 -0.00003784 -0.00003720 -0.00003757
shell0_X0_Y0_Z0_mono0_fix1/shell2_X-1_Y-2_Z-1_mono2_fix1//test20tig_AVTZ// DONE 18.378987960993637 4	-0.00029767 -0.00026412 -0.00032297 0.00000566 0.00001963 0.00002410 0.00002152
shell0_X0_Y0_Z0_mono0_fix1/shell4_X0_Y4_Z0_mono3_fix1//test20tig_AVTZ// DONE 18.580312444601205 8	0.00076854 0.00092719 0.00111230 -0.00001333 -0.00033043 -0.00034908 -0.00033830
shell0_X0_Y0_Z0_mono0_fix1/shell2_X-1_Y-2_Z-1_mono1_fix1//test20tig_AVTZ// DONE 18.598410175381105 4	-0.00050051 -0.00047757 -0.00057923 0.00001153 0.00006719 0.00008657 0.00007537
shell0_X0_Y0_Z0_mono0_fix1/shell2_X2_Y-2_Z-1_mono1_fix1//test20tig_AVTZ// DONE 18.598410440304644 4	-0.00050010 -0.00047757 -0.00057865 0.00001100 0.00006755 0.00008638 0.00007549
shell0_X0_Y0_Z0_mono0_fix1/shell3_X3_Y0_Z0_mono0_fix1//test20tig_AVTZ// DONE 18.645285026348134 2	-0.00076435 -0.00077806 -0.00094145 0.00001541 0.00016168 0.00017866 0.00016885
shell0_X0_Y0_Z0_mono0_fix1/shell2_X-2_Y2_Z-1_mono3_fix1//test20tig_AVTZ// DONE 18.667542782843515 8	-0.00001891 0.00003325 0.00003935 0.00000150 -0.00005975 -0.00008240 -0.00006931
shell0_X0_Y0_Z0_mono0_fix1/shell3_X0_Y3_Z-2_mono3_fix1//test20tig_AVTZ// DONE 18.749589666649502 8	-0.00015880 -0.00010304 -0.00014375 0.00002219 -0.00003724 -0.00002505 -0.00003210
shell0_X0_Y0_Z0_mono0_fix1/shell2_X-2_Y-1_Z-1_mono1_fix1//test20tig_AVTZ// DONE 18.83369311949034 4	-0.00042443 -0.00040496 -0.00049714 0.00001217 0.00006054 0.00006606 0.00006287
shell0_X0_Y0_Z0_mono0_fix1/shell2_X-2_Y2_Z-1_mono1_fix1//test20tig_AVTZ// DONE 18.833693437102504 4	-0.00042466 -0.00040496 -0.00049792 0.00001291 0.00006036 0.00006584 0.00006267
shell0_X0_Y0_Z0_mono0_fix1/shell3_X-1_Y1_Z-3_mono0_fix1//test20tig_AVTZ// DONE 18.9011034090771 4	-0.00036437 -0.00034720 -0.00042012 0.00000518 0.00005057 0.00005887 0.00005407
shell0_X0_Y0_Z0_mono0_fix1/shell3_X-1_Y-1_Z-3_mono0_fix1//test20tig_AVTZ// DONE 18.918185230045182 4	0.00051227 0.00061498 0.00073205 0.00000093 -0.00022070 -0.00024761 -0.00023205
shell0_X0_Y0_Z0_mono0_fix1/shell3_X0_Y-3_Z-1_mono0_fix1//test20tig_AVTZ// DONE 18.949344125555402 4	-0.00064413 -0.00064801 -0.00078265 0.00001301 0.00012551 0.00013874 0.00013109
shell0_X0_Y0_Z0_mono0_fix1/shell2_X2_Y0_Z-2_mono2_fix1//test20tig_AVTZ// DONE 18.9594606612409 4	-0.00056157 -0.00056754 -0.00068616 0.00000784 0.00011675 0.00012263 0.00011923
shell0_X0_Y0_Z0_mono0_fix1/shell2_X-2_Y0_Z-2_mono2_fix1//test20tig_AVTZ// DONE 18.976438979400637 4	0.00009340 0.00014716 0.00019119 -0.00001373 -0.00008405 -0.00009010 -0.00008660
shell0_X0_Y0_Z0_mono0_fix1/shell2_X0_Y-2_Z-2_mono1_fix1//test20tig_AVTZ// DONE 19.046261173316775 8	0.00002536 0.00008815 0.00010524 0.00000006 -0.00007994 -0.00007794 -0.00007910
shell0_X0_Y0_Z0_mono0_fix1/shell3_X3_Y0_Z0_mono2_fix1//test20tig_AVTZ// DONE 19.079416621970953 4	-0.00059722 -0.00060864 -0.00071979 -0.00000330 0.00012588 0.00013029 0.00012774
shell0_X0_Y0_Z0_mono0_fix1/shell3_X-3_Y0_Z0_mono2_fix1//test20tig_AVTZ// DONE 19.10458789358797 4	-0.00045527 -0.00044957 -0.00054578 0.00000955 0.00008096 0.00009043 0.00008496
shell0_X0_Y0_Z0_mono0_fix1/shell3_X1_Y-3_Z0_mono0_fix1//test20tig_AVTZ// DONE 19.113015966385404 2	0.00059410 0.00071876 0.00087805 -0.00002425 -0.00025971 -0.00028529 -0.00027050
shell0_X0_Y0_Z0_mono0_fix1/shell3_X-1_Y-3_Z0_mono0_fix1//test20tig_AVTZ// DONE 19.163318985896225 2	-0.00049184 -0.00049728 -0.00059408 0.00000077 0.00010146 0.00010573 0.00010326
shell0_X0_Y0_Z0_mono0_fix1/shell3_X0_Y-1_Z-3_mono1_fix1//test20tig_AVTZ// DONE 19.339020017348982 8	-0.00007960 -0.00005225 -0.00005770 -0.00000496 -0.00001694 -0.00003264 -0.00002357
shell0_X0_Y0_Z0_mono0_fix1/shell2_X-2_Y0_Z-2_mono1_fix1//test20tig_AVTZ// DONE 19.389072389627156 8	0.00018357 0.00025452 0.00030576 -0.00000272 -0.00011947 -0.00012140 -0.00012028
shell0_X0_Y0_Z0_mono0_fix1/shell3_X-1_Y0_Z-3_mono1_fix1//test20tig_AVTZ// DONE 19.4519766125397 8	0.00005481 0.00009393 0.00011951 -0.00000779 -0.00005691 -0.00007573 -0.00006485
shell0_X0_Y0_Z0_mono0_fix1/shell3_X-3_Y0_Z-1_mono0_fix1//test20tig_AVTZ// DONE 19.46447578625865 4	-0.00059305 -0.00060601 -0.00073208 0.00001061 0.00012843 0.00014062 0.00013357
shell0_X0_Y0_Z0_mono0_fix1/shell3_X-3_Y1_Z0_mono0_fix1//test20tig_AVTZ// DONE 19.569005701911916 2	-0.00017619 -0.00013868 -0.00016386 0.00000092 -0.00001326 -0.00001004 -0.00001190
shell0_X0_Y0_Z0_mono0_fix1/shell3_X-3_Y-1_Z0_mono0_fix1//test20tig_AVTZ// DONE 19.61563324247146 2	-0.00009416 -0.00006210 -0.00007519 0.00000011 -0.00001907 -0.00001912 -0.00001909
shell0_X0_Y0_Z0_mono0_fix1/shell2_X2_Y-2_Z0_mono2_fix1//test20tig_AVTZ// DONE 19.703621317332598 4	0.00112126 0.00129090 0.00156828 -0.00003828 -0.00040874 -0.00044780 -0.00042522
shell0_X0_Y0_Z0_mono0_fix1/shell2_X-2_Y-2_Z0_mono2_fix1//test20tig_AVTZ// DONE 19.779815742280164 4	0.00027047 0.00033497 0.00040166 -0.00000317 -0.00012802 -0.00014401 -0.00013476
shell0_X0_Y0_Z0_mono0_fix1/shell3_X0_Y0_Z-3_mono2_fix1//test20tig_AVTZ// DONE 19.83325271730487 4	0.00035069 0.00042805 0.00051382 -0.00000417 -0.00015896 -0.00016615 -0.00016200
shell0_X0_Y0_Z0_mono0_fix1/shell3_X0_Y1_Z-3_mono3_fix1//test20tig_AVTZ// DONE 19.847173834622325 4	0.00012715 0.00016774 0.00021417 -0.00001544 -0.00007158 -0.00008506 -0.00007727
shell0_X0_Y0_Z0_mono0_fix1/shell3_X-2_Y3_Z0_mono3_fix1//test20tig_AVTZ// DONE 19.866690901800293 4	-0.00056528 -0.00057963 -0.00070315 0.00001092 0.00012694 0.00013489 0.00013030
shell0_X0_Y0_Z0_mono0_fix1/shell2_X-2_Y-1_Z0_mono3_fix1//test20tig_AVTZ// DONE 19.866690908438184 4	-0.00056557 -0.00057963 -0.00070366 0.00001140 0.00012669 0.00013488 0.00013014
shell0_X0_Y0_Z0_mono0_fix1/shell3_X1_Y-3_Z-1_mono0_fix1//test20tig_AVTZ// DONE 19.9159030835228 4	0.00017538 0.00024419 0.00029834 -0.00000696 -0.00011600 -0.00012519 -0.00011988
shell0_X0_Y0_Z0_mono0_fix1/shell3_X-1_Y-3_Z-1_mono0_fix1//test20tig_AVTZ// DONE 19.960307726122323 4	-0.00037057 -0.00036489 -0.00044516 0.00000992 0.00006467 0.00007790 0.00007025
shell0_X0_Y0_Z0_mono0_fix1/shell4_X0_Y4_Z-1_mono3_fix1//test20tig_AVTZ// DONE 20.19256481920093 8	0.00025228 0.00032024 0.00038468 -0.00000269 -0.00012972 -0.00014136 -0.00013463
shell0_X0_Y0_Z0_mono0_fix1/shell3_X-3_Y1_Z-1_mono0_fix1//test20tig_AVTZ// DONE 20.3526679126256 4	-0.00027283 -0.00025371 -0.00031546 0.00001235 0.00003028 0.00003621 0.00003278
shell0_X0_Y0_Z0_mono0_fix1/shell3_X-3_Y-1_Z-1_mono0_fix1//test20tig_AVTZ// DONE 20.39409709484887 4	-0.00004089 -0.00002152 -0.00001400 -0.00001289 -0.00001400 -0.00002353 -0.00001802
shell0_X0_Y0_Z0_mono0_fix1/shell4_X-1_Y4_Z0_mono3_fix1//test20tig_AVTZ// DONE 20.546524319195967 8	-0.00014305 -0.00011694 -0.00014483 0.00000561 -0.00000383 -0.00000063 -0.00000248
shell0_X0_Y0_Z0_mono0_fix1/shell2_X0_Y-2_Z-2_mono2_fix1//test20tig_AVTZ// DONE 20.575981946111412 4	-0.00040658 -0.00041291 -0.00049965 0.00000593 0.00008714 0.00009970 0.00009244
shell0_X0_Y0_Z0_mono0_fix1/shell2_X-2_Y2_Z-2_mono0_fix1//test20tig_AVTZ// DONE 20.59611080908663 4	-0.00016539 -0.00014324 -0.00016807 0.00000007 0.00000261 0.00000507 0.00000365
shell0_X0_Y0_Z0_mono0_fix1/shell2_X-2_Y-2_Z-2_mono0_fix1//test20tig_AVTZ// DONE 20.649307055545236 4	0.00032308 0.00038556 0.00046656 -0.00000673 -0.00013675 -0.00014724 -0.00014118
shell0_X0_Y0_Z0_mono0_fix1/shell3_X3_Y0_Z-1_mono2_fix1//test20tig_AVTZ// DONE 20.652083007159376 4	-0.00045400 -0.00046581 -0.00056244 0.00000869 0.00009975 0.00010819 0.00010331
shell0_X0_Y0_Z0_mono0_fix1/shell3_X-3_Y0_Z-1_mono2_fix1//test20tig_AVTZ// DONE 20.671911781361718 4	-0.00024180 -0.00023516 -0.00028457 0.00000378 0.00003899 0.00004386 0.00004104
shell0_X0_Y0_Z0_mono0_fix1/shell3_X0_Y2_Z-3_mono0_fix1//test20tig_AVTZ// DONE 20.680469639244848 4	-0.00021479 -0.00021218 -0.00024901 -0.00000472 0.00003894 0.00003627 0.00003781
shell0_X0_Y0_Z0_mono0_fix1/shell3_X-1_Y3_Z-2_mono3_fix1//test20tig_AVTZ// DONE 20.695212929129955 4	-0.00023860 -0.00023218 -0.00027227 -0.00000096 0.00003464 0.00004422 0.00003868
shell0_X0_Y0_Z0_mono0_fix1/shell2_X-1_Y-1_Z-2_mono3_fix1//test20tig_AVTZ// DONE 20.69521293220151 4	-0.00024151 -0.00023218 -0.00027946 0.00000324 0.00003471 0.00004493 0.00003902
shell0_X0_Y0_Z0_mono0_fix1/shell3_X0_Y2_Z-3_mono3_fix1//test20tig_AVTZ// DONE 20.737173899803686 8	0.00002259 0.00005187 0.00006907 -0.00000667 -0.00003981 -0.00003927 -0.00003958
shell0_X0_Y0_Z0_mono0_fix1/shell2_X2_Y-1_Z-2_mono2_fix1//test20tig_AVTZ// DONE 20.767997406506723 4	-0.00042531 -0.00043148 -0.00052936 0.00001314 0.00009091 0.00009857 0.00009414
shell0_X0_Y0_Z0_mono0_fix1/shell3_X1_Y0_Z-3_mono2_fix1//test20tig_AVTZ// DONE 20.77329762821734 4	0.00004413 0.00007818 0.00009363 -0.00000094 -0.00004856 -0.00005109 -0.00004963
shell0_X0_Y0_Z0_mono0_fix1/shell3_X-1_Y0_Z-3_mono2_fix1//test20tig_AVTZ// DONE 20.779740652993645 4	0.00030186 0.00036761 0.00043458 0.00000021 -0.00013293 -0.00013704 -0.00013466
shell0_X0_Y0_Z0_mono0_fix1/shell2_X-2_Y-1_Z-2_mono2_fix1//test20tig_AVTZ// DONE 20.80684280522193 4	0.00032405 0.00038071 0.00046575 -0.00001140 -0.00013030 -0.00014543 -0.00013669
shell0_X0_Y0_Z0_mono0_fix1/shell3_X3_Y-1_Z0_mono2_fix1//test20tig_AVTZ// DONE 20.87444302854949 4	0.00016443 0.00021582 0.00027117 -0.00001290 -0.00009384 -0.00010275 -0.00009760
shell0_X0_Y0_Z0_mono0_fix1/shell3_X-2_Y0_Z-3_mono0_fix1//test20tig_AVTZ// DONE 20.890719218843724 4	-0.00008382 -0.00006694 -0.00007804 -0.00000265 -0.00000312 -0.00000599 -0.00000433
shell0_X0_Y0_Z0_mono0_fix1/shell2_X-2_Y1_Z-2_mono3_fix1//test20tig_AVTZ// DONE 20.90540436020107 4	0.00014043 0.00018180 0.00021993 -0.00000575 -0.00007376 -0.00008513 -0.00007855
shell0_X0_Y0_Z0_mono0_fix1/shell3_X-3_Y-1_Z0_mono2_fix1//test20tig_AVTZ// DONE 20.932064259954963 4	0.00014302 0.00018876 0.00022608 -0.00000172 -0.00008134 -0.00008066 -0.00008105
shell0_X0_Y0_Z0_mono0_fix1/shell2_X-1_Y-2_Z-2_mono1_fix1//test20tig_AVTZ// DONE 20.966117294824933 6	-0.00024565 -0.00023708 -0.00028737 0.00000538 0.00003634 0.00004545 0.00004019
shell0_X0_Y0_Z0_mono0_fix1/shell3_X-1_Y3_Z-2_mono1_fix1//test20tig_AVTZ// DONE 20.966117762729155 4	-0.00024289 -0.00023708 -0.00028123 0.00000066 0.00003768 0.00004635 0.00004134
shell0_X0_Y0_Z0_mono0_fix1/shell2_X-2_Y-1_Z-2_mono1_fix1//test20tig_AVTZ// DONE 21.173699779674557 6	-0.00016802 -0.00016374 -0.00019451 0.00000003 0.00002646 0.00001734 0.00002262
shell0_X0_Y0_Z0_mono0_fix1/shell2_X-2_Y2_Z-2_mono1_fix1//test20tig_AVTZ// DONE 21.17370006027061 6	-0.00017407 -0.00016374 -0.00019372 -0.00000066 0.00002031 0.00002617 0.00002278
shell0_X0_Y0_Z0_mono0_fix1/shell3_X-1_Y-1_Z-3_mono1_fix1//test20tig_AVTZ// DONE 21.229302665919374 4	-0.00011433 -0.00010209 -0.00011644 -0.00000420 0.00000631 0.00000931 0.00000757
shell0_X0_Y0_Z0_mono0_fix1/shell3_X2_Y-1_Z-3_mono1_fix1//test20tig_AVTZ// DONE 21.22930289093879 4	-0.00012062 -0.00010209 -0.00012730 0.00000519 0.00000149 0.00000960 0.00000491
shell0_X0_Y0_Z0_mono0_fix1/shell2_X2_Y-2_Z-1_mono2_fix1//test20tig_AVTZ// DONE 21.234374541563394 4	0.00024444 0.00030744 0.00036975 -0.00000385 -0.00012146 -0.00012855 -0.00012445
shell0_X0_Y0_Z0_mono0_fix1/shell3_X0_Y-3_Z-2_mono0_fix1//test20tig_AVTZ// DONE 21.278496111986907 4	-0.00038566 -0.00040552 -0.00047862 -0.00000464 0.00009760 0.00009675 0.00009724
shell0_X0_Y0_Z0_mono0_fix1/shell2_X-2_Y-2_Z-1_mono2_fix1//test20tig_AVTZ// DONE 21.295197205418095 4	0.00020899 0.00024683 0.00030399 -0.00000921 -0.00008579 -0.00010504 -0.00009391
shell0_X0_Y0_Z0_mono0_fix1/shell3_X0_Y-3_Z0_mono2_fix1//test20tig_AVTZ// DONE 21.295664824469554 4	-0.00031262 -0.00031517 -0.00037556 0.00000275 0.00006020 0.00006697 0.00006306
shell0_X0_Y0_Z0_mono0_fix1/shell3_X0_Y-3_Z0_mono1_fix1//test20tig_AVTZ// DONE 21.337764731780062 4	0.00045034 0.00053056 0.00063416 -0.00000664 -0.00017719 -0.00019181 -0.00018335
shell0_X0_Y0_Z0_mono0_fix1/shell3_X-2_Y3_Z-1_mono3_fix1//test20tig_AVTZ// DONE 21.380293593521262 4	-0.00032448 -0.00032807 -0.00039653 0.00000645 0.00006561 0.00007638 0.00007016
shell0_X0_Y0_Z0_mono0_fix1/shell2_X-2_Y-1_Z-1_mono3_fix1//test20tig_AVTZ// DONE 21.380293598727384 4	-0.00032337 -0.00032807 -0.00039209 0.00000415 0.00006457 0.00007660 0.00006965
shell0_X0_Y0_Z0_mono0_fix1/shell2_X1_Y-2_Z-2_mono2_fix1//test20tig_AVTZ// DONE 21.473922319015646 4	-0.00034424 -0.00035621 -0.00042172 -0.00000035 0.00007783 0.00008115 0.00007923
shell0_X0_Y0_Z0_mono0_fix1/shell2_X-1_Y-2_Z-2_mono2_fix1//test20tig_AVTZ// DONE 21.50329685461244 4	-0.00004119 -0.00002196 -0.00002477 -0.00000152 -0.00001490 -0.00001412 -0.00001457
shell0_X0_Y0_Z0_mono0_fix1/shell3_X-1_Y2_Z-3_mono0_fix1//test20tig_AVTZ// DONE 21.57645646226733 4	-0.00034249 -0.00036488 -0.00042519 -0.00000996 0.00009265 0.00008648 0.00009005
shell0_X0_Y0_Z0_mono0_fix1/shell3_X0_Y-1_Z-3_mono2_fix1//test20tig_AVTZ// DONE 21.578385919570575 4	0.00000568 0.00003191 0.00003608 0.00000133 -0.00003174 -0.00003015 -0.00003107
shell0_X0_Y0_Z0_mono0_fix1/shell3_X-1_Y-2_Z-3_mono0_fix1//test20tig_AVTZ// DONE 21.599562734241434 4	0.00011730 0.00014290 0.00018554 -0.00001662 -0.00005162 -0.00006372 -0.00005672
shell0_X0_Y0_Z0_mono0_fix1/shell2_X-2_Y-2_Z0_mono1_fix1//test20tig_AVTZ// DONE 21.64331150907921 2	-0.00041955 -0.00043464 -0.00052385 0.00000742 0.00009688 0.00010964 0.00010227
shell0_X0_Y0_Z0_mono0_fix1/shell3_X3_Y-2_Z0_mono1_fix1//test20tig_AVTZ// DONE 21.643311883735556 2	-0.00042043 -0.00043464 -0.00052559 0.00000867 0.00009650 0.00010955 0.00010201
shell0_X0_Y0_Z0_mono0_fix1/shell3_X-1_Y1_Z-3_mono3_fix1//test20tig_AVTZ// DONE 21.691811159759332 4	0.00005678 0.00008495 0.00010596 -0.00000423 -0.00004494 -0.00004391 -0.00004451
shell0_X0_Y0_Z0_mono0_fix1/shell3_X2_Y-1_Z-3_mono0_fix1//test20tig_AVTZ// DONE 21.727780381924084 4	-0.00032034 -0.00032672 -0.00039906 0.00001010 0.00006862 0.00007636 0.00007189
shell0_X0_Y0_Z0_mono0_fix1/shell3_X3_Y0_Z-2_mono0_fix1//test20tig_AVTZ// DONE 21.73568411794516 4	-0.00029273 -0.00029443 -0.00036031 0.00000963 0.00005795 0.00006969 0.00006290
shell0_X0_Y0_Z0_mono0_fix1/shell3_X2_Y1_Z-3_mono0_fix1//test20tig_AVTZ// DONE 21.75038448396188 4	0.00019642 0.00024496 0.00028764 0.00000432 -0.00009554 -0.00009531 -0.00009544
shell0_X0_Y0_Z0_mono0_fix1/shell2_X-2_Y2_Z-2_mono3_fix1//test20tig_AVTZ// DONE 21.753679097836525 8	-0.00000467 0.00000645 0.00002134 -0.00000993 -0.00001608 -0.00003099 -0.00002237
shell0_X0_Y0_Z0_mono0_fix1/shell3_X-2_Y3_Z0_mono0_fix1//test20tig_AVTZ// DONE 21.9129003190964 2	0.00069281 0.00080431 0.00096041 -0.00000522 -0.00026238 -0.00027449 -0.00026749
shell0_X0_Y0_Z0_mono0_fix1/shell3_X-3_Y1_Z0_mono3_fix1//test20tig_AVTZ// DONE 21.915337606781055 4	0.00035850 0.00042485 0.00050770 -0.00000278 -0.00014641 -0.00015218 -0.00014885
shell0_X0_Y0_Z0_mono0_fix1/shell3_X-3_Y0_Z0_mono1_fix1//test20tig_AVTZ// DONE 21.94402989914625 4	0.00031276 0.00037336 0.00044700 -0.00000335 -0.00013089 -0.00013652 -0.00013327
shell0_X0_Y0_Z0_mono0_fix1/shell3_X-2_Y-3_Z0_mono0_fix1//test20tig_AVTZ// DONE 21.9794826682039 2	0.00007735 0.00009591 0.00012939 -0.00001646 -0.00003558 -0.00004749 -0.00004060
shell0_X0_Y0_Z0_mono0_fix1/shell4_X-1_Y4_Z-1_mono3_fix1//test20tig_AVTZ// DONE 22.013907938030542 8	-0.00012814 -0.00011418 -0.00013826 0.00000265 0.00000747 0.00001509 0.00001068
shell0_X0_Y0_Z0_mono0_fix1/shell3_X0_Y-3_Z-1_mono1_fix1//test20tig_AVTZ// DONE 22.057562741482617 8	0.00030317 0.00035617 0.00043528 -0.00001115 -0.00012095 -0.00013379 -0.00012637
shell0_X0_Y0_Z0_mono0_fix1/shell3_X-1_Y3_Z-2_mono0_fix1//test20tig_AVTZ// DONE 22.146736406984967 4	-0.00016849 -0.00017164 -0.00019285 -0.00001111 0.00003547 0.00002737 0.00003205
shell0_X0_Y0_Z0_mono0_fix1/shell3_X1_Y-3_Z0_mono2_fix1//test20tig_AVTZ// DONE 22.16134573048155 4	0.00016794 0.00021156 0.00026059 -0.00000745 -0.00008520 -0.00009036 -0.00008738
shell0_X0_Y0_Z0_mono0_fix1/shell3_X-3_Y2_Z0_mono0_fix1//test20tig_AVTZ// DONE 22.161570052593603 2	0.00038598 0.00045352 0.00054889 -0.00001047 -0.00015245 -0.00016519 -0.00015782
shell0_X0_Y0_Z0_mono0_fix1/shell3_X-1_Y-3_Z-2_mono0_fix1//test20tig_AVTZ// DONE 22.178962605437523 4	-0.00015872 -0.00015158 -0.00018785 0.00000704 0.00002209 0.00002744 0.00002435
shell0_X0_Y0_Z0_mono0_fix1/shell3_X-1_Y-3_Z0_mono2_fix1//test20tig_AVTZ// DONE 22.19900216646452 4	-0.00026973 -0.00027387 -0.00033197 0.00000563 0.00005661 0.00006658 0.00006082
shell0_X0_Y0_Z0_mono0_fix1/shell3_X3_Y2_Z0_mono0_fix1//test20tig_AVTZ// DONE 22.225818045479098 2	0.00021183 0.00024390 0.00030482 -0.00001550 -0.00007748 -0.00009307 -0.00008406
shell0_X0_Y0_Z0_mono0_fix1/shell3_X3_Y-1_Z-1_mono2_fix1//test20tig_AVTZ// DONE 22.32255509190968 4	-0.00007570 -0.00006902 -0.00007467 -0.00000593 0.00000490 -0.00000954 -0.00000119
shell0_X0_Y0_Z0_mono0_fix1/shell2_X-2_Y-2_Z-1_mono1_fix1//test20tig_AVTZ// DONE 22.352763984948325 4	-0.00032991 -0.00034080 -0.00041062 0.00000601 0.00007471 0.00008565 0.00007932
shell0_X0_Y0_Z0_mono0_fix1/shell3_X3_Y-2_Z-1_mono1_fix1//test20tig_AVTZ// DONE 22.352764346762097 4	-0.00033016 -0.00034080 -0.00041108 0.00000613 0.00007479 0.00008584 0.00007945
shell0_X0_Y0_Z0_mono0_fix1/shell3_X-3_Y-1_Z-1_mono2_fix1//test20tig_AVTZ// DONE 22.369655330932186 4	0.00012947 0.00015123 0.00018979 -0.00000889 -0.00005143 -0.00007048 -0.00005947
shell0_X0_Y0_Z0_mono0_fix1/shell4_X0_Y0_Z-4_mono0_fix1//test20tig_AVTZ// DONE 22.38328531564109 2	0.00022575 0.00027001 0.00032260 -0.00000134 -0.00009550 -0.00009977 -0.00009730
shell0_X0_Y0_Z0_mono0_fix1/shell3_X1_Y-1_Z-3_mono2_fix1//test20tig_AVTZ// DONE 22.4415577877589 4	-0.00018868 -0.00018809 -0.00022783 0.00000348 0.00003567 0.00004072 0.00003780
shell0_X0_Y0_Z0_mono0_fix1/shell3_X-1_Y-1_Z-3_mono2_fix1//test20tig_AVTZ// DONE 22.456939538947946 4	0.00018419 0.00021967 0.00027204 -0.00000957 -0.00007828 -0.00008080 -0.00007935
shell0_X0_Y0_Z0_mono0_fix1/shell3_X-1_Y2_Z-3_mono3_fix1//test20tig_AVTZ// DONE 22.509843461945273 8	-0.00000731 0.00000730 0.00001575 -0.00000624 -0.00001682 -0.00001656 -0.00001671
shell0_X0_Y0_Z0_mono0_fix1/shell3_X-3_Y1_Z-2_mono0_fix1//test20tig_AVTZ// DONE 22.537939671836927 4	-0.00026695 -0.00027291 -0.00032966 0.00000479 0.00005792 0.00006275 0.00005995
shell0_X0_Y0_Z0_mono0_fix1/shell3_X-3_Y-1_Z-2_mono0_fix1//test20tig_AVTZ// DONE 22.568434831371874 4	0.00000919 0.00002975 0.00003336 0.00000138 -0.00002555 -0.00002490 -0.00002527
shell0_X0_Y0_Z0_mono0_fix1/shell3_X-2_Y3_Z-1_mono0_fix1//test20tig_AVTZ// DONE 22.61602473885909 4	0.00040574 0.00047859 0.00057093 -0.00000262 -0.00016257 -0.00016963 -0.00016555
shell0_X0_Y0_Z0_mono0_fix1/shell3_X-3_Y0_Z-1_mono1_fix1//test20tig_AVTZ// DONE 22.643643501223565 8	0.00023084 0.00027838 0.00033437 -0.00000330 -0.00010023 -0.00010138 -0.00010072
shell0_X0_Y0_Z0_mono0_fix1/shell3_X2_Y3_Z-1_mono0_fix1//test20tig_AVTZ// DONE 22.676560295364727 4	0.00006688 0.00009142 0.00010875 -0.00000001 -0.00004186 -0.00004462 -0.00004302
shell0_X0_Y0_Z0_mono0_fix1/shell3_X0_Y-3_Z-1_mono2_fix1//test20tig_AVTZ// DONE 22.71469927827218 4	-0.00026312 -0.00027480 -0.00031646 -0.00000629 0.00005963 0.00006829 0.00006328
shell0_X0_Y0_Z0_mono0_fix1/shell3_X-3_Y2_Z0_mono3_fix1//test20tig_AVTZ// DONE 22.726987907588544 8	0.00013441 0.00016880 0.00020928 -0.00000546 -0.00006941 -0.00006782 -0.00006874
shell0_X0_Y0_Z0_mono0_fix1/shell3_X0_Y-2_Z-3_mono1_fix1//test20tig_AVTZ// DONE 22.77494617874708 8	-0.00004200 -0.00002788 -0.00003039 -0.00000216 -0.00000944 -0.00000549 -0.00000778
shell0_X0_Y0_Z0_mono0_fix1/shell4_X0_Y0_Z-4_mono1_fix1//test20tig_AVTZ// DONE 22.795447696121393 8	0.00005267 0.00007326 0.00009266 -0.00000453 -0.00003546 -0.00003540 -0.00003543
shell0_X0_Y0_Z0_mono0_fix1/shell3_X-3_Y2_Z-1_mono0_fix1//test20tig_AVTZ// DONE 22.856595313319 4	0.00019264 0.00024055 0.00028438 0.00000178 -0.00009352 -0.00009550 -0.00009435
shell0_X0_Y0_Z0_mono0_fix1/shell3_X-3_Y-2_Z-1_mono0_fix1//test20tig_AVTZ// DONE 22.915145975078953 4	0.00017449 0.00021126 0.00025135 -0.00000040 -0.00007647 -0.00007932 -0.00007767
shell0_X0_Y0_Z0_mono0_fix1/shell3_X-2_Y0_Z-3_mono1_fix1//test20tig_AVTZ// DONE 23.06001474302138 8	0.00005000 0.00006554 0.00008386 -0.00000528 -0.00002858 -0.00003897 -0.00003297
shell0_X0_Y0_Z0_mono0_fix1/shell3_X-1_Y-3_Z0_mono1_fix1//test20tig_AVTZ// DONE 23.06984206182758 4	0.00000365 0.00002461 0.00003045 -0.00000088 -0.00002592 -0.00002353 -0.00002491
shell0_X0_Y0_Z0_mono0_fix1/shell4_X0_Y4_Z-2_mono3_fix1//test20tig_AVTZ// DONE 23.077286309556804 8	0.00001770 0.00003612 0.00004800 -0.00000408 -0.00002622 -0.00002598 -0.00002612
shell0_X0_Y0_Z0_mono0_fix1/shell4_X0_Y-1_Z-4_mono0_fix1//test20tig_AVTZ// DONE 23.17674933618588 4	0.00011776 0.00014169 0.00017548 -0.00000578 -0.00005194 -0.00005827 -0.00005461
shell0_X0_Y0_Z0_mono0_fix1/shell3_X0_Y3_Z-3_mono3_fix1//test20tig_AVTZ// DONE 23.205939871269447 8	-0.00003546 -0.00002732 -0.00002882 -0.00000338 -0.00000326 -0.00000666 -0.00000469
shell0_X0_Y0_Z0_mono0_fix1/shell4_X1_Y0_Z-4_mono0_fix1//test20tig_AVTZ// DONE 23.223605705307982 4	0.00013788 0.00016310 0.00020279 -0.00000763 -0.00005728 -0.00006400 -0.00006011
shell0_X0_Y0_Z0_mono0_fix1/shell3_X-3_Y1_Z-1_mono3_fix1//test20tig_AVTZ// DONE 23.295014294769718 4	0.00020537 0.00024219 0.00029816 -0.00000902 -0.00008376 -0.00008765 -0.00008540
shell0_X0_Y0_Z0_mono0_fix1/shell3_X2_Y0_Z-3_mono2_fix1//test20tig_AVTZ// DONE 23.376481107677538 4	-0.00010749 -0.00010331 -0.00012286 -0.00000004 0.00001542 0.00002054 0.00001758
shell0_X0_Y0_Z0_mono0_fix1/shell3_X-2_Y0_Z-3_mono2_fix1//test20tig_AVTZ// DONE 23.385563354077906 4	0.00008249 0.00010371 0.00013169 -0.00000740 -0.00004180 -0.00004189 -0.00004184
shell0_X0_Y0_Z0_mono0_fix1/shell3_X3_Y0_Z-2_mono2_fix1//test20tig_AVTZ// DONE 23.479831511051533 4	-0.00021633 -0.00023518 -0.00027440 -0.00000454 0.00006261 0.00005034 0.00005743
shell0_X0_Y0_Z0_mono0_fix1/shell3_X-3_Y0_Z-2_mono2_fix1//test20tig_AVTZ// DONE 23.493318568218267 4	-0.00007678 -0.00006730 -0.00008367 0.00000309 0.00000379 0.00000987 0.00000636
shell0_X0_Y0_Z0_mono0_fix1/shell3_X1_Y-3_Z-1_mono2_fix1//test20tig_AVTZ// DONE 23.52984368926776 4	-0.00001749 -0.00001254 -0.00000553 -0.00000799 -0.00000397 -0.00002089 -0.00001111
shell0_X0_Y0_Z0_mono0_fix1/shell3_X-3_Y-1_Z0_mono1_fix1//test20tig_AVTZ// DONE 23.53758683936169 4	-0.00001397 0.00000353 0.00000239 0.00000162 -0.00001798 -0.00001405 -0.00001632
shell0_X0_Y0_Z0_mono0_fix1/shell3_X-1_Y-3_Z-1_mono2_fix1//test20tig_AVTZ// DONE 23.561261722301783 4	-0.00017769 -0.00017927 -0.00021736 0.00000367 0.00003600 0.00004367 0.00003923
shell0_X0_Y0_Z0_mono0_fix1/shell3_X-1_Y-3_Z-1_mono1_fix1//test20tig_AVTZ// DONE 23.736714823825057 8	-0.00001831 0.00000056 -0.00000391 0.00000422 -0.00001862 -0.00001281 -0.00001617
shell0_X0_Y0_Z0_mono0_fix1/shell4_X-1_Y1_Z-4_mono0_fix1//test20tig_AVTZ// DONE 23.985377299682312 4	-0.00002828 -0.00001523 -0.00002152 0.00000279 -0.00000956 -0.00000457 -0.00000745
shell0_X0_Y0_Z0_mono0_fix1/shell4_X1_Y1_Z-4_mono0_fix1//test20tig_AVTZ// DONE 23.99377773262116 4	0.00016400 0.00018949 0.00023219 -0.00000707 -0.00006112 -0.00006993 -0.00006484
shell0_X0_Y0_Z0_mono0_fix1/shell4_X-2_Y4_Z0_mono3_fix1//test20tig_AVTZ// DONE 23.998724747443877 4	-0.00022630 -0.00023749 -0.00027956 -0.00000160 0.00005486 0.00006124 0.00005755
shell0_X0_Y0_Z0_mono0_fix1/shell2_X-2_Y-2_Z0_mono3_fix1//test20tig_AVTZ// DONE 23.998724752820397 4	-0.00022547 -0.00023749 -0.00027835 -0.00000282 0.00005570 0.00006108 0.00005797
shell0_X0_Y0_Z0_mono0_fix1/shell2_X2_Y-2_Z-2_mono2_fix1//test20tig_AVTZ// DONE 23.998761094852966 4	-0.00010902 -0.00010480 -0.00012724 0.00000332 0.00001489 0.00001564 0.00001521
shell0_X0_Y0_Z0_mono0_fix1/shell2_X-2_Y-2_Z-2_mono2_fix1//test20tig_AVTZ// DONE 24.040875914994903 4	0.00012325 0.00014614 0.00018337 -0.00000848 -0.00005165 -0.00005288 -0.00005217
shell0_X0_Y0_Z0_mono0_fix1/shell3_X-3_Y2_Z-1_mono3_fix1//test20tig_AVTZ// DONE 24.060065692720883 8	0.00007545 0.00009660 0.00012146 -0.00000575 -0.00004026 -0.00003961 -0.00003999
shell0_X0_Y0_Z0_mono0_fix1/shell3_X0_Y-3_Z-2_mono1_fix1//test20tig_AVTZ// DONE 24.08659420168085 8	0.00009196 0.00011459 0.00014489 -0.00000751 -0.00004542 -0.00004528 -0.00004536
shell0_X0_Y0_Z0_mono0_fix1/shell3_X-2_Y2_Z-3_mono0_fix1//test20tig_AVTZ// DONE 24.090796951110743 4	-0.00019807 -0.00020540 -0.00024347 0.00000008 0.00004532 0.00005117 0.00004779
shell0_X0_Y0_Z0_mono0_fix1/shell3_X3_Y-2_Z0_mono2_fix1//test20tig_AVTZ// DONE 24.091740274225184 4	0.00033456 0.00038652 0.00046432 -0.00000633 -0.00012342 -0.00013511 -0.00012835
shell0_X0_Y0_Z0_mono0_fix1/shell4_X0_Y-4_Z0_mono0_fix1//test20tig_AVTZ// DONE 24.119050544880793 2	-0.00015982 -0.00016054 -0.00019452 0.00000386 0.00003083 0.00003552 0.00003281
shell0_X0_Y0_Z0_mono0_fix1/shell3_X-2_Y3_Z-2_mono3_fix1//test20tig_AVTZ// DONE 24.121537795938938 4	-0.00012313 -0.00012587 -0.00014282 -0.00000506 0.00002475 0.00002930 0.00002667
shell0_X0_Y0_Z0_mono0_fix1/shell2_X-2_Y-1_Z-2_mono3_fix1//test20tig_AVTZ// DONE 24.121537799452398 4	-0.00012453 -0.00012587 -0.00014534 -0.00000339 0.00002420 0.00002964 0.00002649
shell0_X0_Y0_Z0_mono0_fix1/shell3_X-2_Y-2_Z-3_mono0_fix1//test20tig_AVTZ// DONE 24.124057042472785 4	0.00015435 0.00017995 0.00021944 -0.00000433 -0.00006076 -0.00006724 -0.00006349
shell0_X0_Y0_Z0_mono0_fix1/shell3_X-3_Y-2_Z0_mono2_fix1//test20tig_AVTZ// DONE 24.15429936212462 4	0.00015568 0.00018464 0.00022215 -0.00000233 -0.00006414 -0.00006644 -0.00006511
shell0_X0_Y0_Z0_mono0_fix1/shell3_X-3_Y-1_Z-1_mono1_fix1//test20tig_AVTZ// DONE 24.191031988869923 8	-0.00001467 -0.00000103 -0.00000199 0.00000084 -0.00001352 -0.00001070 -0.00001233
shell0_X0_Y0_Z0_mono0_fix1/shell4_X0_Y-1_Z-4_mono1_fix1//test20tig_AVTZ// DONE 24.330244632432112 4	-0.00000432 0.00000633 0.00000917 -0.00000154 -0.00001195 -0.00001072 -0.00001143
shell0_X0_Y0_Z0_mono0_fix1/shell4_X1_Y-1_Z-4_mono1_fix1//test20tig_AVTZ// DONE 24.330244697562676 4	-0.00000002 0.00000633 0.00001201 -0.00000405 -0.00000798 -0.00001454 -0.00001075
shell0_X0_Y0_Z0_mono0_fix1/shell2_X-2_Y-2_Z-2_mono1_fix1//test20tig_AVTZ// DONE 24.356161195603306 4	-0.00016972 -0.00017717 -0.00020639 -0.00000328 0.00003994 0.00004497 0.00004207
shell0_X0_Y0_Z0_mono0_fix1/shell3_X3_Y-2_Z-2_mono1_fix1//test20tig_AVTZ// DONE 24.356161525692055 4	-0.00016913 -0.00017717 -0.00020559 -0.00000380 0.00004025 0.00004460 0.00004209
shell0_X0_Y0_Z0_mono0_fix1/shell3_X-1_Y-2_Z-3_mono1_fix1//test20tig_AVTZ// DONE 24.402285495391233 6	-0.00008570 -0.00008512 -0.00009650 -0.00000396 0.00001476 0.00001677 0.00001561
shell0_X0_Y0_Z0_mono0_fix1/shell3_X-1_Y3_Z-3_mono1_fix1//test20tig_AVTZ// DONE 24.402285895555544 4	-0.00008602 -0.00008512 -0.00009745 -0.00000317 0.00001460 0.00001641 0.00001536
shell0_X0_Y0_Z0_mono0_fix1/shell4_X-1_Y0_Z-4_mono1_fix1//test20tig_AVTZ// DONE 24.419325328204618 8	0.00002562 0.00003924 0.00005004 -0.00000274 -0.00002167 -0.00001991 -0.00002093