shell0_X0_Y0_Z0_mono0_fix1/shell0_X0_Y0_Z0_mono2_fix1//test20tig_AVTZ// DONE 4.377589591893317 2	-0.89532278 -0.58505970 0.12705840 -0.10617210 -0.91620908 -0.82540830 -0.87790250
shell0_X0_Y0_Z0_mono0_fix1/shell1_X0_Y1_Z0_mono2_fix1//test20tig_AVTZ// DONE 4.3775900232822025 2	-0.89531282 -0.58506050 0.12706760 -0.10618440 -0.91619602 -0.82540960 -0.87789550
shell0_X0_Y0_Z0_mono0_fix1/shell1_X0_Y1_Z0_mono3_fix1//test20tig_AVTZ// DONE 4.460130786847382 2	-0.12965681 0.16861040 1.02575000 -0.10633360 -1.04907321 -0.99519420 -1.02634300
shell0_X0_Y0_Z0_mono0_fix1/shell1_X1_Y1_Z0_mono3_fix1//test20tig_AVTZ// DONE 4.4601310789633635 2	-0.12965734 0.16860970 1.02574800 -0.10633250 -1.04907284 -0.99519470 -1.02634300
shell0_X0_Y0_Z0_mono0_fix1/shell0_X0_Y0_Z0_mono1_fix1//test20tig_AVTZ// DONE 4.5159560879710785 1	-1.41306801 -1.23851300 -0.20794600 -0.14295940 -1.06216261 -0.94235080 -1.01161700
shell0_X0_Y0_Z0_mono0_fix1/shell1_X1_Y0_Z0_mono1_fix1//test20tig_AVTZ// DONE 4.515956488205573 1	-1.41306167 -1.23850900 -0.20794550 -0.14295970 -1.06215647 -0.94235210 -1.01161400
shell0_X0_Y0_Z0_mono0_fix1/shell1_X0_Y1_Z0_mono1_fix1//test20tig_AVTZ// DONE 4.515956561069497 1	-1.41307284 -1.23851500 -0.20794250 -0.14296650 -1.06216384 -0.94234200 -1.01161400
shell0_X0_Y0_Z0_mono0_fix1/shell1_X1_Y1_Z0_mono1_fix1//test20tig_AVTZ// DONE 4.5159568524807465 1	-1.41306497 -1.23851200 -0.20794790 -0.14295880 -1.06215827 -0.94235200 -1.01161500
shell0_X0_Y0_Z0_mono0_fix1/shell1_X0_Y0_Z-1_mono0_fix1//test20tig_AVTZ// DONE 5.849414294420457 2	0.09365232 0.13419830 0.24894570 -0.00934448 -0.14594890 -0.14853900 -0.14704160
shell0_X0_Y0_Z0_mono0_fix1/shell1_X0_Y-1_Z0_mono0_fix1//test20tig_AVTZ// DONE 6.141085043291241 2	-0.29420008 -0.25934250 -0.23928260 -0.00768086 -0.04723662 -0.04143281 -0.04478814
shell0_X0_Y0_Z0_mono0_fix1/shell1_X-1_Y0_Z0_mono0_fix1//test20tig_AVTZ// DONE 6.357429267555807 2	-0.20768553 -0.17981640 -0.18867600 -0.00253009 -0.01647944 -0.01286057 -0.01495273
shell0_X0_Y0_Z0_mono0_fix1/shell1_X0_Y0_Z-1_mono1_fix1//test20tig_AVTZ// DONE 7.239439282042159 2	-0.03907859 -0.02265089 -0.02226551 -0.00064361 -0.01616947 -0.01560442 -0.01593109
shell0_X0_Y0_Z0_mono0_fix1/shell1_X1_Y0_Z-1_mono1_fix1//test20tig_AVTZ// DONE 7.23943950064428 2	-0.03907929 -0.02265083 -0.02226385 -0.00064551 -0.01616993 -0.01560107 -0.01592994
shell0_X0_Y0_Z0_mono0_fix1/shell1_X0_Y1_Z-1_mono1_fix1//test20tig_AVTZ// DONE 7.239439558657251 2	-0.03908054 -0.02265093 -0.02225756 -0.00065106 -0.01617192 -0.01559582 -0.01592888
shell0_X0_Y0_Z0_mono0_fix1/shell1_X1_Y1_Z-1_mono1_fix1//test20tig_AVTZ// DONE 7.239439752791947 2	-0.03907645 -0.02265086 -0.02226151 -0.00064802 -0.01616692 -0.01560270 -0.01592889
shell0_X0_Y0_Z0_mono0_fix1/shell2_X0_Y2_Z0_mono3_fix1//test20tig_AVTZ// DONE 7.441595701055089 4	-0.05272311 -0.03490391 -0.03697709 -0.00057209 -0.01517392 -0.01436249 -0.01483160
shell0_X0_Y0_Z0_mono0_fix1/shell0_X0_Y0_Z0_mono3_fix1//test20tig_AVTZ// DONE 7.441595710913053 4	-0.05271917 -0.03490392 -0.03697218 -0.00057743 -0.01516955 -0.01436220 -0.01482895
shell0_X0_Y0_Z0_mono0_fix1/shell1_X1_Y0_Z0_mono2_fix1//test20tig_AVTZ// DONE 7.501411619895283 2	-0.06210546 -0.04234875 -0.04416789 -0.00064886 -0.01728871 -0.01632366 -0.01688158
shell0_X0_Y0_Z0_mono0_fix1/shell1_X-1_Y1_Z0_mono2_fix1//test20tig_AVTZ// DONE 7.501411867012628 2	-0.06209940 -0.04234878 -0.04415490 -0.00066227 -0.01728223 -0.01631962 -0.01687613
shell0_X0_Y0_Z0_mono0_fix1/shell1_X-1_Y0_Z0_mono2_fix1//test20tig_AVTZ// DONE 7.633408800312303 2	0.01584342 0.02925893 0.04140026 -0.00121240 -0.02434444 -0.02483091 -0.02454967
shell0_X0_Y0_Z0_mono0_fix1/shell1_X1_Y1_Z0_mono2_fix1//test20tig_AVTZ// DONE 7.633409059299532 2	0.01583912 0.02925893 0.04139937 -0.00121159 -0.02434866 -0.02482549 -0.02454982
shell0_X0_Y0_Z0_mono0_fix1/shell1_X0_Y-1_Z-1_mono0_fix1//test20tig_AVTZ// DONE 8.34327286060742 4	-0.04044230 -0.03264063 -0.04199366 0.00060522 0.00094614 0.00173984 0.00128098
shell0_X0_Y0_Z0_mono0_fix1/shell1_X-1_Y0_Z-1_mono0_fix1//test20tig_AVTZ// DONE 8.487159055786021 4	-0.02411697 -0.01703422 -0.02198604 0.00027755 -0.00240847 -0.00197178 -0.00222424
shell0_X0_Y0_Z0_mono0_fix1/shell1_X-1_Y1_Z0_mono0_fix1//test20tig_AVTZ// DONE 8.644867251306646 2	0.07512156 0.09142355 0.11816250 -0.00270620 -0.04033474 -0.04260245 -0.04129143
shell0_X0_Y0_Z0_mono0_fix1/shell1_X-1_Y-1_Z0_mono0_fix1//test20tig_AVTZ// DONE 8.821829156691244 2	0.01688773 0.02318529 0.03072793 -0.00053070 -0.01330950 -0.01361795 -0.01343963
shell0_X0_Y0_Z0_mono0_fix1/shell1_X0_Y0_Z-1_mono2_fix1//test20tig_AVTZ// DONE 9.05722213145863 4	0.00446435 0.00960897 0.01265469 -0.00022822 -0.00796213 -0.00809665 -0.00801888
shell0_X0_Y0_Z0_mono0_fix1/shell1_X0_Y1_Z-1_mono3_fix1//test20tig_AVTZ// DONE 9.090813705041764 4	0.00150222 0.00624721 0.00839751 -0.00019302 -0.00670227 -0.00673854 -0.00671757
shell0_X0_Y0_Z0_mono0_fix1/shell1_X0_Y-1_Z0_mono2_fix1//test20tig_AVTZ// DONE 9.535100747487162 2	-0.02446141 -0.02071417 -0.02666274 0.00051728 0.00168405 0.00215459 0.00188256
shell0_X0_Y0_Z0_mono0_fix1/shell2_X0_Y2_Z0_mono2_fix1//test20tig_AVTZ// DONE 9.5351013545578 2	-0.02444344 -0.02071415 -0.02664370 0.00049395 0.00170631 0.00215468 0.00189547
shell0_X0_Y0_Z0_mono0_fix1/shell1_X0_Y-1_Z0_mono1_fix1//test20tig_AVTZ// DONE 9.622703379953734 2	0.00607481 0.01110400 0.01453569 -0.00029807 -0.00816281 -0.00839605 -0.00826121
shell0_X0_Y0_Z0_mono0_fix1/shell2_X0_Y2_Z0_mono1_fix1//test20tig_AVTZ// DONE 9.622704000650781 2	0.00608597 0.01110406 0.01454577 -0.00030950 -0.00815030 -0.00839593 -0.00825393
shell0_X0_Y0_Z0_mono0_fix1/shell1_X-1_Y1_Z0_mono3_fix1//test20tig_AVTZ// DONE 9.808964123986632 4	0.01498896 0.01929283 0.02519424 -0.00053639 -0.00966890 -0.01013421 -0.00986520
shell0_X0_Y0_Z0_mono0_fix1/shell1_X-1_Y0_Z0_mono1_fix1//test20tig_AVTZ// DONE 9.866507372310462 2	0.00377348 0.00763579 0.00994595 -0.00018189 -0.00599058 -0.00615763 -0.00606106
shell0_X0_Y0_Z0_mono0_fix1/shell1_X-1_Y1_Z0_mono1_fix1//test20tig_AVTZ// DONE 9.866507581504809 1	0.00376332 0.00763573 0.00994125 -0.00017675 -0.00600117 -0.00614854 -0.00606334
shell0_X0_Y0_Z0_mono0_fix1/shell2_X2_Y0_Z0_mono1_fix1//test20tig_AVTZ// DONE 9.866507859478093 1	0.00376486 0.00763573 0.00993658 -0.00017163 -0.00600009 -0.00615558 -0.00606569
shell0_X0_Y0_Z0_mono0_fix1/shell1_X-1_Y1_Z-1_mono0_fix1//test20tig_AVTZ// DONE 10.335202333258081 4	-0.00890156 -0.00608844 -0.00772132 0.00020797 -0.00138822 -0.00115510 -0.00128988
shell0_X0_Y0_Z0_mono0_fix1/shell1_X-1_Y-1_Z-1_mono0_fix1//test20tig_AVTZ// DONE 10.43816662971961 4	0.00807842 0.01043930 0.01363243 -0.00018830 -0.00536571 -0.00549606 -0.00542070
shell0_X0_Y0_Z0_mono0_fix1/shell2_X0_Y2_Z-1_mono3_fix1//test20tig_AVTZ// DONE 10.880867938006704 4	-0.00427198 -0.00271652 -0.00355340 0.00008237 -0.00080096 -0.00070946 -0.00076236
shell0_X0_Y0_Z0_mono0_fix1/shell1_X0_Y0_Z-1_mono3_fix1//test20tig_AVTZ// DONE 10.880867940461021 4	-0.00427798 -0.00271653 -0.00355700 0.00008622 -0.00080720 -0.00070479 -0.00076400
shell0_X0_Y0_Z0_mono0_fix1/shell1_X1_Y0_Z-1_mono2_fix1//test20tig_AVTZ// DONE 10.938276656130684 4	-0.01045432 -0.00908361 -0.01188982 0.00024605 0.00118945 0.00141140 0.00128309
shell0_X0_Y0_Z0_mono0_fix1/shell1_X-1_Y0_Z-1_mono2_fix1//test20tig_AVTZ// DONE 10.981348313483988 4	0.00508887 0.00680870 0.00883677 -0.00009089 -0.00365702 -0.00373020 -0.00368789
shell0_X0_Y0_Z0_mono0_fix1/shell1_X0_Y-1_Z-1_mono1_fix1//test20tig_AVTZ// DONE 11.143713760649018 6	-0.00171557 -0.00010766 -0.00009567 -0.00000808 -0.00161182 -0.00159604 -0.00160516
shell0_X0_Y0_Z0_mono0_fix1/shell2_X0_Y2_Z-1_mono1_fix1//test20tig_AVTZ// DONE 11.143714291345113 4	-0.00171088 -0.00010764 -0.00008243 -0.00002242 -0.00160602 -0.00158748 -0.00159820
shell0_X0_Y0_Z0_mono0_fix1/shell2_X0_Y0_Z-2_mono0_fix1//test20tig_AVTZ// DONE 11.29705896538643 2	0.00594242 0.00738848 0.00967492 -0.00018188 -0.00355062 -0.00369668 -0.00361224
shell0_X0_Y0_Z0_mono0_fix1/shell1_X1_Y-1_Z0_mono2_fix1//test20tig_AVTZ// DONE 11.315755743122565 2	0.01235348 0.01493514 0.01927941 -0.00033884 -0.00658709 -0.00692663 -0.00673033
shell0_X0_Y0_Z0_mono0_fix1/shell2_X-1_Y2_Z0_mono2_fix1//test20tig_AVTZ// DONE 11.315756254589916 2	0.01236166 0.01493516 0.01930056 -0.00036096 -0.00657794 -0.00691754 -0.00672121
shell0_X0_Y0_Z0_mono0_fix1/shell1_X-1_Y0_Z-1_mono1_fix1//test20tig_AVTZ// DONE 11.348866390169837 4	0.00028696 0.00172732 0.00223495 -0.00002132 -0.00192666 -0.00193759 -0.00193128
shell0_X0_Y0_Z0_mono0_fix1/shell1_X-1_Y1_Z-1_mono1_fix1//test20tig_AVTZ// DONE 11.348866569053104 4	0.00029724 0.00172730 0.00224793 -0.00003575 -0.00191495 -0.00193689 -0.00192420
shell0_X0_Y0_Z0_mono0_fix1/shell1_X-1_Y-1_Z0_mono2_fix1//test20tig_AVTZ// DONE 11.435515355585895 4	0.00150559 0.00277173 0.00355689 -0.00002675 -0.00202456 -0.00202807 -0.00202604
shell0_X0_Y0_Z0_mono0_fix1/shell2_X-1_Y2_Z0_mono3_fix1//test20tig_AVTZ// DONE 11.502609029793192 4	-0.00717601 -0.00603122 -0.00791555 0.00022843 0.00051110 0.00071505 0.00059714
shell0_X0_Y0_Z0_mono0_fix1/shell1_X-1_Y0_Z0_mono3_fix1//test20tig_AVTZ// DONE 11.502609040752764 4	-0.00713502 -0.00603120 -0.00785162 0.00016376 0.00055284 0.00070896 0.00061870
shell0_X0_Y0_Z0_mono0_fix1/shell2_X0_Y0_Z-2_mono1_fix1//test20tig_AVTZ// DONE 12.087810429752329 4	-0.00003541 0.00075598 0.00100801 -0.00004738 -0.00099604 -0.00101512 -0.00100409
shell0_X0_Y0_Z0_mono0_fix1/shell2_X1_Y0_Z-2_mono1_fix1//test20tig_AVTZ// DONE 12.08781055914772 4	-0.00004494 0.00075598 0.00098942 -0.00002658 -0.00100779 -0.00102377 -0.00101453
shell0_X0_Y0_Z0_mono0_fix1/shell2_X0_Y-2_Z0_mono0_fix1//test20tig_AVTZ// DONE 12.101112883300878 2	-0.00600987 -0.00519724 -0.00668862 0.00011880 0.00055996 0.00066335 0.00060358
shell0_X0_Y0_Z0_mono0_fix1/shell1_X0_Y-1_Z-1_mono2_fix1//test20tig_AVTZ// DONE 12.402534423033304 4	-0.00530311 -0.00469293 -0.00615120 0.00013931 0.00070878 0.00083770 0.00076317
shell0_X0_Y0_Z0_mono0_fix1/shell2_X2_Y0_Z0_mono0_fix1//test20tig_AVTZ// DONE 12.473424418076702 2	-0.00598610 -0.00540575 -0.00706088 0.00015905 0.00091573 0.00105143 0.00097298
shell0_X0_Y0_Z0_mono0_fix1/shell1_X-1_Y1_Z-1_mono3_fix1//test20tig_AVTZ// DONE 12.606380859935932 4	0.00131688 0.00207480 0.00268469 -0.00002585 -0.00134197 -0.00136939 -0.00135353
shell0_X0_Y0_Z0_mono0_fix1/shell2_X0_Y-1_Z-2_mono0_fix1//test20tig_AVTZ// DONE 12.786647189942059 4	-0.00091146 -0.00030854 -0.00046646 0.00005226 -0.00049726 -0.00044551 -0.00047543
shell0_X0_Y0_Z0_mono0_fix1/shell3_X0_Y3_Z0_mono3_fix1//test20tig_AVTZ// DONE 12.802997308621594 8	0.00279834 0.00369062 0.00476767 -0.00006421 -0.00190513 -0.00196061 -0.00192854
shell0_X0_Y0_Z0_mono0_fix1/shell2_X-1_Y0_Z-2_mono0_fix1//test20tig_AVTZ// DONE 12.874556923372797 4	0.00019525 0.00076945 0.00097902 -0.00001186 -0.00077191 -0.00079283 -0.00078073
shell0_X0_Y0_Z0_mono0_fix1/shell1_X-1_Y-1_Z0_mono1_fix1//test20tig_AVTZ// DONE 13.025923661503402 2	-0.00567740 -0.00524079 -0.00683301 0.00016271 0.00099290 0.00112820 0.00104998
shell0_X0_Y0_Z0_mono0_fix1/shell2_X2_Y-1_Z0_mono1_fix1//test20tig_AVTZ// DONE 13.025924043445965 2	-0.00566038 -0.00524077 -0.00681327 0.00014077 0.00101212 0.00112803 0.00106102
shell0_X0_Y0_Z0_mono0_fix1/shell2_X2_Y0_Z0_mono2_fix1//test20tig_AVTZ// DONE 13.10633555150687 4	-0.00370851 -0.00316912 -0.00413045 0.00012830 0.00029364 0.00040881 0.00034223
shell0_X0_Y0_Z0_mono0_fix1/shell2_X-2_Y0_Z0_mono2_fix1//test20tig_AVTZ// DONE 13.157734328093264 4	-0.00182080 -0.00134897 -0.00180292 0.00006127 -0.00007915 -0.00001147 -0.00005060
shell0_X0_Y0_Z0_mono0_fix1/shell2_X0_Y-2_Z-1_mono0_fix1//test20tig_AVTZ// DONE 13.337117473407154 4	-0.00428736 -0.00389478 -0.00506665 0.00011395 0.00066533 0.00077373 0.00071106
shell0_X0_Y0_Z0_mono0_fix1/shell2_X-1_Y2_Z0_mono0_fix1//test20tig_AVTZ// DONE 13.552598434872442 2	0.00604848 0.00693229 0.00896433 -0.00017310 -0.00274275 -0.00292772 -0.00282079
shell0_X0_Y0_Z0_mono0_fix1/shell2_X-1_Y-2_Z0_mono0_fix1//test20tig_AVTZ// DONE 13.646308257990645 2	-0.00102756 -0.00064988 -0.00089338 0.00004589 -0.00018007 -0.00016768 -0.00017484
shell0_X0_Y0_Z0_mono0_fix1/shell2_X-2_Y0_Z-1_mono0_fix1//test20tig_AVTZ// DONE 13.671502611093384 4	-0.00339258 -0.00304928 -0.00402262 0.00012561 0.00050442 0.00061896 0.00055274
shell0_X0_Y0_Z0_mono0_fix1/shell2_X-2_Y1_Z0_mono0_fix1//test20tig_AVTZ// DONE 13.80233956865704 2	0.00130397 0.00189751 0.00245851 -0.00002349 -0.00113106 -0.00117191 -0.00114829
shell0_X0_Y0_Z0_mono0_fix1/shell1_X1_Y-1_Z-1_mono2_fix1//test20tig_AVTZ// DONE 13.829778383252604 4	-0.00260218 -0.00222131 -0.00288721 0.00008120 0.00020383 0.00027165 0.00023244
shell0_X0_Y0_Z0_mono0_fix1/shell2_X-2_Y-1_Z0_mono0_fix1//test20tig_AVTZ// DONE 13.890393181345283 2	0.00095588 0.00135945 0.00172975 0.00000241 -0.00077628 -0.00079325 -0.00078344
shell0_X0_Y0_Z0_mono0_fix1/shell1_X-1_Y-1_Z-1_mono2_fix1//test20tig_AVTZ// DONE 13.895101234544656 4	0.00109367 0.00153375 0.00192783 0.00003367 -0.00086783 -0.00084232 -0.00085707
shell0_X0_Y0_Z0_mono0_fix1/shell2_X-1_Y2_Z-1_mono3_fix1//test20tig_AVTZ// DONE 13.963545989872898 4	-0.00160193 -0.00126726 -0.00167106 0.00005660 0.00001253 0.00007140 0.00003736
shell0_X0_Y0_Z0_mono0_fix1/shell1_X-1_Y0_Z-1_mono3_fix1//test20tig_AVTZ// DONE 13.96354599546014 4	-0.00163805 -0.00126725 -0.00171957 0.00010893 -0.00002741 0.00007257 0.00001477
shell0_X0_Y0_Z0_mono0_fix1/shell1_X-1_Y-1_Z-1_mono1_fix1//test20tig_AVTZ// DONE 14.178687623765597 4	-0.00302534 -0.00272117 -0.00360680 0.00014693 0.00043453 0.00056573 0.00048988
shell0_X0_Y0_Z0_mono0_fix1/shell2_X2_Y-1_Z-1_mono1_fix1//test20tig_AVTZ// DONE 14.17868797046343 4	-0.00302063 -0.00272116 -0.00360321 0.00014288 0.00043970 0.00056445 0.00049233
shell0_X0_Y0_Z0_mono0_fix1/shell2_X-1_Y1_Z-2_mono0_fix1//test20tig_AVTZ// DONE 14.183717670998139 4	-0.00298120 -0.00271899 -0.00357375 0.00010295 0.00048961 0.00057864 0.00052717
shell0_X0_Y0_Z0_mono0_fix1/shell2_X-1_Y-1_Z-2_mono0_fix1//test20tig_AVTZ// DONE 14.223823841652155 4	0.00194530 0.00232288 0.00301146 -0.00003657 -0.00102960 -0.00107344 -0.00104809
shell0_X0_Y0_Z0_mono0_fix1/shell2_X0_Y0_Z-2_mono2_fix1//test20tig_AVTZ// DONE 14.374564111390235 4	0.00133104 0.00171158 0.00215140 0.00003955 -0.00085992 -0.00084811 -0.00085494
shell0_X0_Y0_Z0_mono0_fix1/shell2_X0_Y1_Z-2_mono3_fix1//test20tig_AVTZ// DONE 14.39428655518506 4	0.00040900 0.00073771 0.00090141 0.00004695 -0.00053935 -0.00050582 -0.00052520
shell0_X0_Y0_Z0_mono0_fix1/shell2_X-1_Y2_Z-1_mono0_fix1//test20tig_AVTZ// DONE 14.671031462004764 4	0.00076473 0.00116511 0.00150955 -0.00001268 -0.00073213 -0.00074619 -0.00073806
shell0_X0_Y0_Z0_mono0_fix1/shell2_X-1_Y-2_Z-1_mono0_fix1//test20tig_AVTZ// DONE 14.744658095256597 4	-0.00039416 -0.00015925 -0.00022000 0.00000689 -0.00018105 -0.00017402 -0.00017809
shell0_X0_Y0_Z0_mono0_fix1/shell2_X0_Y-1_Z-2_mono1_fix1//test20tig_AVTZ// DONE 14.76848157692598 6	-0.00070476 -0.00044033 -0.00062268 0.00006495 -0.00014703 -0.00010264 -0.00012831
shell0_X0_Y0_Z0_mono0_fix1/shell2_X0_Y2_Z-2_mono1_fix1//test20tig_AVTZ// DONE 14.768481973139131 4	-0.00067858 -0.00044033 -0.00059170 0.00003090 -0.00011778 -0.00010447 -0.00011217
shell0_X0_Y0_Z0_mono0_fix1/shell2_X2_Y-1_Z-1_mono0_fix1//test20tig_AVTZ// DONE 14.899459727195824 4	-0.00086932 -0.00058590 -0.00075959 0.00002917 -0.00013890 -0.00011119 -0.00012721
shell0_X0_Y0_Z0_mono0_fix1/shell2_X-1_Y0_Z-2_mono1_fix1//test20tig_AVTZ// DONE 14.918720329276296 8	-0.00008487 0.00024085 0.00019935 0.00012155 -0.00040578 -0.00030465 -0.00036312
shell0_X0_Y0_Z0_mono0_fix1/shell2_X-2_Y-1_Z-1_mono0_fix1//test20tig_AVTZ// DONE 14.969384953362283 4	0.00079248 0.00105412 0.00135329 -0.00000805 -0.00055275 -0.00055916 -0.00055546
shell0_X0_Y0_Z0_mono0_fix1/shell3_X0_Y3_Z-1_mono3_fix1//test20tig_AVTZ// DONE 15.05450239347556 8	-0.00003720 0.00019922 0.00027420 -0.00001861 -0.00029279 -0.00031124 -0.00030058
shell0_X0_Y0_Z0_mono0_fix1/shell2_X2_Y0_Z-1_mono2_fix1//test20tig_AVTZ// DONE 15.313959836611756 4	-0.00210138 -0.00196750 -0.00253913 0.00003209 0.00040565 0.00043748 0.00041908
shell0_X0_Y0_Z0_mono0_fix1/shell2_X-2_Y0_Z-1_mono2_fix1//test20tig_AVTZ// DONE 15.346127142249065 4	-0.00033929 -0.00014549 -0.00021746 0.00002685 -0.00014868 -0.00013672 -0.00014363
shell0_X0_Y0_Z0_mono0_fix1/shell2_X0_Y-2_Z0_mono2_fix1//test20tig_AVTZ// DONE 15.358616430737499 4	-0.00178636 -0.00161050 -0.00207793 0.00003521 0.00025636 0.00031812 0.00028241
shell0_X0_Y0_Z0_mono0_fix1/shell2_X0_Y-2_Z0_mono1_fix1//test20tig_AVTZ// DONE 15.416040837002813 4	0.00183552 0.00216824 0.00278249 -0.00002040 -0.00092657 -0.00096443 -0.00094254
shell0_X0_Y0_Z0_mono0_fix1/shell3_X-1_Y3_Z0_mono3_fix1//test20tig_AVTZ// DONE 15.52104095381023 4	-0.00195138 -0.00174829 -0.00234935 0.00013401 0.00026396 0.00037144 0.00030930
shell0_X0_Y0_Z0_mono0_fix1/shell1_X-1_Y-1_Z0_mono3_fix1//test20tig_AVTZ// DONE 15.521040961734485 4	-0.00194303 -0.00174828 -0.00234015 0.00012370 0.00027341 0.00037133 0.00031472
shell0_X0_Y0_Z0_mono0_fix1/shell2_X0_Y2_Z-2_mono3_fix1//test20tig_AVTZ// DONE 15.594891765901655 4	-0.00021658 -0.00002701 -0.00007406 0.00004134 -0.00018387 -0.00015541 -0.00017186
shell0_X0_Y0_Z0_mono0_fix1/shell2_X0_Y0_Z-2_mono3_fix1//test20tig_AVTZ// DONE 15.594891766647445 4	-0.00020431 -0.00002701 -0.00006538 0.00003161 -0.00017054 -0.00016164 -0.00016679
shell0_X0_Y0_Z0_mono0_fix1/shell2_X2_Y-1_Z0_mono2_fix1//test20tig_AVTZ// DONE 15.600046549305787 4	0.00209069 0.00244768 0.00315588 -0.00004128 -0.00102390 -0.00106284 -0.00104033
shell0_X0_Y0_Z0_mono0_fix1/shell2_X1_Y0_Z-2_mono2_fix1//test20tig_AVTZ// DONE 15.640479967180905 4	-0.00058787 -0.00041625 -0.00057031 0.00003414 -0.00005169 -0.00001885 -0.00003784
shell0_X0_Y0_Z0_mono0_fix1/shell2_X-1_Y0_Z-2_mono2_fix1//test20tig_AVTZ// DONE 15.65544690927168 4	0.00110601 0.00132768 0.00171204 -0.00001271 -0.00059332 -0.00060189 -0.00059694
shell0_X0_Y0_Z0_mono0_fix1/shell2_X-2_Y-1_Z0_mono2_fix1//test20tig_AVTZ// DONE 15.691711606545473 4	0.00115494 0.00141278 0.00177969 0.00003284 -0.00065760 -0.00062428 -0.00064354
shell0_X0_Y0_Z0_mono0_fix1/shell2_X-2_Y1_Z0_mono3_fix1//test20tig_AVTZ// DONE 15.805379319242803 4	0.00171012 0.00197033 0.00255547 -0.00004441 -0.00080094 -0.00083997 -0.00081740
shell0_X0_Y0_Z0_mono0_fix1/shell2_X-2_Y0_Z0_mono1_fix1//test20tig_AVTZ// DONE 15.844210341676147 4	0.00128602 0.00151366 0.00195393 -0.00002525 -0.00064266 -0.00071029 -0.00067119
shell0_X0_Y0_Z0_mono0_fix1/shell2_X0_Y-2_Z-1_mono1_fix1//test20tig_AVTZ// DONE 16.40087880364629 8	0.00079265 0.00097601 0.00125957 -0.00001518 -0.00045174 -0.00049413 -0.00046962
shell0_X0_Y0_Z0_mono0_fix1/shell2_X0_Y-2_Z-2_mono0_fix1//test20tig_AVTZ// DONE 16.48474375767134 4	-0.00123487 -0.00115181 -0.00148985 0.00001719 0.00023780 0.00026220 0.00024809
shell0_X0_Y0_Z0_mono0_fix1/shell2_X1_Y-2_Z0_mono2_fix1//test20tig_AVTZ// DONE 16.53156759294371 4	0.00124288 0.00152175 0.00191530 0.00002828 -0.00070069 -0.00067213 -0.00068864
shell0_X0_Y0_Z0_mono0_fix1/shell2_X-1_Y-2_Z0_mono2_fix1//test20tig_AVTZ// DONE 16.596238693239627 4	-0.00075381 -0.00064642 -0.00086823 0.00004094 0.00007349 0.00009275 0.00008162
shell0_X0_Y0_Z0_mono0_fix1/shell2_X0_Y-1_Z-2_mono2_fix1//test20tig_AVTZ// DONE 16.694936272907615 4	-0.00054322 -0.00039284 -0.00058739 0.00008798 -0.00004381 0.00001926 -0.00001720
shell0_X0_Y0_Z0_mono0_fix1/shell2_X-2_Y0_Z-2_mono0_fix1//test20tig_AVTZ// DONE 16.751154803059773 4	-0.00073796 -0.00066780 -0.00084606 -0.00001150 0.00011961 0.00011379 0.00011715
shell0_X0_Y0_Z0_mono0_fix1/shell2_X-2_Y0_Z-1_mono1_fix1//test20tig_AVTZ// DONE 16.8018025771141 8	0.00064590 0.00086532 0.00104017 0.00007284 -0.00046711 -0.00041159 -0.00044369
shell0_X0_Y0_Z0_mono0_fix1/shell3_X0_Y0_Z-3_mono0_fix1//test20tig_AVTZ// DONE 16.828780524481576 2	0.00087970 0.00103373 0.00132587 -0.00000232 -0.00044385 -0.00044943 -0.00044620
shell0_X0_Y0_Z0_mono0_fix1/shell2_X-1_Y1_Z-2_mono3_fix1//test20tig_AVTZ// DONE 16.843159077107686 4	0.00013749 0.00028964 0.00031248 0.00006280 -0.00023778 -0.00021616 -0.00022866
shell0_X0_Y0_Z0_mono0_fix1/shell2_X-2_Y2_Z0_mono3_fix1//test20tig_AVTZ// DONE 16.91178769746597 8	-0.00001400 0.00014175 0.00014041 0.00004455 -0.00019895 -0.00017160 -0.00018741
shell0_X0_Y0_Z0_mono0_fix1/shell2_X-1_Y-1_Z-2_mono1_fix1//test20tig_AVTZ// DONE 17.169741327864955 4	-0.00076034 -0.00059714 -0.00088652 0.00013713 -0.00001095 0.00010176 0.00003660
shell0_X0_Y0_Z0_mono0_fix1/shell2_X2_Y-1_Z-2_mono1_fix1//test20tig_AVTZ// DONE 17.16974160912643 4	-0.00075550 -0.00059714 -0.00088151 0.00013152 -0.00000551 0.00010122 0.00003952
shell0_X0_Y0_Z0_mono0_fix1/shell2_X0_Y-2_Z-1_mono2_fix1//test20tig_AVTZ// DONE 17.276982883034584 4	-0.00116512 -0.00107100 -0.00143441 0.00007267 0.00019662 0.00025463 0.00022109
shell0_X0_Y0_Z0_mono0_fix1/shell2_X-2_Y2_Z0_mono0_fix1//test20tig_AVTZ// DONE 17.2859948088835 2	0.00218390 0.00244314 0.00312466 -0.00002061 -0.00092016 -0.00094498 -0.00093063
shell0_X0_Y0_Z0_mono0_fix1/shell3_X0_Y0_Z-3_mono1_fix1//test20tig_AVTZ// DONE 17.372155798215474 8	0.00015635 0.00022419 0.00031680 -0.00003138 -0.00012908 -0.00016469 -0.00014410
shell0_X0_Y0_Z0_mono0_fix1/shell2_X-2_Y-2_Z0_mono0_fix1//test20tig_AVTZ// DONE 17.376093633689784 2	0.00074596 0.00082793 0.00111168 -0.00005571 -0.00031001 -0.00037227 -0.00033628
shell0_X0_Y0_Z0_mono0_fix1/shell3_X-1_Y3_Z-1_mono3_fix1//test20tig_AVTZ// DONE 17.42020099990907 4	-0.00092886 -0.00077656 -0.00111762 0.00014090 0.00004787 0.00016294 0.00009641
shell0_X0_Y0_Z0_mono0_fix1/shell1_X-1_Y-1_Z-1_mono3_fix1//test20tig_AVTZ// DONE 17.420201005295162 4	-0.00092651 -0.00077656 -0.00111195 0.00013453 0.00005091 0.00016667 0.00009975
shell0_X0_Y0_Z0_mono0_fix1/shell2_X2_Y-1_Z-1_mono2_fix1//test20tig_AVTZ// DONE 17.498212876575227 4	-0.00025659 -0.00016708 -0.00019088 -0.00001655 -0.00004915 -0.00006143 -0.00005433
shell0_X0_Y0_Z0_mono0_fix1/shell2_X-2_Y-1_Z-1_mono2_fix1//test20tig_AVTZ// DONE 17.563109751246003 4	0.00070629 0.00081361 0.00105283 -0.00001287 -0.00033367 -0.00035701 -0.00034352
shell0_X0_Y0_Z0_mono0_fix1/shell2_X-1_Y2_Z-2_mono0_fix1//test20tig_AVTZ// DONE 17.588955852041497 4	-0.00089041 -0.00081846 -0.00107473 0.00003637 0.00014795 0.00016316 0.00015436
shell0_X0_Y0_Z0_mono0_fix1/shell2_X-1_Y-2_Z-2_mono0_fix1//test20tig_AVTZ// DONE 17.63157436821179 4	0.00008319 0.00016492 0.00020445 0.00000438 -0.00012564 -0.00014374 -0.00013328
shell0_X0_Y0_Z0_mono0_fix1/shell2_X-2_Y1_Z-1_mono3_fix1//test20tig_AVTZ// DONE 17.671786539641158 4	0.00062490 0.00070665 0.00095424 -0.00005652 -0.00027282 -0.00032863 -0.00029637
shell0_X0_Y0_Z0_mono0_fix1/shell2_X-1_Y-2_Z0_mono1_fix1//test20tig_AVTZ// DONE 17.73781723928319 2	-0.00071667 -0.00056254 -0.00084145 0.00013901 -0.00001423 0.00008769 0.00002877
shell0_X0_Y0_Z0_mono0_fix1/shell2_X2_Y-2_Z0_mono1_fix1//test20tig_AVTZ// DONE 17.737817518728946 2	-0.00071261 -0.00056254 -0.00083712 0.00013415 -0.00000964 0.00008755 0.00003136
shell0_X0_Y0_Z0_mono0_fix1/shell2_X-2_Y1_Z-2_mono0_fix1//test20tig_AVTZ// DONE 17.776543576656096 4	-0.00096281 -0.00089703 -0.00119034 0.00005032 0.00017721 0.00019870 0.00018627
shell0_X0_Y0_Z0_mono0_fix1/shell2_X1_Y-1_Z-2_mono2_fix1//test20tig_AVTZ// DONE 17.790375186377172 4	-0.00095072 -0.00088886 -0.00117873 0.00004652 0.00018150 0.00020622 0.00019193
shell0_X0_Y0_Z0_mono0_fix1/shell2_X2_Y1_Z-2_mono0_fix1//test20tig_AVTZ// DONE 17.817729064924862 4	0.00043668 0.00053651 0.00067672 0.00000995 -0.00024999 -0.00026219 -0.00025513
shell0_X0_Y0_Z0_mono0_fix1/shell2_X-1_Y-1_Z-2_mono2_fix1//test20tig_AVTZ// DONE 17.821138397181656 4	0.00047289 0.00056921 0.00072936 -0.00000374 -0.00025273 -0.00026538 -0.00025807
shell0_X0_Y0_Z0_mono0_fix1/shell3_X0_Y-1_Z-3_mono0_fix1//test20tig_AVTZ// DONE 17.86823957270131 4	0.00022527 0.00030254 0.00038535 -0.00000009 -0.00015999 -0.00018695 -0.00017137
shell0_X0_Y0_Z0_mono0_fix1/shell2_X-1_Y2_Z-2_mono3_fix1//test20tig_AVTZ// DONE 17.88294484110385 6	-0.00021622 -0.00012285 -0.00019606 0.00004158 -0.00006173 -0.00003431 -0.00005016
shell0_X0_Y0_Z0_mono0_fix1/shell2_X2_Y2_Z-2_mono3_fix1//test20tig_AVTZ// DONE 17.882945104298404 2	-0.00019461 -0.00012285 -0.00017351 0.00001648 -0.00003758 -0.00003617 -0.00003699
shell0_X0_Y0_Z0_mono0_fix1/shell3_X1_Y0_Z-3_mono0_fix1//test20tig_AVTZ// DONE 17.929651535936557 4	0.00032808 0.00041909 0.00053380 0.00000215 -0.00020787 -0.00021347 -0.00021023
shell0_X0_Y0_Z0_mono0_fix1/shell2_X-2_Y-1_Z0_mono1_fix1//test20tig_AVTZ// DONE 17.98516994810452 2	-0.00066953 -0.00052878 -0.00079421 0.00013270 -0.00000801 0.00008839 0.00003266
shell0_X0_Y0_Z0_mono0_fix1/shell2_X-2_Y2_Z0_mono1_fix1//test20tig_AVTZ// DONE 17.98517028174961 2	-0.00066901 -0.00052878 -0.00078987 0.00012780 -0.00000693 0.00009311 0.00003527
shell0_X0_Y0_Z0_mono0_fix1/shell3_X0_Y3_Z0_mono0_fix1//test20tig_AVTZ// DONE 18.105243894126094 2	-0.00071077 -0.00064301 -0.00084427 0.00002963 0.00010387 0.00012948 0.00011467
shell0_X0_Y0_Z0_mono0_fix1/shell2_X-2_Y2_Z-1_mono0_fix1//test20tig_AVTZ// DONE 18.172039653320184 4	0.00086316 0.00101729 0.00127870 0.00002136 -0.00043690 -0.00045071 -0.00044272
shell0_X0_Y0_Z0_mono0_fix1/shell2_X-2_Y-2_Z-1_mono0_fix1//test20tig_AVTZ// DONE 18.2495358557432 4	0.00055785 0.00065296 0.00082710 0.00000916 -0.00027841 -0.00029173 -0.00028403
shell0_X0_Y0_Z0_mono0_fix1/shell2_X1_Y-2_Z-1_mono2_fix1//test20tig_AVTZ// DONE 18.331698310712156 4	-0.00023136 -0.00013537 -0.00019466 0.00002768 -0.00006438 -0.00003727 -0.00005295
shell0_X0_Y0_Z0_mono0_fix1/shell2_X-1_Y-2_Z-1_mono2_fix1//test20tig_AVTZ// DONE 18.378987960993637 4	-0.00032599 -0.00024490 -0.00035661 0.00004489 -0.00001427 0.00002239 0.00000119
shell0_X0_Y0_Z0_mono0_fix1/shell4_X0_Y4_Z0_mono3_fix1//test20tig_AVTZ// DONE 18.580312444601205 8	0.00070168 0.00086093 0.00103972 0.00006562 -0.00040366 -0.00036834 -0.00038876
shell0_X0_Y0_Z0_mono0_fix1/shell2_X-1_Y-2_Z-1_mono1_fix1//test20tig_AVTZ// DONE 18.598410175381105 4	-0.00051325 -0.00044343 -0.00060772 0.00004565 0.00004882 0.00007441 0.00005961
shell0_X0_Y0_Z0_mono0_fix1/shell2_X2_Y-2_Z-1_mono1_fix1//test20tig_AVTZ// DONE 18.598410440304644 4	-0.00051694 -0.00044342 -0.00061180 0.00005027 0.00004459 0.00007429 0.00005712
shell0_X0_Y0_Z0_mono0_fix1/shell3_X3_Y0_Z0_mono0_fix1//test20tig_AVTZ// DONE 18.645285026348134 2	-0.00078386 -0.00072230 -0.00097770 0.00005922 0.00013461 0.00017454 0.00015146
shell0_X0_Y0_Z0_mono0_fix1/shell2_X-2_Y2_Z-1_mono3_fix1//test20tig_AVTZ// DONE 18.667542782843515 8	-0.00004556 0.00003093 0.00001462 0.00002611 -0.00008630 -0.00007629 -0.00008208
shell0_X0_Y0_Z0_mono0_fix1/shell3_X0_Y3_Z-2_mono3_fix1//test20tig_AVTZ// DONE 18.749589666649502 8	-0.00016661 -0.00009566 -0.00014520 0.00002425 -0.00004566 -0.00001742 -0.00003375
shell0_X0_Y0_Z0_mono0_fix1/shell2_X-2_Y-1_Z-1_mono1_fix1//test20tig_AVTZ// DONE 18.83369311949034 4	-0.00050282 -0.00037594 -0.00059768 0.00013106 -0.00003620 0.00005967 0.00000425
shell0_X0_Y0_Z0_mono0_fix1/shell2_X-2_Y2_Z-1_mono1_fix1//test20tig_AVTZ// DONE 18.833693437102504 4	-0.00050298 -0.00037595 -0.00059781 0.00013120 -0.00003637 0.00005975 0.00000418
shell0_X0_Y0_Z0_mono0_fix1/shell3_X-1_Y1_Z-3_mono0_fix1//test20tig_AVTZ// DONE 18.9011034090771 4	-0.00037140 -0.00032212 -0.00044030 0.00002906 0.00003984 0.00004736 0.00004301
shell0_X0_Y0_Z0_mono0_fix1/shell3_X-1_Y-1_Z-3_mono0_fix1//test20tig_AVTZ// DONE 18.918185230045182 4	0.00050050 0.00057080 0.00072948 0.00000090 -0.00022988 -0.00025342 -0.00023981
shell0_X0_Y0_Z0_mono0_fix1/shell3_X0_Y-3_Z-1_mono0_fix1//test20tig_AVTZ// DONE 18.949344125555402 4	-0.00064938 -0.00060178 -0.00080192 0.00003512 0.00011742 0.00013453 0.00012464
shell0_X0_Y0_Z0_mono0_fix1/shell2_X2_Y0_Z-2_mono2_fix1//test20tig_AVTZ// DONE 18.9594606612409 4	-0.00057698 -0.00052672 -0.00071985 0.00004931 0.00009356 0.00011084 0.00010085
shell0_X0_Y0_Z0_mono0_fix1/shell2_X-2_Y0_Z-2_mono2_fix1//test20tig_AVTZ// DONE 18.976438979400637 4	0.00003916 0.00013669 0.00011384 0.00006136 -0.00013603 -0.00009371 -0.00011818
shell0_X0_Y0_Z0_mono0_fix1/shell2_X0_Y-2_Z-2_mono1_fix1//test20tig_AVTZ// DONE 19.046261173316775 8	0.00004881 0.00008181 0.00014138 -0.00003752 -0.00005505 -0.00008932 -0.00006951
shell0_X0_Y0_Z0_mono0_fix1/shell3_X3_Y0_Z0_mono2_fix1//test20tig_AVTZ// DONE 19.079416621970953 4	-0.00064089 -0.00056521 -0.00078558 0.00007106 0.00007363 0.00012751 0.00009636
shell0_X0_Y0_Z0_mono0_fix1/shell3_X-3_Y0_Z0_mono2_fix1//test20tig_AVTZ// DONE 19.10458789358797 4	-0.00046150 -0.00041721 -0.00056699 0.00003523 0.00007026 0.00007840 0.00007369
shell0_X0_Y0_Z0_mono0_fix1/shell3_X1_Y-3_Z0_mono0_fix1//test20tig_AVTZ// DONE 19.113015966385404 2	0.00055917 0.00066731 0.00083708 0.00001512 -0.00029302 -0.00030237 -0.00029697
shell0_X0_Y0_Z0_mono0_fix1/shell3_X-1_Y-3_Z0_mono0_fix1//test20tig_AVTZ// DONE 19.163318985896225 2	-0.00049199 -0.00046147 -0.00060770 0.00001755 0.00009815 0.00009689 0.00009762
shell0_X0_Y0_Z0_mono0_fix1/shell3_X0_Y-1_Z-3_mono1_fix1//test20tig_AVTZ// DONE 19.339020017348982 8	-0.00006895 -0.00004847 -0.00003728 -0.00002543 -0.00000624 -0.00003663 -0.00001907
shell0_X0_Y0_Z0_mono0_fix1/shell2_X-2_Y0_Z-2_mono1_fix1//test20tig_AVTZ// DONE 19.389072389627156 8	0.00016787 0.00023630 0.00028245 0.00002080 -0.00013538 -0.00013254 -0.00013418
shell0_X0_Y0_Z0_mono0_fix1/shell3_X-1_Y0_Z-3_mono1_fix1//test20tig_AVTZ// DONE 19.4519766125397 8	0.00000817 0.00008719 0.00006244 0.00005222 -0.00010648 -0.00007493 -0.00009317
shell0_X0_Y0_Z0_mono0_fix1/shell3_X-3_Y0_Z-1_mono0_fix1//test20tig_AVTZ// DONE 19.46447578625865 4	-0.00058931 -0.00056254 -0.00074041 0.00002281 0.00012829 0.00013246 0.00013005
shell0_X0_Y0_Z0_mono0_fix1/shell3_X-3_Y1_Z0_mono0_fix1//test20tig_AVTZ// DONE 19.569005701911916 2	-0.00018371 -0.00012892 -0.00018046 0.00001949 -0.00002274 -0.00002126 -0.00002212
shell0_X0_Y0_Z0_mono0_fix1/shell3_X-3_Y-1_Z0_mono0_fix1//test20tig_AVTZ// DONE 19.61563324247146 2	-0.00014498 -0.00005755 -0.00013676 0.00006985 -0.00007807 -0.00002121 -0.00005408
shell0_X0_Y0_Z0_mono0_fix1/shell2_X2_Y-2_Z0_mono2_fix1//test20tig_AVTZ// DONE 19.703621317332598 4	0.00100716 0.00119900 0.00144096 0.00009580 -0.00052959 -0.00046024 -0.00050033
shell0_X0_Y0_Z0_mono0_fix1/shell2_X-2_Y-2_Z0_mono2_fix1//test20tig_AVTZ// DONE 19.779815742280164 4	0.00024220 0.00031097 0.00036687 0.00003265 -0.00015733 -0.00015257 -0.00015532
shell0_X0_Y0_Z0_mono0_fix1/shell3_X0_Y0_Z-3_mono2_fix1//test20tig_AVTZ// DONE 19.83325271730487 4	0.00038080 0.00039733 0.00056013 -0.00005527 -0.00012406 -0.00017666 -0.00014625
shell0_X0_Y0_Z0_mono0_fix1/shell3_X0_Y1_Z-3_mono3_fix1//test20tig_AVTZ// DONE 19.847173834622325 4	0.00011982 0.00015572 0.00020657 -0.00000823 -0.00007853 -0.00009153 -0.00008401
shell0_X0_Y0_Z0_mono0_fix1/shell3_X-2_Y3_Z0_mono3_fix1//test20tig_AVTZ// DONE 19.866690901800293 4	-0.00058583 -0.00053819 -0.00073418 0.00005114 0.00009721 0.00013225 0.00011200
shell0_X0_Y0_Z0_mono0_fix1/shell2_X-2_Y-1_Z0_mono3_fix1//test20tig_AVTZ// DONE 19.866690908438184 4	-0.00058242 -0.00053819 -0.00072970 0.00004611 0.00010118 0.00013312 0.00011465
shell0_X0_Y0_Z0_mono0_fix1/shell3_X1_Y-3_Z-1_mono0_fix1//test20tig_AVTZ// DONE 19.9159030835228 4	0.00015615 0.00022663 0.00028928 0.00000028 -0.00013341 -0.00011903 -0.00012734
shell0_X0_Y0_Z0_mono0_fix1/shell3_X-1_Y-3_Z-1_mono0_fix1//test20tig_AVTZ// DONE 19.960307726122323 4	-0.00037549 -0.00033860 -0.00046328 0.00003219 0.00005560 0.00006692 0.00006038
shell0_X0_Y0_Z0_mono0_fix1/shell4_X0_Y4_Z-1_mono3_fix1//test20tig_AVTZ// DONE 20.19256481920093 8	0.00023177 0.00029732 0.00036410 0.00001650 -0.00014883 -0.00014238 -0.00014611
shell0_X0_Y0_Z0_mono0_fix1/shell3_X-3_Y1_Z-1_mono0_fix1//test20tig_AVTZ// DONE 20.3526679126256 4	-0.00028464 -0.00023568 -0.00033124 0.00003510 0.00001150 0.00003130 0.00001985
shell0_X0_Y0_Z0_mono0_fix1/shell3_X-3_Y-1_Z-1_mono0_fix1//test20tig_AVTZ// DONE 20.39409709484887 4	-0.00004737 -0.00001990 -0.00001846 -0.00000679 -0.00002211 -0.00002549 -0.00002354
shell0_X0_Y0_Z0_mono0_fix1/shell4_X-1_Y4_Z0_mono3_fix1//test20tig_AVTZ// DONE 20.546524319195967 8	-0.00015778 -0.00010861 -0.00016300 0.00002648 -0.00002125 -0.00000046 -0.00001248
shell0_X0_Y0_Z0_mono0_fix1/shell2_X0_Y-2_Z-2_mono2_fix1//test20tig_AVTZ// DONE 20.575981946111412 4	-0.00041926 -0.00038328 -0.00052666 0.00003922 0.00006819 0.00009185 0.00007817
shell0_X0_Y0_Z0_mono0_fix1/shell2_X-2_Y2_Z-2_mono0_fix1//test20tig_AVTZ// DONE 20.59611080908663 4	-0.00017753 -0.00013314 -0.00019696 0.00003095 -0.00001153 -0.00000782 -0.00000996
shell0_X0_Y0_Z0_mono0_fix1/shell2_X-2_Y-2_Z-2_mono0_fix1//test20tig_AVTZ// DONE 20.649307055545236 4	0.00028915 0.00035789 0.00042700 0.00003254 -0.00017039 -0.00014918 -0.00016144
shell0_X0_Y0_Z0_mono0_fix1/shell3_X3_Y0_Z-1_mono2_fix1//test20tig_AVTZ// DONE 20.652083007159376 4	-0.00041394 -0.00043252 -0.00051412 -0.00003940 0.00013958 0.00010380 0.00012448
shell0_X0_Y0_Z0_mono0_fix1/shell3_X-3_Y0_Z-1_mono2_fix1//test20tig_AVTZ// DONE 20.671911781361718 4	-0.00026544 -0.00021822 -0.00032039 0.00004398 0.00001096 0.00004013 0.00002327
shell0_X0_Y0_Z0_mono0_fix1/shell3_X0_Y2_Z-3_mono0_fix1//test20tig_AVTZ// DONE 20.680469639244848 4	-0.00023799 -0.00019687 -0.00028977 0.00004022 0.00001155 0.00002773 0.00001838
shell0_X0_Y0_Z0_mono0_fix1/shell3_X-1_Y3_Z-2_mono3_fix1//test20tig_AVTZ// DONE 20.695212929129955 4	-0.00021494 -0.00021554 -0.00024502 -0.00003107 0.00006115 0.00003815 0.00005144
shell0_X0_Y0_Z0_mono0_fix1/shell2_X-1_Y-1_Z-2_mono3_fix1//test20tig_AVTZ// DONE 20.69521293220151 4	-0.00020787 -0.00021554 -0.00023972 -0.00003696 0.00006882 0.00003477 0.00005445
shell0_X0_Y0_Z0_mono0_fix1/shell3_X0_Y2_Z-3_mono3_fix1//test20tig_AVTZ// DONE 20.737173899803686 8	-0.00001681 0.00004817 0.00001259 0.00005231 -0.00008171 -0.00004454 -0.00006603
shell0_X0_Y0_Z0_mono0_fix1/shell2_X2_Y-1_Z-2_mono2_fix1//test20tig_AVTZ// DONE 20.767997406506723 4	-0.00045358 -0.00040069 -0.00056864 0.00006192 0.00005314 0.00009811 0.00007211
shell0_X0_Y0_Z0_mono0_fix1/shell3_X1_Y0_Z-3_mono2_fix1//test20tig_AVTZ// DONE 20.77329762821734 4	0.00002078 0.00007263 0.00006194 0.00003237 -0.00007353 -0.00005512 -0.00006576
shell0_X0_Y0_Z0_mono0_fix1/shell3_X-1_Y0_Z-3_mono2_fix1//test20tig_AVTZ// DONE 20.779740652993645 4	0.00027571 0.00034123 0.00040139 0.00003717 -0.00016285 -0.00014845 -0.00015677
shell0_X0_Y0_Z0_mono0_fix1/shell2_X-2_Y-1_Z-2_mono2_fix1//test20tig_AVTZ// DONE 20.80684280522193 4	0.00034939 0.00035338 0.00051225 -0.00006451 -0.00009835 -0.00014457 -0.00011785
shell0_X0_Y0_Z0_mono0_fix1/shell3_X3_Y-1_Z0_mono2_fix1//test20tig_AVTZ// DONE 20.87444302854949 4	0.00013222 0.00020034 0.00022713 0.00003153 -0.00012644 -0.00010986 -0.00011945
shell0_X0_Y0_Z0_mono0_fix1/shell3_X-2_Y0_Z-3_mono0_fix1//test20tig_AVTZ// DONE 20.890719218843724 4	-0.00008207 -0.00006207 -0.00008370 0.00000354 -0.00000191 -0.00001300 -0.00000659
shell0_X0_Y0_Z0_mono0_fix1/shell2_X-2_Y1_Z-2_mono3_fix1//test20tig_AVTZ// DONE 20.90540436020107 4	0.00010856 0.00016876 0.00018439 0.00003293 -0.00010875 -0.00008384 -0.00009824
shell0_X0_Y0_Z0_mono0_fix1/shell3_X-3_Y-1_Z0_mono2_fix1//test20tig_AVTZ// DONE 20.932064259954963 4	0.00012712 0.00017524 0.00020244 0.00002227 -0.00009759 -0.00008771 -0.00009342
shell0_X0_Y0_Z0_mono0_fix1/shell2_X-1_Y-2_Z-2_mono1_fix1//test20tig_AVTZ// DONE 20.966117294824933 6	-0.00021413 -0.00022012 -0.00024870 -0.00003327 0.00006784 0.00003750 0.00005504
shell0_X0_Y0_Z0_mono0_fix1/shell3_X-1_Y3_Z-2_mono1_fix1//test20tig_AVTZ// DONE 20.966117762729155 4	-0.00021611 -0.00022012 -0.00025364 -0.00002776 0.00006529 0.00003423 0.00005219
shell0_X0_Y0_Z0_mono0_fix1/shell2_X-2_Y-1_Z-2_mono1_fix1//test20tig_AVTZ// DONE 21.173699779674557 6	-0.00017471 -0.00015200 -0.00020673 0.00001348 0.00001853 0.00001719 0.00001796
shell0_X0_Y0_Z0_mono0_fix1/shell2_X-2_Y2_Z-2_mono1_fix1//test20tig_AVTZ// DONE 21.17370006027061 6	-0.00013187 -0.00015200 -0.00013879 -0.00005868 0.00006560 0.00002177 0.00004711
shell0_X0_Y0_Z0_mono0_fix1/shell3_X-1_Y-1_Z-3_mono1_fix1//test20tig_AVTZ// DONE 21.229302665919374 4	-0.00009387 -0.00009475 -0.00009242 -0.00002971 0.00002826 0.00000225 0.00001729
shell0_X0_Y0_Z0_mono0_fix1/shell3_X2_Y-1_Z-3_mono1_fix1//test20tig_AVTZ// DONE 21.22930289093879 4	-0.00009277 -0.00009475 -0.00009437 -0.00002735 0.00002895 -0.00000246 0.00001570
shell0_X0_Y0_Z0_mono0_fix1/shell2_X2_Y-2_Z-1_mono2_fix1//test20tig_AVTZ// DONE 21.234374541563394 4	0.00022414 0.00028534 0.00034663 0.00001896 -0.00014145 -0.00013382 -0.00013823
shell0_X0_Y0_Z0_mono0_fix1/shell3_X0_Y-3_Z-2_mono0_fix1//test20tig_AVTZ// DONE 21.278496111986907 4	-0.00035224 -0.00037650 -0.00044403 -0.00003782 0.00012961 0.00008552 0.00011101
shell0_X0_Y0_Z0_mono0_fix1/shell2_X-2_Y-2_Z-1_mono2_fix1//test20tig_AVTZ// DONE 21.295197205418095 4	0.00022489 0.00022916 0.00033355 -0.00004269 -0.00006598 -0.00010761 -0.00008354
shell0_X0_Y0_Z0_mono0_fix1/shell3_X0_Y-3_Z0_mono2_fix1//test20tig_AVTZ// DONE 21.295664824469554 4	-0.00030711 -0.00029276 -0.00038023 0.00000780 0.00006532 0.00006113 0.00006356
shell0_X0_Y0_Z0_mono0_fix1/shell3_X0_Y-3_Z0_mono1_fix1//test20tig_AVTZ// DONE 21.337764731780062 4	0.00042992 0.00049265 0.00061233 0.00001644 -0.00019885 -0.00020134 -0.00019990
shell0_X0_Y0_Z0_mono0_fix1/shell3_X-2_Y3_Z-1_mono3_fix1//test20tig_AVTZ// DONE 21.380293593521262 4	-0.00034241 -0.00030459 -0.00043007 0.00004420 0.00004347 0.00007118 0.00005516
shell0_X0_Y0_Z0_mono0_fix1/shell2_X-2_Y-1_Z-1_mono3_fix1//test20tig_AVTZ// DONE 21.380293598727384 4	-0.00034677 -0.00030459 -0.00043410 0.00004872 0.00003860 0.00007209 0.00005273
shell0_X0_Y0_Z0_mono0_fix1/shell2_X1_Y-2_Z-2_mono2_fix1//test20tig_AVTZ// DONE 21.473922319015646 4	-0.00037633 -0.00033079 -0.00047351 0.00005556 0.00004162 0.00007994 0.00005779
shell0_X0_Y0_Z0_mono0_fix1/shell2_X-1_Y-2_Z-2_mono2_fix1//test20tig_AVTZ// DONE 21.50329685461244 4	-0.00007323 -0.00002031 -0.00006384 0.00003961 -0.00004900 -0.00001045 -0.00003274
shell0_X0_Y0_Z0_mono0_fix1/shell3_X-1_Y2_Z-3_mono0_fix1//test20tig_AVTZ// DONE 21.57645646226733 4	-0.00031327 -0.00033873 -0.00039199 -0.00004227 0.00012099 0.00007965 0.00010355
shell0_X0_Y0_Z0_mono0_fix1/shell3_X0_Y-1_Z-3_mono2_fix1//test20tig_AVTZ// DONE 21.578385919570575 4	-0.00001580 0.00002969 0.00000425 0.00003548 -0.00005553 -0.00003540 -0.00004704
shell0_X0_Y0_Z0_mono0_fix1/shell3_X-1_Y-2_Z-3_mono0_fix1//test20tig_AVTZ// DONE 21.599562734241434 4	0.00015005 0.00013270 0.00022723 -0.00006168 -0.00001549 -0.00007409 -0.00004021
shell0_X0_Y0_Z0_mono0_fix1/shell2_X-2_Y-2_Z0_mono1_fix1//test20tig_AVTZ// DONE 21.64331150907921 2	-0.00043728 -0.00040357 -0.00056121 0.00004975 0.00007417 0.00010284 0.00008627
shell0_X0_Y0_Z0_mono0_fix1/shell3_X3_Y-2_Z0_mono1_fix1//test20tig_AVTZ// DONE 21.643311883735556 2	-0.00043735 -0.00040357 -0.00056125 0.00004980 0.00007410 0.00010289 0.00008625
shell0_X0_Y0_Z0_mono0_fix1/shell3_X-1_Y1_Z-3_mono3_fix1//test20tig_AVTZ// DONE 21.691811159759332 4	0.00005245 0.00007886 0.00010547 -0.00000509 -0.00004793 -0.00004280 -0.00004577
shell0_X0_Y0_Z0_mono0_fix1/shell3_X2_Y-1_Z-3_mono0_fix1//test20tig_AVTZ// DONE 21.727780381924084 4	-0.00033338 -0.00030329 -0.00043100 0.00004673 0.00005089 0.00006503 0.00005686
shell0_X0_Y0_Z0_mono0_fix1/shell3_X3_Y0_Z-2_mono0_fix1//test20tig_AVTZ// DONE 21.73568411794516 4	-0.00029994 -0.00027329 -0.00038780 0.00004110 0.00004675 0.00005528 0.00005035
shell0_X0_Y0_Z0_mono0_fix1/shell3_X2_Y1_Z-3_mono0_fix1//test20tig_AVTZ// DONE 21.75038448396188 4	0.00022807 0.00022740 0.00032690 -0.00003858 -0.00006025 -0.00010809 -0.00008043
shell0_X0_Y0_Z0_mono0_fix1/shell2_X-2_Y2_Z-2_mono3_fix1//test20tig_AVTZ// DONE 21.753679097836525 8	0.00000412 0.00000599 0.00003732 -0.00003083 -0.00000237 -0.00002783 -0.00001311
shell0_X0_Y0_Z0_mono0_fix1/shell3_X-2_Y3_Z0_mono0_fix1//test20tig_AVTZ// DONE 21.9129003190964 2	0.00064869 0.00074703 0.00091366 0.00004278 -0.00030776 -0.00028434 -0.00029788
shell0_X0_Y0_Z0_mono0_fix1/shell3_X-3_Y1_Z0_mono3_fix1//test20tig_AVTZ// DONE 21.915337606781055 4	0.00033384 0.00039448 0.00047942 0.00002546 -0.00017104 -0.00015819 -0.00016562
shell0_X0_Y0_Z0_mono0_fix1/shell3_X-3_Y0_Z0_mono1_fix1//test20tig_AVTZ// DONE 21.94402989914625 4	0.00030057 0.00034667 0.00042879 0.00001412 -0.00014234 -0.00014534 -0.00014360
shell0_X0_Y0_Z0_mono0_fix1/shell3_X-2_Y-3_Z0_mono0_fix1//test20tig_AVTZ// DONE 21.9794826682039 2	0.00010720 0.00008909 0.00016749 -0.00005690 -0.00000339 -0.00005743 -0.00002619
shell0_X0_Y0_Z0_mono0_fix1/shell4_X-1_Y4_Z-1_mono3_fix1//test20tig_AVTZ// DONE 22.013907938030542 8	-0.00009962 -0.00010603 -0.00010081 -0.00003545 0.00003663 0.00000774 0.00002444
shell0_X0_Y0_Z0_mono0_fix1/shell3_X0_Y-3_Z-1_mono1_fix1//test20tig_AVTZ// DONE 22.057562741482617 8	0.00028510 0.00033072 0.00040869 0.00001368 -0.00013727 -0.00014061 -0.00013868
shell0_X0_Y0_Z0_mono0_fix1/shell3_X-1_Y3_Z-2_mono0_fix1//test20tig_AVTZ// DONE 22.146736406984967 4	-0.00013845 -0.00015946 -0.00015184 -0.00005329 0.00006668 0.00002321 0.00004834
shell0_X0_Y0_Z0_mono0_fix1/shell3_X1_Y-3_Z0_mono2_fix1//test20tig_AVTZ// DONE 22.16134573048155 4	0.00013922 0.00019636 0.00022413 0.00002869 -0.00011359 -0.00009211 -0.00010453
shell0_X0_Y0_Z0_mono0_fix1/shell3_X-3_Y2_Z0_mono0_fix1//test20tig_AVTZ// DONE 22.161570052593603 2	0.00031622 0.00042115 0.00046027 0.00008622 -0.00023027 -0.00017686 -0.00020774
shell0_X0_Y0_Z0_mono0_fix1/shell3_X-1_Y-3_Z-2_mono0_fix1//test20tig_AVTZ// DONE 22.178962605437523 4	-0.00017446 -0.00014065 -0.00021341 0.00003544 0.00000351 0.00002543 0.00001276
shell0_X0_Y0_Z0_mono0_fix1/shell3_X-1_Y-3_Z0_mono2_fix1//test20tig_AVTZ// DONE 22.19900216646452 4	-0.00028025 -0.00025421 -0.00035623 0.00003309 0.00004289 0.00006188 0.00005090
shell0_X0_Y0_Z0_mono0_fix1/shell3_X3_Y2_Z0_mono0_fix1//test20tig_AVTZ// DONE 22.225818045479098 2	0.00017444 0.00022641 0.00025605 0.00003514 -0.00011675 -0.00009497 -0.00010756
shell0_X0_Y0_Z0_mono0_fix1/shell3_X3_Y-1_Z-1_mono2_fix1//test20tig_AVTZ// DONE 22.32255509190968 4	-0.00006791 -0.00006416 -0.00005735 -0.00002483 0.00001426 -0.00000471 0.00000626
shell0_X0_Y0_Z0_mono0_fix1/shell2_X-2_Y-2_Z-1_mono1_fix1//test20tig_AVTZ// DONE 22.352763984948325 4	-0.00030110 -0.00031643 -0.00037647 -0.00002770 0.00010306 0.00007989 0.00009328
shell0_X0_Y0_Z0_mono0_fix1/shell3_X3_Y-2_Z-1_mono1_fix1//test20tig_AVTZ// DONE 22.352764346762097 4	-0.00029899 -0.00031643 -0.00037458 -0.00002968 0.00010527 0.00007876 0.00009409
shell0_X0_Y0_Z0_mono0_fix1/shell3_X-3_Y-1_Z-1_mono2_fix1//test20tig_AVTZ// DONE 22.369655330932186 4	0.00014669 0.00014040 0.00022119 -0.00004450 -0.00003001 -0.00006794 -0.00004601
shell0_X0_Y0_Z0_mono0_fix1/shell4_X0_Y0_Z-4_mono0_fix1//test20tig_AVTZ// DONE 22.38328531564109 2	0.00021988 0.00025064 0.00030780 0.00001362 -0.00010153 -0.00011404 -0.00010681
shell0_X0_Y0_Z0_mono0_fix1/shell3_X1_Y-1_Z-3_mono2_fix1//test20tig_AVTZ// DONE 22.4415577877589 4	-0.00020798 -0.00017456 -0.00026094 0.00004016 0.00001280 0.00003638 0.00002275
shell0_X0_Y0_Z0_mono0_fix1/shell3_X-1_Y-1_Z-3_mono2_fix1//test20tig_AVTZ// DONE 22.456939538947946 4	0.00014987 0.00020393 0.00022129 0.00004179 -0.00011321 -0.00008706 -0.00010218
shell0_X0_Y0_Z0_mono0_fix1/shell3_X-1_Y2_Z-3_mono3_fix1//test20tig_AVTZ// DONE 22.509843461945273 8	-0.00003987 0.00000679 -0.00003468 0.00004618 -0.00005137 -0.00002132 -0.00003869
shell0_X0_Y0_Z0_mono0_fix1/shell3_X-3_Y1_Z-2_mono0_fix1//test20tig_AVTZ// DONE 22.537939671836927 4	-0.00028785 -0.00025343 -0.00036613 0.00004621 0.00003207 0.00005856 0.00004324
shell0_X0_Y0_Z0_mono0_fix1/shell3_X-3_Y-1_Z-2_mono0_fix1//test20tig_AVTZ// DONE 22.568434831371874 4	0.00000521 0.00002765 0.00002704 0.00000832 -0.00003015 -0.00002725 -0.00002893
shell0_X0_Y0_Z0_mono0_fix1/shell3_X-2_Y3_Z-1_mono0_fix1//test20tig_AVTZ// DONE 22.61602473885909 4	0.00036850 0.00044444 0.00052006 0.00004662 -0.00019818 -0.00017724 -0.00018934
shell0_X0_Y0_Z0_mono0_fix1/shell3_X-3_Y0_Z-1_mono1_fix1//test20tig_AVTZ// DONE 22.643643501223565 8	0.00021740 0.00025848 0.00031306 0.00001756 -0.00011322 -0.00010848 -0.00011122
shell0_X0_Y0_Z0_mono0_fix1/shell3_X2_Y3_Z-1_mono0_fix1//test20tig_AVTZ// DONE 22.676560295364727 4	0.00010026 0.00008490 0.00015413 -0.00004929 -0.00000458 -0.00004866 -0.00002318
shell0_X0_Y0_Z0_mono0_fix1/shell3_X0_Y-3_Z-1_mono2_fix1//test20tig_AVTZ// DONE 22.71469927827218 4	-0.00029494 -0.00025518 -0.00037462 0.00005277 0.00002691 0.00006368 0.00004242
shell0_X0_Y0_Z0_mono0_fix1/shell3_X-3_Y2_Z0_mono3_fix1//test20tig_AVTZ// DONE 22.726987907588544 8	0.00011882 0.00015675 0.00018402 0.00001662 -0.00008182 -0.00006975 -0.00007673
shell0_X0_Y0_Z0_mono0_fix1/shell3_X0_Y-2_Z-3_mono1_fix1//test20tig_AVTZ// DONE 22.77494617874708 8	-0.00005402 -0.00002588 -0.00005043 0.00001865 -0.00002224 -0.00000912 -0.00001670
shell0_X0_Y0_Z0_mono0_fix1/shell4_X0_Y0_Z-4_mono1_fix1//test20tig_AVTZ// DONE 22.795447696121393 8	0.00003268 0.00006802 0.00007148 0.00001642 -0.00005522 -0.00003016 -0.00004465
shell0_X0_Y0_Z0_mono0_fix1/shell3_X-3_Y2_Z-1_mono0_fix1//test20tig_AVTZ// DONE 22.856595313319 4	0.00018023 0.00022335 0.00026319 0.00002318 -0.00010613 -0.00010571 -0.00010596
shell0_X0_Y0_Z0_mono0_fix1/shell3_X-3_Y-2_Z-1_mono0_fix1//test20tig_AVTZ// DONE 22.915145975078953 4	0.00015251 0.00019611 0.00021785 0.00003469 -0.00010003 -0.00008639 -0.00009428
shell0_X0_Y0_Z0_mono0_fix1/shell3_X-2_Y0_Z-3_mono1_fix1//test20tig_AVTZ// DONE 23.06001474302138 8	0.00001020 0.00006084 0.00003153 0.00004965 -0.00007098 -0.00003839 -0.00005723
shell0_X0_Y0_Z0_mono0_fix1/shell3_X-1_Y-3_Z0_mono1_fix1//test20tig_AVTZ// DONE 23.06984206182758 4	-0.00001030 0.00002284 0.00000306 0.00002797 -0.00004133 -0.00003193 -0.00003737
shell0_X0_Y0_Z0_mono0_fix1/shell4_X0_Y4_Z-2_mono3_fix1//test20tig_AVTZ// DONE 23.077286309556804 8	0.00000556 0.00003353 0.00002636 0.00001735 -0.00003815 -0.00002787 -0.00003381
shell0_X0_Y0_Z0_mono0_fix1/shell4_X0_Y-1_Z-4_mono0_fix1//test20tig_AVTZ// DONE 23.17674933618588 4	0.00013742 0.00013155 0.00020229 -0.00003627 -0.00002861 -0.00006247 -0.00004289
shell0_X0_Y0_Z0_mono0_fix1/shell3_X0_Y3_Z-3_mono3_fix1//test20tig_AVTZ// DONE 23.205939871269447 8	-0.00000436 -0.00002535 0.00001968 -0.00005508 0.00003104 -0.00000422 0.00001616
shell0_X0_Y0_Z0_mono0_fix1/shell4_X1_Y0_Z-4_mono0_fix1//test20tig_AVTZ// DONE 23.223605705307982 4	0.00010698 0.00015142 0.00015069 0.00004547 -0.00008917 -0.00007484 -0.00008312
shell0_X0_Y0_Z0_mono0_fix1/shell3_X-3_Y1_Z-1_mono3_fix1//test20tig_AVTZ// DONE 23.295014294769718 4	0.00022493 0.00022487 0.00032612 -0.00004065 -0.00006054 -0.00009555 -0.00007531
shell0_X0_Y0_Z0_mono0_fix1/shell3_X2_Y0_Z-3_mono2_fix1//test20tig_AVTZ// DONE 23.376481107677538 4	-0.00012776 -0.00009586 -0.00016401 0.00004183 -0.00000558 0.00001409 0.00000272
shell0_X0_Y0_Z0_mono0_fix1/shell3_X-2_Y0_Z-3_mono2_fix1//test20tig_AVTZ// DONE 23.385563354077906 4	0.00010623 0.00009629 0.00015719 -0.00003628 -0.00001468 -0.00005249 -0.00003063
shell0_X0_Y0_Z0_mono0_fix1/shell3_X3_Y0_Z-2_mono2_fix1//test20tig_AVTZ// DONE 23.479831511051533 4	-0.00019452 -0.00021833 -0.00024524 -0.00003532 0.00008603 0.00005215 0.00007174
shell0_X0_Y0_Z0_mono0_fix1/shell3_X-3_Y0_Z-2_mono2_fix1//test20tig_AVTZ// DONE 23.493318568218267 4	-0.00009921 -0.00006244 -0.00012951 0.00005135 -0.00002105 -0.00000256 -0.00001325
shell0_X0_Y0_Z0_mono0_fix1/shell3_X1_Y-3_Z-1_mono2_fix1//test20tig_AVTZ// DONE 23.52984368926776 4	-0.00001641 -0.00001170 0.00000430 -0.00001916 -0.00000154 -0.00001556 -0.00000746
shell0_X0_Y0_Z0_mono0_fix1/shell3_X-3_Y-1_Z0_mono1_fix1//test20tig_AVTZ// DONE 23.53758683936169 4	0.00001849 0.00000329 0.00004206 -0.00003912 0.00001555 -0.00002613 -0.00000203
shell0_X0_Y0_Z0_mono0_fix1/shell3_X-1_Y-3_Z-1_mono2_fix1//test20tig_AVTZ// DONE 23.561261722301783 4	-0.00014445 -0.00016639 -0.00017525 -0.00003910 0.00006990 0.00003796 0.00005642
shell0_X0_Y0_Z0_mono0_fix1/shell3_X-1_Y-3_Z-1_mono1_fix1//test20tig_AVTZ// DONE 23.736714823825057 8	0.00000924 0.00000052 0.00003598 -0.00003676 0.00001002 -0.00001666 -0.00000124
shell0_X0_Y0_Z0_mono0_fix1/shell4_X-1_Y1_Z-4_mono0_fix1//test20tig_AVTZ// DONE 23.985377299682312 4	0.00000416 -0.00001410 0.00002372 -0.00004388 0.00002433 -0.00000897 0.00001028
shell0_X0_Y0_Z0_mono0_fix1/shell4_X1_Y1_Z-4_mono0_fix1//test20tig_AVTZ// DONE 23.99377773262116 4	0.00015913 0.00017590 0.00022873 -0.00000434 -0.00006526 -0.00007196 -0.00006809
shell0_X0_Y0_Z0_mono0_fix1/shell4_X-2_Y4_Z0_mono3_fix1//test20tig_AVTZ// DONE 23.998724747443877 4	-0.00021618 -0.00022052 -0.00026943 -0.00001164 0.00006489 0.00005918 0.00006248
shell0_X0_Y0_Z0_mono0_fix1/shell2_X-2_Y-2_Z0_mono3_fix1//test20tig_AVTZ// DONE 23.998724752820397 4	-0.00021122 -0.00022052 -0.00026373 -0.00001796 0.00007046 0.00005907 0.00006566
shell0_X0_Y0_Z0_mono0_fix1/shell2_X2_Y-2_Z-2_mono2_fix1//test20tig_AVTZ// DONE 23.998761094852966 4	-0.00007761 -0.00009735 -0.00007891 -0.00004730 0.00004859 0.00001863 0.00003595
shell0_X0_Y0_Z0_mono0_fix1/shell2_X-2_Y-2_Z-2_mono2_fix1//test20tig_AVTZ// DONE 24.040875914994903 4	0.00008902 0.00013568 0.00013219 0.00004403 -0.00008720 -0.00005785 -0.00007482
shell0_X0_Y0_Z0_mono0_fix1/shell3_X-3_Y2_Z-1_mono3_fix1//test20tig_AVTZ// DONE 24.060065692720883 8	0.00010235 0.00008970 0.00015169 -0.00003952 -0.00000982 -0.00004965 -0.00002662
shell0_X0_Y0_Z0_mono0_fix1/shell3_X0_Y-3_Z-2_mono1_fix1//test20tig_AVTZ// DONE 24.08659420168085 8	0.00004987 0.00010639 0.00008081 0.00005906 -0.00009000 -0.00005285 -0.00007433
shell0_X0_Y0_Z0_mono0_fix1/shell3_X-2_Y2_Z-3_mono0_fix1//test20tig_AVTZ// DONE 24.090796951110743 4	-0.00016293 -0.00019073 -0.00020732 -0.00003769 0.00008208 0.00004337 0.00006575
shell0_X0_Y0_Z0_mono0_fix1/shell3_X3_Y-2_Z0_mono2_fix1//test20tig_AVTZ// DONE 24.091740274225184 4	0.00031022 0.00035896 0.00043171 0.00002750 -0.00014900 -0.00014487 -0.00014726
shell0_X0_Y0_Z0_mono0_fix1/shell4_X0_Y-4_Z0_mono0_fix1//test20tig_AVTZ// DONE 24.119050544880793 2	-0.00015742 -0.00014910 -0.00019302 0.00000346 0.00003214 0.00003427 0.00003304
shell0_X0_Y0_Z0_mono0_fix1/shell3_X-2_Y3_Z-2_mono3_fix1//test20tig_AVTZ// DONE 24.121537795938938 4	-0.00015900 -0.00011685 -0.00020100 0.00005526 -0.00001326 0.00002613 0.00000335
shell0_X0_Y0_Z0_mono0_fix1/shell2_X-2_Y-1_Z-2_mono3_fix1//test20tig_AVTZ// DONE 24.121537799452398 4	-0.00011300 -0.00011685 -0.00013446 -0.00001515 0.00003660 0.00002580 0.00003204
shell0_X0_Y0_Z0_mono0_fix1/shell3_X-2_Y-2_Z-3_mono0_fix1//test20tig_AVTZ// DONE 24.124057042472785 4	0.00014485 0.00016705 0.00021317 -0.00000012 -0.00006821 -0.00006236 -0.00006574
shell0_X0_Y0_Z0_mono0_fix1/shell3_X-3_Y-2_Z0_mono2_fix1//test20tig_AVTZ// DONE 24.15429936212462 4	0.00015606 0.00017140 0.00022997 -0.00001198 -0.00006193 -0.00006362 -0.00006264
shell0_X0_Y0_Z0_mono0_fix1/shell3_X-3_Y-1_Z-1_mono1_fix1//test20tig_AVTZ// DONE 24.191031988869923 8	0.00002561 -0.00000094 0.00004869 -0.00005292 0.00002984 -0.00001856 0.00000942
shell0_X0_Y0_Z0_mono0_fix1/shell4_X0_Y-1_Z-4_mono1_fix1//test20tig_AVTZ// DONE 24.330244632432112 4	0.00002897 0.00000588 0.00005697 -0.00005196 0.00002397 -0.00001379 0.00000804
shell0_X0_Y0_Z0_mono0_fix1/shell4_X1_Y-1_Z-4_mono1_fix1//test20tig_AVTZ// DONE 24.330244697562676 4	-0.00001823 0.00000588 -0.00001945 0.00002823 -0.00002701 -0.00001748 -0.00002299
shell0_X0_Y0_Z0_mono0_fix1/shell2_X-2_Y-2_Z-2_mono1_fix1//test20tig_AVTZ// DONE 24.356161195603306 4	-0.00015877 -0.00016449 -0.00019911 -0.00001086 0.00005120 0.00003941 0.00004622
shell0_X0_Y0_Z0_mono0_fix1/shell3_X3_Y-2_Z-2_mono1_fix1//test20tig_AVTZ// DONE 24.356161525692055 4	-0.00015446 -0.00016449 -0.00019322 -0.00001706 0.00005582 0.00003902 0.00004873
shell0_X0_Y0_Z0_mono0_fix1/shell3_X-1_Y-2_Z-3_mono1_fix1//test20tig_AVTZ// DONE 24.402285495391233 6	-0.00010438 -0.00007902 -0.00013263 0.00003333 -0.00000508 0.00001213 0.00000218
shell0_X0_Y0_Z0_mono0_fix1/shell3_X-1_Y3_Z-3_mono1_fix1//test20tig_AVTZ// DONE 24.402285895555544 4	-0.00012108 -0.00007902 -0.00015121 0.00005404 -0.00002391 0.00001304 -0.00000832
shell0_X0_Y0_Z0_mono0_fix1/shell4_X-1_Y0_Z-4_mono1_fix1//test20tig_AVTZ// DONE 24.419325328204618 8	0.00001155 0.00003643 0.00002270 0.00002585 -0.00003700 -0.00002917 -0.00003369