4.377589591893317 -1.79031078 -1.7237726 0.02941078 -0.03392766 -1.7857939 -1.631465 -1.7206864
4.3775900232822025 -3.58058628 -3.4475461999999997 0.05881902 -0.06785574 -3.5715495600000002 -3.2629772 -3.4413706
4.460130786847382 -3.8074228199999998 -3.4650771399999996 1.90353302 -0.10511128 -5.60584456 -5.2147596 -5.4408556
4.4601310789633635 -4.03425468 -3.4826093399999998 3.74825002 -0.1423736 -7.6401311000000005 -7.1665408 -7.4403352
4.5159560879710785 -5.45581426 -4.904945339999999 3.45521222 -0.22253026999999997 -8.68849621 -8.1185501 -8.448050199999999
4.515956488205573 -6.877371310000001 -6.327276339999999 3.16217192 -0.30268143 -9.7368618 -9.0705611 -9.4557662
4.515956561069497 -8.29893801 -7.749613339999999 2.86912252 -0.38282859999999996 -10.78523193 -10.022573000000001 -10.4634852
4.5159568524807465 -9.72049224 -9.171948339999998 2.57608342 -0.46298526999999995 -11.83359039 -10.974584300000002 -11.471197199999999
5.849414294420457 -9.525861 -8.863683539999998 3.0543628199999997 -0.46536634999999993 -12.114857489999999 -11.263914700000003 -11.755866
6.141085043291241 -10.10843136 -9.37632154 2.5423952199999995 -0.4604650699999999 -12.190361529999999 -11.335709740000002 -11.829805299999999
6.357429267555807 -10.52193568 -9.745192939999999 2.1459810199999994 -0.4549966099999999 -12.212920109999999 -11.353735340000002 -11.850451519999998
7.239439282042159 -10.59872994 -9.790034219999999 2.0979568799999995 -0.4544237099999999 -12.24226311 -11.382309000000001 -11.879469959999998
7.23943950064428 -10.67553048 -9.8348754 2.0499358999999995 -0.4538534099999999 -12.27161297 -11.410871660000002 -11.908487719999998
7.239439558657251 -10.75232646 -9.879716779999999 2.0019250599999996 -0.4532910699999999 -12.30096045 -11.43943422 -11.937504059999998
7.239439752791947 -10.829122660000001 -9.92455802 1.9539068399999997 -0.4527267699999999 -12.33030273 -11.467996920000001 -11.966517459999999
7.441595701055089 -11.03659434 -10.06455014 1.7985673599999996 -0.4512446099999999 -12.383917089999999 -11.519521560000001 -12.019250219999998
7.441595710913053 -11.2440843 -10.2045423 1.6432154399999996 -0.44974992999999985 -12.437549809999998 -11.571029480000002 -12.071986539999997
7.501411619895283 -11.366004180000001 -10.29001824 1.5507585199999996 -0.44894000999999983 -12.467822689999998 -11.599909380000001 -12.101671759999997
7.501411867012628 -11.48792234 -10.37549424 1.4583082599999995 -0.44813350999999985 -12.498097089999998 -11.62878934 -12.131357879999996
7.633408800312303 -11.454292820000001 -10.3105683 1.5395094799999995 -0.44911806999999987 -12.544684229999998 -11.67650122 -12.178419519999997
7.633409059299532 -11.420667380000001 -10.24564236 1.6207033399999995 -0.45009582999999986 -12.591274909999997 -11.724213800000001 -12.225483499999998
8.34327286060742 -11.581338780000001 -10.38541152 1.4517843399999995 -0.44815018999999984 -12.584972949999997 -11.71492676 -12.217922219999998
8.487159055786021 -11.676412580000001 -10.45820956 1.3630416199999995 -0.44712546999999986 -12.592328749999997 -11.720689 -12.224605739999998
8.644867251306646 -11.52221798 -10.26101376 1.5975116199999995 -0.4499545899999999 -12.669775049999997 -11.80251182 -12.303898379999998
8.821829156691244 -11.4870725 -10.210759320000001 1.6588867799999996 -0.4506921899999999 -12.695267109999996 -11.82883094 -12.329739359999998
9.05722213145863 -11.46738222 -10.16905908 1.7092973399999996 -0.4512756699999999 -12.725403909999995 -11.85964754 -12.360162959999998
9.090813705041764 -11.459763299999999 -10.14182244 1.7426381399999995 -0.4517284699999999 -12.750672989999995 -11.885245739999998 -12.385570879999998
9.535100747487162 -11.508327559999998 -10.18633896 1.6894502599999994 -0.4511194099999999 -12.746658429999995 -11.880447379999998 -12.381225659999998
9.5351013545578 -11.556864879999997 -10.23085546 1.6363036799999995 -0.4505510699999999 -12.742617529999995 -11.875646899999998 -12.376864319999997
9.622703379953734 -11.543793999999997 -10.20686824 1.6652259999999994 -0.4508855099999999 -12.758134529999994 -11.891598939999998 -12.392564859999997
9.622704000650781 -11.530718939999996 -10.18288088 1.6941538599999995 -0.45122480999999987 -12.773648029999995 -11.907550059999998 -12.408262979999996
9.808964123986632 -11.469041539999996 -10.09966252 1.7944382199999995 -0.45239652999999985 -12.811083269999996 -11.946610299999998 -12.446383779999996
9.866507372310462 -11.460775799999995 -10.083179240000002 1.8142796599999995 -0.45263168999999986 -12.822423789999995 -11.958299099999998 -12.457871239999996
9.866507581504809 -11.456646609999995 -10.074937680000001 1.8241977499999995 -0.45274358999999986 -12.828100789999995 -11.964143189999998 -12.463618729999995
9.866507859478093 -11.452514379999995 -10.066696110000002 1.8341179599999995 -0.45286105999999987 -12.833771299999995 -11.969987279999998 -12.469362469999995
10.335202333258081 -11.487233219999995 -10.092785350000002 1.8035276399999995 -0.45247001999999986 -12.838290859999995 -11.973839919999998 -12.473600669999994
10.43816662971961 -11.453679259999994 -10.047724270000002 1.8582234799999995 -0.45313917999999986 -12.858763579999996 -11.995128799999998 -12.494417709999995
10.880867938006704 -11.470323659999995 -10.059420630000002 1.8440772799999994 -0.45296389999999986 -12.861437059999997 -11.997545159999998 -12.496982709999996
10.880867940461021 -11.486966619999995 -10.071116990000002 1.8299278399999994 -0.45278549999999984 -12.864108979999996 -11.999966719999998 -12.499549029999995
10.938276656130684 -11.528580819999995 -10.110271310000002 1.7825261999999995 -0.4522225799999998 -12.858884459999995 -11.993964599999998 -12.493996469999995
10.981348313483988 -11.507306619999994 -10.080898230000003 1.8180936399999994 -0.45265725999999984 -12.872743019999994 -12.008346599999998 -12.508075869999995
11.143713760649018 -11.516903859999994 -10.081559970000002 1.8173892399999994 -0.45259251999999983 -12.881700599999995 -12.017231159999998 -12.517002669999995
11.143714291345113 -11.523300139999995 -10.082001050000002 1.8169277599999993 -0.45255239999999985 -12.887675559999995 -12.023155559999998 -12.522956309999994
11.29705896538643 -11.511084899999995 -10.066064570000002 1.8362488399999994 -0.45278611999999985 -12.894547679999995 -12.030320239999998 -12.529951849999994
11.315755743122565 -11.485734659999995 -10.033906210000001 1.8747708999999995 -0.45324835999999985 -12.907257259999994 -12.043689719999998 -12.542939809999995
11.315756254589916 -11.460398959999996 -10.001747810000001 1.9132712399999994 -0.45369037999999984 -12.919979899999994 -12.057057439999998 -12.555934589999994
11.348866390169837 -11.458708439999995 -9.994295090000001 1.9222635199999993 -0.4537926999999998 -12.927179339999995 -12.064379959999998 -12.563185949999994
11.348866569053104 -11.457023639999996 -9.986842450000001 1.9312559599999994 -0.4538948999999998 -12.934384779999995 -12.071693119999999 -12.570436829999995
11.435515355585895 -11.450415039999996 -9.974896690000001 1.9455884399999994 -0.4540513399999998 -12.941952219999996 -12.079481119999999 -12.578097309999995
11.502609029793192 -11.478758319999995 -10.000875770000002 1.9142953999999994 -0.4536818999999998 -12.939371899999996 -12.076348239999998 -12.575283869999994
11.502609040752764 -11.507104399999996 -10.026854730000002 1.8829994799999994 -0.4533068999999998 -12.936797019999997 -12.073217119999997 -12.572474349999995
12.087810429752329 -11.507086239999996 -10.023594530000002 1.8868735199999993 -0.4532975799999998 -12.940662259999996 -12.077071799999997 -12.576335109999995
12.08781055914772 -11.507073679999996 -10.020334290000003 1.8907335999999992 -0.4532750599999998 -12.944532259999995 -12.080929639999997 -12.580199989999995
12.101112883300878 -11.519056559999996 -10.031516090000002 1.8773911599999993 -0.4531371199999998 -12.943310639999995 -12.079487279999997 -12.578885249999995
12.402534423033304 -11.540163359999996 -10.051747090000003 1.8529031599999992 -0.4528299199999998 -12.940236639999995 -12.076005679999996 -12.575639289999996
12.473424418076702 -11.552094739999996 -10.063393250000003 1.8388761199999992 -0.45267493999999975 -12.938295959999994 -12.073831579999997 -12.573600149999995
12.606380859935932 -11.546469419999996 -10.054447130000003 1.8497007999999993 -0.4528151399999997 -12.943355119999994 -12.079067819999997 -12.578733989999995
12.786647189942059 -11.549841619999995 -10.055785170000004 1.8479801999999992 -0.4527750999999997 -12.945046759999995 -12.080706699999997 -12.580403349999994
12.802997308621594 -11.526570579999996 -10.023982050000004 1.8862249199999992 -0.4532220599999997 -12.959573479999994 -12.095827419999997 -12.595180709999994
12.874556923372797 -11.525607139999996 -10.020670770000004 1.8901250799999991 -0.4532317799999997 -12.962500479999994 -12.098835859999998 -12.598142069999994
13.025923661503402 -11.536996819999997 -10.031957670000004 1.876485179999999 -0.4529962799999997 -12.960485759999994 -12.096525099999997 -12.596002449999995
13.025924043445965 -11.548384159999998 -10.043244550000004 1.862849439999999 -0.4527605799999997 -12.958473059999994 -12.094217179999998 -12.593865209999995
13.10633555150687 -11.563037679999997 -10.056882070000004 1.8465510799999991 -0.45255633999999967 -12.957032459999994 -12.092466579999998 -12.592293849999995
13.157734328093264 -11.570225079999997 -10.062703150000004 1.8392922799999991 -0.45231745999999967 -12.957199899999994 -12.092430619999998 -12.592375489999995
13.337117473407154 -11.587325599999996 -10.079478510000005 1.8191323599999991 -0.45207689999999967 -12.954381099999994 -12.089261819999999 -12.589409009999995
13.552598434872442 -11.575028599999996 -10.064552770000004 1.837000799999999 -0.45227611999999967 -12.959753339999994 -12.09492974 -12.594905989999996
13.646308257990645 -11.577013519999996 -10.065956130000004 1.8352748399999992 -0.45225281999999967 -12.960035619999994 -12.09520202 -12.595184049999995
13.671502611093384 -11.590448639999996 -10.079098690000004 1.8193956799999993 -0.45205649999999964 -12.957787899999994 -12.09266774 -12.592815409999995
13.80233956865704 -11.587709999999996 -10.075007170000005 1.8243441799999993 -0.45211397999999964 -12.959940259999994 -12.09490124 -12.595002009999995
13.829778383252604 -11.597982359999996 -10.084564970000004 1.8129489799999994 -0.45199365999999963 -12.958937739999994 -12.09375416 -12.593938489999994
13.890393181345283 -11.595957539999995 -10.081636110000003 1.8164711999999994 -0.4520344199999996 -12.960394359999995 -12.095266279999999 -12.595418529999995
13.895101234544656 -11.591216139999995 -10.075027190000004 1.8244001999999995 -0.4520940199999996 -12.963522319999996 -12.098567359999999 -12.598619529999995
13.963545989872898 -11.597479619999994 -10.080487830000004 1.8178150399999995 -0.4520268999999996 -12.963267799999995 -12.098208479999998 -12.598320969999996
13.96354599546014 -11.603728939999995 -10.085948430000004 1.8112375199999995 -0.4519656599999996 -12.963000839999996 -12.097863879999998 -12.598021249999997
14.178687623765597 -11.615621779999994 -10.097670910000003 1.7971002799999996 -0.4517760199999996 -12.960946079999996 -12.09556056 -12.595861609999996
14.17868797046343 -11.627520779999994 -10.109393350000003 1.7829549999999996 -0.45157601999999963 -12.958899799999996 -12.093259479999999 -12.593707849999996
14.183717670998139 -11.639326579999993 -10.121109670000003 1.7688319999999995 -0.45141621999999965 -12.956742439999996 -12.090932559999999 -12.591478929999996
14.223823841652155 -11.631314219999993 -10.111095750000002 1.7809554799999996 -0.45158181999999963 -12.960687959999996 -12.095086839999999 -12.595512529999995
14.374564111390235 -11.625625619999994 -10.103718510000002 1.7898598799999996 -0.45169285999999964 -12.963792719999995 -12.09837348 -12.598694009999996
14.39428655518506 -11.623705899999994 -10.100538910000003 1.7936661599999997 -0.45172097999999966 -12.965651159999995 -12.10031808 -12.600588809999996
14.671031462004764 -11.620477899999994 -10.095512670000003 1.7997294399999997 -0.45176877999999965 -12.968438639999995 -12.103184319999999 -12.603409489999995
14.744658095256597 -11.621997899999993 -10.096203310000003 1.7988474399999996 -0.45174453999999964 -12.969100919999995 -12.10382928 -12.604064449999996
14.76848157692598 -11.625983219999993 -10.099048990000004 1.7953536999999997 -0.45164613999999964 -12.969690839999995 -12.10433172 -12.604617469999996
14.768481973139131 -11.628617739999994 -10.100946110000004 1.7930653799999998 -0.45161541999999966 -12.970067759999996 -12.104666479999999 -12.604976589999996
14.899459727195824 -11.631975899999993 -10.103462190000004 1.7900897399999998 -0.45157165999999965 -12.970494039999995 -12.105083639999998 -12.605399029999996
14.918720329276296 -11.631782939999994 -10.101385230000004 1.7925986999999997 -0.45160421999999967 -12.972777479999994 -12.107401559999998 -12.607697029999995
14.969384953362283 -11.628458939999994 -10.096843070000004 1.7980644999999997 -0.4516668199999997 -12.974856679999995 -12.109575439999999 -12.609816189999995
15.05450239347556 -11.628731099999994 -10.095122910000004 1.8001636199999997 -0.4516956199999997 -12.977199079999995 -12.111860319999998 -12.612134349999994
15.313959836611756 -11.637190339999995 -10.103598550000005 1.7899646999999996 -0.4515733399999997 -12.975581639999994 -12.110089559999999 -12.610452229999995
15.346127142249065 -11.638433459999995 -10.104228070000005 1.7892078199999997 -0.45158933999999973 -12.976051919999994 -12.110567279999998 -12.610925629999995
15.358616430737499 -11.645551499999995 -10.111161670000005 1.7808816199999997 -0.45147553999999973 -12.974957559999995 -12.109324479999998 -12.609768669999996
15.416040837002813 -11.637998259999994 -10.101821670000005 1.7920805399999997 -0.45158717999999975 -12.978491559999995 -12.113040399999997 -12.613379429999997
15.52104095381023 -11.645574739999995 -10.109351510000005 1.7830096599999998 -0.45147169999999975 -12.977112639999994 -12.111513039999997 -12.611937909999996
15.521040961734485 -11.653147619999995 -10.116881350000005 1.7739433799999997 -0.45135745999999977 -12.975733439999994 -12.109990399999997 -12.610498229999996
15.594891765901655 -11.653867819999995 -10.116998350000005 1.7737924999999997 -0.4513505799999998 -12.976309639999993 -12.110557359999998 -12.611070509999996
15.594891766647445 -11.654605819999995 -10.117115350000004 1.7736135399999997 -0.45131265999999975 -12.976906599999992 -12.111126439999998 -12.611655709999996
15.600046549305787 -11.646023379999995 -10.106571830000004 1.7862883799999998 -0.45146705999999975 -12.980844599999992 -12.115257559999998 -12.615675189999996
15.640479967180905 -11.648265579999995 -10.108368350000003 1.7840964999999998 -0.45143925999999973 -12.980922719999992 -12.115319239999998 -12.615746389999996
15.65544690927168 -11.643649019999994 -10.102645950000003 1.7910459799999998 -0.45155681999999975 -12.983138079999991 -12.117677479999998 -12.618022029999997
15.691711606545473 -11.638667299999994 -10.096556790000003 1.7984491799999998 -0.45169369999999975 -12.98542267999999 -12.120163719999997 -12.620391709999996
15.805379319242803 -11.631657299999995 -10.088067350000003 1.8086553799999998 -0.45181193999999975 -12.988500599999991 -12.123471519999997 -12.623566629999996
15.844210341676147 -11.626445379999995 -10.081545830000003 1.8164934199999998 -0.45189861999999975 -12.99104003999999 -12.126136119999996 -12.626158869999996
16.40087880364629 -11.619936579999994 -10.073134230000003 1.8266846199999998 -0.45208653999999976 -12.994534519999991 -12.129849959999996 -12.629745909999995
16.48474375767134 -11.624980739999994 -10.078098670000003 1.8206034999999998 -0.45191097999999974 -12.993673119999992 -12.128801759999996 -12.628805709999995
16.53156759294371 -11.619686699999994 -10.071541790000003 1.82850382 -0.45202761999999974 -12.996162759999992 -12.131442919999996 -12.631359269999995
16.596238693239627 -11.622671819999994 -10.074329230000004 1.82512762 -0.45198637999999974 -12.995812879999992 -12.130985879999995 -12.630964189999995
16.694936272907615 -11.624584099999995 -10.076023830000004 1.8230823 -0.45197669999999973 -12.995689479999992 -12.130911319999996 -12.630861389999994
16.751154803059773 -11.627606659999994 -10.078902950000003 1.8196015 -0.45193829999999974 -12.995269639999993 -12.130430239999995 -12.630415709999994
16.8018025771141 -11.621723139999995 -10.071447270000004 1.82865334 -0.45212189999999974 -12.998254359999994 -12.133629679999995 -12.633491069999994
16.828780524481576 -11.619896319999995 -10.069219610000003 1.83134606 -0.45215481999999974 -12.999087339999994 -12.134503599999995 -12.634341329999994
16.843159077107686 -11.619173719999996 -10.067971050000002 1.8328141 -0.4521494599999997 -12.999838139999994 -12.135272079999995 -12.635099609999994
16.91178769746597 -11.618954759999996 -10.066750330000003 1.83426314 -0.4521632999999997 -13.001054379999994 -12.136537359999995 -12.636336489999994
17.169741327864955 -11.621648799999996 -10.069323410000003 1.83114018 -0.45211673999999974 -13.000671979999995 -12.136122519999995 -12.635940409999995
17.16974160912643 -11.624341159999995 -10.071896490000002 1.82803162 -0.45207885999999975 -13.000293619999995 -12.135704959999995 -12.635545489999995
17.276982883034584 -11.628869839999995 -10.076510410000003 1.82251746 -0.45203965999999973 -12.999347339999995 -12.134692679999995 -12.634571369999994
17.2859948088835 -11.624383959999994 -10.071249630000002 1.82881452 -0.4521046599999997 -13.001093519999994 -12.136541739999995 -12.636360949999995
17.372155798215474 -11.623236599999995 -10.069317630000002 1.8311898000000002 -0.4521589799999997 -13.002267039999994 -12.137726859999995 -12.637539349999996
17.376093633689784 -11.621783159999994 -10.067533390000003 1.8333383800000003 -0.4521798999999997 -13.002941259999995 -12.138430899999996 -12.638226149999996
17.42020099990907 -11.625172279999994 -10.070878830000003 1.8292941400000002 -0.45211497999999967 -13.002351099999995 -12.137772179999995 -12.637607069999996
17.420201005295162 -11.628543679999995 -10.074224270000004 1.8252770600000003 -0.4520756199999997 -13.001744739999994 -12.137112339999995 -12.636978149999996
17.498212876575227 -11.629578079999995 -10.074941950000003 1.8244662200000004 -0.45209949999999965 -13.001944459999994 -12.137318819999994 -12.637180709999996
17.563109751246003 -11.626717719999995 -10.071435110000003 1.8286668200000005 -0.45212081999999965 -13.003263379999993 -12.138688099999994 -12.638520869999995
17.588955852041497 -11.630283599999995 -10.074959990000004 1.8244213000000005 -0.45205545999999963 -13.002649099999992 -12.137978339999995 -12.637866309999996
17.63157436821179 -11.629932599999995 -10.074250350000003 1.8252481000000005 -0.4520495799999996 -13.003130779999992 -12.138494899999994 -12.638362709999996
17.671786539641158 -11.627472759999995 -10.071205390000003 1.8289580200000004 -0.45213465999999963 -13.004295819999992 -12.139761019999995 -12.639570389999996
17.73781723928319 -11.628737719999995 -10.072416910000003 1.8274963400000004 -0.45211647999999965 -13.004117279999992 -12.139568019999995 -12.639385749999995
17.737817518728946 -11.630004519999995 -10.073628410000003 1.8260339000000003 -0.45209767999999967 -13.003940439999992 -12.139373259999996 -12.639201349999995
17.776543576656096 -11.633808159999994 -10.077492690000003 1.8214120200000004 -0.45206603999999967 -13.003153839999992 -12.138529619999996 -12.638390709999996
17.790375186377172 -11.637578039999994 -10.081322530000003 1.8167948200000004 -0.45201119999999967 -13.002361359999993 -12.137667019999997 -12.637568629999995
17.817729064924862 -11.635699959999995 -10.079010530000003 1.8196756600000004 -0.45211963999999966 -13.003255679999993 -12.138654139999996 -12.638502109999996
17.821138397181656 -11.633763719999996 -10.076557810000002 1.8226241400000003 -0.45214655999999964 -13.004240999999993 -12.139663819999996 -12.639497709999995
17.86823957270131 -11.632853599999995 -10.075254490000003 1.8241829800000002 -0.45215691999999963 -13.004879319999993 -12.140333099999996 -12.640149109999996
17.88294484110385 -11.634000919999995 -10.076048890000003 1.8231846400000002 -0.45210825999999965 -13.005076959999993 -12.140506679999996 -12.640336609999995
17.882945104298404 -11.634374039999996 -10.076313690000003 1.8228697800000002 -0.45210923999999963 -13.005134239999993 -12.140560679999997 -12.640392509999995
17.929651535936557 -11.633005439999996 -10.074507930000003 1.8250205400000001 -0.4521235199999996 -13.005902119999993 -12.141372639999997 -12.641178989999995
17.98516994810452 -11.634185079999996 -10.075647030000003 1.8236440400000002 -0.4521061399999996 -13.005722659999993 -12.141177179999996 -12.640992789999995
17.98517028174961 -11.635369039999997 -10.076786130000002 1.8222628400000003 -0.4520861999999996 -13.005545359999992 -12.140978359999997 -12.640806409999994
18.105243894126094 -11.636778179999997 -10.078170610000003 1.8205940800000002 -0.4520582599999996 -13.005313679999992 -12.140717859999997 -12.640562569999995
18.172039653320184 -11.633201419999997 -10.073788610000003 1.8258374800000001 -0.4520937799999996 -13.006944799999992 -12.142410459999997 -12.642219649999994
18.2495358557432 -11.630863259999996 -10.070974570000002 1.8292654000000002 -0.4521675799999996 -13.007960759999992 -12.143507899999998 -12.643269969999993
18.331698310712156 -11.631694379999997 -10.071556250000002 1.8285713200000002 -0.45215321999999963 -13.008112119999993 -12.143656699999998 -12.643420249999993
18.378987960993637 -11.632885059999998 -10.072612730000003 1.8272794400000003 -0.4521305799999996 -13.008033599999992 -12.143560299999997 -12.643334169999992
18.580312444601205 -11.626736739999998 -10.065195210000002 1.8361778400000004 -0.4522372199999996 -13.010677039999992 -12.146352939999996 -12.646040569999991
18.598410175381105 -11.628738779999999 -10.067105490000003 1.8338609200000004 -0.4521910999999996 -13.010408279999991 -12.146006659999996 -12.645739089999992
18.598410440304644 -11.630739179999999 -10.069015770000004 1.8315463200000004 -0.45214709999999964 -13.010138079999992 -12.145661139999996 -12.645437129999992
18.645285026348134 -11.632267879999999 -10.070571890000004 1.8296634200000004 -0.45211627999999965 -13.009814719999993 -12.145303819999995 -12.645099429999993
18.667542782843515 -11.63241916 -10.070305890000004 1.8299782200000003 -0.45210427999999964 -13.010292719999992 -12.145963019999995 -12.645653909999993
18.749589666649502 -11.633689559999999 -10.071130210000003 1.8288282200000003 -0.45192675999999965 -13.010590639999991 -12.146163419999995 -12.645910709999994
18.83369311949034 -11.635387279999998 -10.072750050000003 1.8268396600000003 -0.4518780799999996 -13.01034847999999 -12.145899179999995 -12.645659229999994
18.833693437102504 -11.637085919999999 -10.074369890000003 1.8248479800000004 -0.4518264399999996 -13.01010703999999 -12.145635819999995 -12.645408549999994
18.9011034090771 -11.638543399999998 -10.075758690000004 1.8231675000000003 -0.45180571999999963 -13.00990475999999 -12.145400339999995 -12.645192269999994
18.918185230045182 -11.636494319999997 -10.073298770000005 1.8260957000000002 -0.45180199999999965 -13.01078755999999 -12.146390779999996 -12.646120469999994
18.949344125555402 -11.639070839999997 -10.075890810000004 1.8229651000000002 -0.4517499599999997 -13.01028551999999 -12.145835819999995 -12.645596109999994
18.9594606612409 -11.641317119999997 -10.078160970000004 1.8202204600000003 -0.4517185999999997 -13.009818519999989 -12.145345299999995 -12.645119189999994
18.976438979400637 -11.640943519999997 -10.077572330000004 1.8209852200000003 -0.4517735199999997 -13.010154719999989 -12.145705699999995 -12.645465589999993
19.046261173316775 -11.640740639999997 -10.076867130000004 1.8218271400000003 -0.4517730399999997 -13.010794239999989 -12.146329219999995 -12.646098389999993
19.079416621970953 -11.643129519999997 -10.079301690000003 1.8189479800000004 -0.4517862399999997 -13.010290719999988 -12.145808059999995 -12.645587429999994
19.10458789358797 -11.644950599999996 -10.081099970000002 1.8167648600000004 -0.4517480399999997 -13.009966879999988 -12.145446339999994 -12.645247589999993
19.113015966385404 -11.643762399999996 -10.079662450000002 1.8185209600000003 -0.4517965399999997 -13.010486299999988 -12.146016919999994 -12.645788589999993
19.163318985896225 -11.644746079999996 -10.080657010000003 1.8173328000000002 -0.45179499999999967 -13.010283379999988 -12.145805459999995 -12.645582069999993
19.339020017348982 -11.645382879999996 -10.081075010000003 1.8168712000000002 -0.45183467999999966 -13.010418899999989 -12.146066579999994 -12.645770629999992
19.389072389627156 -11.643914319999997 -10.079038850000003 1.8193172800000001 -0.45185643999999964 -13.011374659999989 -12.147037779999994 -12.646732869999992
19.4519766125397 -11.643475839999997 -10.078287410000003 1.82027336 -0.45191875999999964 -13.01182993999999 -12.147643619999995 -12.647251669999992
19.46447578625865 -11.645848039999997 -10.080711450000003 1.81734504 -0.45187631999999966 -13.011316219999989 -12.147081139999996 -12.646717389999992
19.569005701911916 -11.646200419999998 -10.080988810000003 1.81701732 -0.4518744799999997 -13.01134273999999 -12.147101219999996 -12.646741189999991
19.61563324247146 -11.646388739999997 -10.081113010000003 1.81686694 -0.4518742599999997 -13.011380879999988 -12.147139459999996 -12.646779369999992
19.703621317332598 -11.641903699999997 -10.075949410000003 1.8231400599999998 -0.4520273799999997 -13.013015839999989 -12.148930659999996 -12.648480249999992
19.779815742280164 -11.640821819999998 -10.074609530000004 1.8247467 -0.4520400599999997 -13.013527919999989 -12.149506699999996 -12.649019289999991
19.83325271730487 -11.639419059999998 -10.072897330000004 1.82680198 -0.4520567399999997 -13.014163759999988 -12.150171299999997 -12.649667289999991
19.847173834622325 -11.638910459999998 -10.072226370000003 1.82765866 -0.4521184999999997 -13.014450079999989 -12.150511539999997 -12.64997636999999
19.866690901800293 -11.641171579999998 -10.074544890000002 1.82484606 -0.4520748199999997 -13.01394231999999 -12.149971979999997 -12.64945516999999
19.866690908438184 -11.643433859999998 -10.076863410000001 1.82203142 -0.45202921999999973 -13.013435559999989 -12.149432459999996 -12.64893460999999
19.9159030835228 -11.642732339999998 -10.075886650000001 1.82322478 -0.45205705999999973 -13.013899559999988 -12.149933219999996 -12.649414129999991
19.960307726122323 -11.644214619999998 -10.077346210000002 1.82144414 -0.45201737999999975 -13.013640879999988 -12.149621619999996 -12.649133129999992
20.19256481920093 -11.642196379999998 -10.074784290000002 1.82452158 -0.45203889999999974 -13.014678639999989 -12.150752499999996 -12.650210169999992
20.3526679126256 -11.643287699999998 -10.075799130000002 1.8232597400000001 -0.45198949999999977 -13.01455751999999 -12.150607659999995 -12.650079049999992
20.39409709484887 -11.643451259999999 -10.075885210000003 1.82320374 -0.4520410599999998 -13.01461351999999 -12.150701779999995 -12.650151129999992
20.546524319195967 -11.644595659999998 -10.076820730000003 1.8220451 -0.45199617999999975 -13.01464415999999 -12.150706819999995 -12.650170969999992
20.575981946111412 -11.646221979999998 -10.078472370000004 1.8200465 -0.45197245999999974 -13.01429559999999 -12.150308019999995 -12.649801209999993
20.59611080908663 -11.646883539999997 -10.079045330000003 1.8193742199999998 -0.4519721799999997 -13.01428515999999 -12.150287739999996 -12.649786609999992
20.649307055545236 -11.645591219999998 -10.077503090000004 1.8212404599999998 -0.4519990999999997 -13.014832159999989 -12.150876699999996 -12.650351329999992
20.652083007159376 -11.647407219999998 -10.079366330000004 1.8189906999999998 -0.4519643399999997 -13.014433159999989 -12.150443939999995 -12.649938089999992
20.671911781361718 -11.648374419999998 -10.080306970000004 1.81785242 -0.4519492199999997 -13.014277199999988 -12.150268499999996 -12.649773929999991
20.680469639244848 -11.649233579999997 -10.081155690000005 1.81685638 -0.4519680999999997 -13.014121439999988 -12.150123419999996 -12.649622689999992
20.695212929129955 -11.650187979999997 -10.082084410000004 1.8157672999999999 -0.4519719399999997 -13.013982879999988 -12.149946539999997 -12.649467969999993
20.69521293220151 -11.651154019999996 -10.083013130000003 1.8146494599999998 -0.4519589799999997 -13.013844039999988 -12.149766819999996 -12.649311889999993
20.737173899803686 -11.650973299999997 -10.082598170000002 1.8152020199999999 -0.4520123399999997 -13.014162519999989 -12.150080979999997 -12.649628529999992
20.767997406506723 -11.652674539999996 -10.084324090000003 1.81308458 -0.4519597799999997 -13.013798879999989 -12.149686699999997 -12.649251969999993
20.77329762821734 -11.652498019999996 -10.084011370000002 1.8134591 -0.4519635399999997 -13.01399311999999 -12.149891059999996 -12.649450489999992
20.779740652993645 -11.651290579999996 -10.082540930000002 1.81519742 -0.4519626999999997 -13.01452483999999 -12.150439219999996 -12.649989129999993
20.80684280522193 -11.649994379999995 -10.081018090000002 1.81706042 -0.4520082999999997 -13.015046039999989 -12.151020939999995 -12.650535889999993
20.87444302854949 -11.649336659999996 -10.080154810000002 1.8181451 -0.4520598999999997 -13.015421399999989 -12.151431939999995 -12.650926289999994
20.890719218843724 -11.649671939999996 -10.080422570000001 1.81783294 -0.4520704999999997 -13.01543387999999 -12.151455899999995 -12.650943609999993
20.90540436020107 -11.649110219999995 -10.079695370000001 1.8187126599999999 -0.4520934999999997 -13.015728919999988 -12.151796419999995 -12.651257809999993
20.932064259954963 -11.648538139999996 -10.078940330000002 1.81961698 -0.4521003799999997 -13.016054279999988 -12.152119059999995 -12.651582009999993
20.966117294824933 -11.650012039999996 -10.080362810000002 1.8178927599999999 -0.4520680999999997 -13.015836239999988 -12.151846359999995 -12.651340869999993
20.966117762729155 -11.650983599999996 -10.081311130000001 1.8167678399999998 -0.4520654599999997 -13.015685519999987 -12.151660959999996 -12.651175509999993
21.173699779674557 -11.651991719999996 -10.082293570000001 1.8156007799999998 -0.4520652799999997 -13.015526759999988 -12.151556919999996 -12.651039789999993
21.17370006027061 -11.653036139999996 -10.08327601 1.8144384599999999 -0.4520692399999997 -13.015404899999988 -12.151399899999996 -12.650903109999993
21.229302665919374 -11.653493459999996 -10.08368437 1.8139726999999999 -0.4520860399999997 -13.015379659999988 -12.151362659999997 -12.650872829999992
21.22930289093879 -11.653975939999997 -10.08409273 1.8134635 -0.4520652799999997 -13.015373699999989 -12.151324259999997 -12.650853189999992
21.234374541563394 -11.652998179999997 -10.08286297 1.8149425 -0.4520806799999997 -13.015859539999989 -12.151838459999997 -12.651350989999992
21.278496111986907 -11.654540819999998 -10.084485050000001 1.81302802 -0.4520992399999997 -13.015469139999988 -12.151451459999997 -12.650962029999992
21.295197205418095 -11.653704859999998 -10.083497730000001 1.8142439799999999 -0.45213607999999966 -13.015812299999988 -12.151871619999996 -12.651337669999991
21.295664824469554 -11.654955339999997 -10.084758410000001 1.8127417399999999 -0.4521250799999997 -13.015571499999988 -12.151603739999995 -12.651085429999991
21.337764731780062 -11.653153979999997 -10.08263617 1.8152783799999999 -0.4521516399999997 -13.016280259999988 -12.152370979999995 -12.651818829999991
21.380293593521262 -11.654451899999998 -10.083948450000001 1.8136922599999998 -0.45212583999999967 -13.016017819999988 -12.152065459999996 -12.651538189999991
21.380293598727384 -11.655745379999997 -10.085260730000002 1.8121238999999998 -0.4521092399999997 -13.015759539999987 -12.151759059999996 -12.651259589999992
21.473922319015646 -11.657122339999997 -10.086685570000002 1.8104370199999997 -0.4521106399999997 -13.015448219999987 -12.151434459999995 -12.650942669999992
21.50329685461244 -11.657287099999998 -10.086773410000003 1.8103379399999997 -0.4521167199999997 -13.015507819999987 -12.151490939999995 -12.651000949999991
21.57645646226733 -11.658657059999998 -10.088232930000002 1.8086371799999996 -0.4521565599999997 -13.015137219999987 -12.151145019999994 -12.650640749999992
21.578385919570575 -11.658634339999997 -10.088105290000001 1.8087814999999996 -0.45215123999999973 -13.015264179999987 -12.151265619999995 -12.650765029999992
21.599562734241434 -11.658165139999998 -10.08753369 1.8095236599999995 -0.4522177199999997 -13.015470659999986 -12.151520499999995 -12.650991909999991
21.64331150907921 -11.659004239999998 -10.08840297 1.8084759599999995 -0.4522028799999997 -13.015276899999986 -12.151301219999995 -12.65078736999999
21.643311883735556 -11.659845099999998 -10.08927225 1.8074247799999996 -0.4521855399999997 -13.015083899999986 -12.151082119999995 -12.650583349999991
21.691811159759332 -11.659617979999998 -10.08893245 1.8078486199999997 -0.4522024599999997 -13.015263659999986 -12.151257759999995 -12.65076138999999
21.727780381924084 -11.660899339999999 -10.09023933 1.8062523799999997 -0.4521620599999997 -13.014989179999986 -12.150952319999995 -12.65047382999999
21.73568411794516 -11.662070259999998 -10.091417049999999 1.8048111399999998 -0.4521235399999997 -13.014757379999986 -12.150673559999994 -12.65022222999999
21.75038448396188 -11.661284579999998 -10.09043721 1.8059616999999997 -0.4521062599999997 -13.015139539999986 -12.151054799999994 -12.65060398999999
21.753679097836525 -11.661321939999999 -10.090385609999998 1.8061324199999997 -0.4521856999999997 -13.015268179999985 -12.151302719999993 -12.65078294999999
21.9129003190964 -11.659936319999998 -10.088776989999998 1.8080532399999998 -0.4521961399999997 -13.015792939999985 -12.151851699999993 -12.651317929999989
21.915337606781055 -11.658502319999998 -10.087077589999998 1.8100840399999998 -0.45220725999999967 -13.016378579999985 -12.152460419999993 -12.651913329999989
21.94402989914625 -11.657251279999999 -10.085584149999997 1.8118720399999997 -0.45222065999999966 -13.016902139999985 -12.153006499999993 -12.652446409999989
21.9794826682039 -11.65709658 -10.085392329999998 1.8121308199999997 -0.45225357999999966 -13.016973299999984 -12.153101479999993 -12.65252760999999
22.013907938030542 -11.658121699999999 -10.086305769999997 1.8110247399999997 -0.45223237999999966 -13.016913539999985 -12.152980759999993 -12.65244216999999
22.057562741482617 -11.655696339999999 -10.083456409999997 1.8145069799999998 -0.45232157999999967 -13.017881139999984 -12.154051079999993 -12.65345312999999
22.146736406984967 -11.656370299999999 -10.084142969999997 1.8137355799999997 -0.45236601999999965 -13.017739259999985 -12.153941599999992 -12.65332492999999
22.16134573048155 -11.65569854 -10.083296729999997 1.8147779399999997 -0.45239581999999967 -13.018080059999985 -12.154303039999993 -12.65367444999999
22.161570052593603 -11.65492658 -10.082389689999998 1.8158757199999997 -0.4524167599999997 -13.018384959999985 -12.154633419999993 -12.65399008999999
22.178962605437523 -11.65556146 -10.082996009999997 1.8151243199999998 -0.4523885999999997 -13.018296599999985 -12.154523659999992 -12.65389268999999
22.19900216646452 -11.656640379999999 -10.084091489999997 1.8137964399999997 -0.45236607999999967 -13.018070159999985 -12.154257339999992 -12.653649409999991
22.225818045479098 -11.65621672 -10.083603689999997 1.8144060799999997 -0.4523970799999997 -13.018225119999984 -12.154443479999992 -12.65381752999999
22.32255509190968 -11.65651952 -10.083879769999998 1.8141073999999997 -0.4524207999999997 -13.018205519999984 -12.154481639999993 -12.65382228999999
22.352763984948325 -11.65783916 -10.085242969999998 1.8124649199999998 -0.4523967599999997 -13.017906679999985 -12.154139039999993 -12.65350500999999
22.352764346762097 -11.6591598 -10.086606169999998 1.8108205999999998 -0.4523722399999997 -13.017607519999984 -12.153795679999993 -12.65318720999999
22.369655330932186 -11.658641919999999 -10.086001249999997 1.8115797599999999 -0.4524077999999997 -13.017813239999985 -12.154077599999994 -12.65342508999999
22.38328531564109 -11.658190419999999 -10.085461229999996 1.8122249599999998 -0.45241047999999967 -13.018004239999984 -12.154277139999994 -12.65361968999999
22.4415577877589 -11.658945139999998 -10.086213589999996 1.8113136399999998 -0.45239655999999967 -13.017861559999984 -12.154114259999995 -12.653468489999991
22.456939538947946 -11.658208379999998 -10.085334909999997 1.8124017999999997 -0.45243483999999967 -13.018174679999984 -12.154437459999995 -12.653785889999991
22.509843461945273 -11.658266859999998 -10.085276509999996 1.8125277999999998 -0.45248475999999965 -13.018309239999983 -12.154569939999995 -12.65391956999999
22.537939671836927 -11.659334659999997 -10.086368149999997 1.8112091599999998 -0.45246559999999963 -13.018077559999982 -12.154318939999994 -12.653679769999991
22.568434831371874 -11.659297899999997 -10.086249149999997 1.8113425999999997 -0.45246007999999965 -13.018179759999983 -12.154418539999995 -12.653780849999992
22.61602473885909 -11.657674939999996 -10.084334789999996 1.8136263199999998 -0.45247055999999963 -13.018830039999983 -12.155097059999994 -12.654443049999992
22.643643501223565 -11.655828219999997 -10.082107749999997 1.8163012799999998 -0.4524969599999996 -13.019631879999983 -12.155908099999994 -12.655248809999993
22.676560295364727 -11.655560699999997 -10.081742069999997 1.8167362799999998 -0.4524969999999996 -13.019799319999983 -12.156086579999995 -12.655420889999993
22.71469927827218 -11.656613179999997 -10.082841269999998 1.8154704399999997 -0.4525221599999996 -13.019560799999983 -12.155813419999994 -12.655167769999993
22.726987907588544 -11.655537899999997 -10.081490869999998 1.8171446799999997 -0.4525658399999996 -13.020116079999983 -12.156355979999994 -12.655717689999992
22.77494617874708 -11.655873899999998 -10.081713909999998 1.8169015599999998 -0.4525831199999996 -13.020191599999983 -12.156399899999993 -12.655779929999992
22.795447696121393 -11.655452539999997 -10.081127829999998 1.8176428399999998 -0.45261935999999964 -13.020475279999983 -12.156683099999993 -12.656063369999993
22.856595313319 -11.654681979999998 -10.080165629999998 1.8187803599999997 -0.4526122399999996 -13.020849359999984 -12.157065099999993 -12.656440769999993
22.915145975078953 -11.653984019999998 -10.079320589999998 1.8197857599999996 -0.4526138399999996 -13.021155239999985 -12.157382379999994 -12.656751449999993
23.06001474302138 -11.653584019999997 -10.078796269999998 1.8204566399999995 -0.4526560799999996 -13.021383879999984 -12.157694139999995 -12.657015209999992
23.06984206182758 -11.653569419999997 -10.078697829999998 1.8205784399999996 -0.4526595999999996 -13.021487559999985 -12.157788259999995 -12.657114849999992
23.077286309556804 -11.653427819999997 -10.078408869999997 1.8209624399999995 -0.4526922399999996 -13.021697319999985 -12.157996099999995 -12.657323809999992
23.17674933618588 -11.652956779999997 -10.077842109999997 1.8216643599999995 -0.45271535999999957 -13.021905079999986 -12.158229179999994 -12.657542249999992
23.205939871269447 -11.653240459999997 -10.078060669999998 1.8214337999999994 -0.45274239999999955 -13.021931159999985 -12.158282459999993 -12.657579769999991
23.223605705307982 -11.652688939999997 -10.077408269999998 1.8222449599999995 -0.4527729199999995 -13.022160279999985 -12.158538459999994 -12.657820209999992
23.295014294769718 -11.651867459999997 -10.076439509999998 1.8234375999999994 -0.4528089999999995 -13.022495319999985 -12.158889059999995 -12.658161809999992
23.376481107677538 -11.652297419999996 -10.076852749999999 1.8229461599999994 -0.45280915999999954 -13.022433639999985 -12.158806899999995 -12.658091489999991
23.385563354077906 -11.651967459999996 -10.07643791 1.8234729199999995 -0.45283875999999956 -13.022600839999985 -12.158974459999994 -12.658258849999992
23.479831511051533 -11.652832779999997 -10.077378629999998 1.8223753199999995 -0.45285691999999955 -13.022350399999985 -12.158773099999994 -12.658029129999992
23.493318568218267 -11.653139899999998 -10.077647829999998 1.8220406399999995 -0.45284455999999956 -13.022335239999984 -12.158733619999994 -12.658003689999992
23.52984368926776 -11.653209859999997 -10.077697989999999 1.8220185199999996 -0.45287651999999956 -13.022351119999984 -12.158817179999994 -12.658048129999992
23.53758683936169 -11.653265739999997 -10.07768387 1.8220280799999997 -0.4528700399999996 -13.022423039999984 -12.158873379999994 -12.658113409999991
23.561261722301783 -11.653976499999997 -10.078400949999999 1.8211586399999997 -0.4528553599999996 -13.022279039999983 -12.158698699999993 -12.657956489999991
23.736714823825057 -11.654122979999997 -10.07839647 1.8211273599999998 -0.4528215999999996 -13.022427999999984 -12.158801179999994 -12.658085849999992
23.985377299682312 -11.654236099999997 -10.078457389999999 1.8210412799999998 -0.4528104399999996 -13.022466239999984 -12.158819459999995 -12.658115649999992
23.99377773262116 -11.653580099999997 -10.07769943 1.8219700399999998 -0.4528387199999996 -13.022710719999983 -12.159099179999995 -12.658375009999991
23.998724747443877 -11.654485299999997 -10.078649389999999 1.8208517999999998 -0.4528451199999996 -13.022491279999983 -12.158854219999995 -12.65814480999999
23.998724752820397 -11.655387179999998 -10.079599349999999 1.8197383999999999 -0.4528563999999996 -13.022268479999983 -12.158609899999995 -12.657912929999991
23.998761094852966 -11.655823259999998 -10.080018549999998 1.81922944 -0.4528431199999996 -13.022208919999983 -12.158547339999995 -12.657852089999992
24.040875914994903 -11.655330259999998 -10.079433989999998 1.81996292 -0.4528770399999996 -13.022415519999983 -12.158758859999995 -12.658060769999992
24.060065692720883 -11.654726659999998 -10.078661189999998 1.8209346 -0.4529230399999996 -13.022737599999983 -12.159075739999995 -12.658380689999992
24.08659420168085 -11.653990979999998 -10.077744469999999 1.82209372 -0.45298311999999963 -13.023100959999983 -12.159437979999995 -12.658743569999993
24.090796951110743 -11.654783259999999 -10.078566069999999 1.82111984 -0.45298279999999963 -13.022919679999983 -12.159233299999995 -12.658552409999993
24.091740274225184 -11.653445019999998 -10.077019989999998 1.82297712 -0.4530081199999996 -13.023413359999983 -12.159773739999995 -12.659065809999994
24.119050544880793 -11.653764659999998 -10.07734107 1.82258808 -0.45300039999999964 -13.023351699999983 -12.159702699999995 -12.659000189999993
24.121537795938938 -11.654257179999998 -10.07784455 1.8220168 -0.45302063999999964 -13.023252699999983 -12.159585499999995 -12.658893509999993
24.121537799452398 -11.654755299999998 -10.07834803 1.8214354400000001 -0.45303419999999966 -13.023155899999983 -12.159466939999994 -12.658787549999992
24.124057042472785 -11.654137899999998 -10.07762823 1.8223132000000002 -0.45305151999999965 -13.023398939999984 -12.159735899999994 -12.659041509999993
24.15429936212462 -11.653515179999998 -10.07688967 1.8232018 -0.45306083999999963 -13.023655499999984 -12.160001659999994 -12.659301949999993
24.191031988869923 -11.653632539999998 -10.07689791 1.82318588 -0.4530541199999996 -13.023763659999984 -12.160087259999994 -12.659400589999992
24.330244632432112 -11.653649819999998 -10.076872589999999 1.82322256 -0.4530602799999996 -13.023811459999985 -12.160130139999994 -12.659446309999991
24.330244697562676 -11.653649899999998 -10.076847269999998 1.8232706 -0.4530764799999996 -13.023843379999985 -12.160188299999994 -12.65948930999999
24.356161195603306 -11.654328779999998 -10.077555949999999 1.82244504 -0.4530895999999996 -13.023683619999984 -12.160008419999995 -12.65932102999999
24.356161525692055 -11.6550053 -10.07826463 1.8216226800000002 -0.4531047999999996 -13.023522619999984 -12.159830019999996 -12.65915266999999
24.402285495391233 -11.655519499999999 -10.078775349999999 1.82104368 -0.45312855999999957 -13.023434059999984 -12.159729399999996 -12.659059009999991
24.402285895555544 -11.655863579999998 -10.07911583 1.82065388 -0.45314123999999956 -13.023375659999983 -12.159663759999995 -12.658997569999991
24.419325328204618 -11.655658619999999 -10.07880191 1.8210542 -0.45316315999999957 -13.023549019999983 -12.159823039999996 -12.659165009999992
