shell0_X0_Y0_Z0_mono0_fix1/shell1_X0_Y0_Z1_mono0_fix1//test20tig_AVTZ// DONE 4.38165304261412 2	-0.92372000 -0.64366530 0.56314070 -0.07249535 -1.41436535 -1.38621400 -1.40248900
shell0_X0_Y0_Z0_mono0_fix1/shell1_X-1_Y1_Z-1_mono1_fix1//test20tig_AVTZ// DONE 4.689718751012225 1	-0.60170536 -0.35953790 0.67154830 -0.06087169 -1.21238197 -1.19544100 -1.20523500
shell0_X0_Y0_Z0_mono0_fix1/shell1_X-1_Y0_Z-1_mono1_fix1//test20tig_AVTZ// DONE 4.689718793492955 1	-0.60170867 -0.35954030 0.67153880 -0.06086323 -1.21238424 -1.19544500 -1.20523800
shell0_X0_Y0_Z0_mono0_fix1/shell1_X0_Y1_Z0_mono1_fix1//test20tig_AVTZ// DONE 4.689720349898126 1	-0.60172305 -0.35953850 0.67153160 -0.06085165 -1.21240300 -1.19544300 -1.20524800
shell0_X0_Y0_Z0_mono0_fix1/shell0_X0_Y0_Z0_mono1_fix1//test20tig_AVTZ// DONE 4.689720404504576 1	-0.60170606 -0.35953600 0.67154610 -0.06086746 -1.21238470 -1.19544200 -1.20523700
shell0_X0_Y0_Z0_mono0_fix1/shell1_X-1_Y0_Z0_mono0_fix1//test20tig_AVTZ// DONE 4.8542918473850225 2	-0.63345506 -0.49164820 0.42769890 -0.04923142 -1.01192254 -0.99327830 -1.00405700
shell0_X0_Y0_Z0_mono0_fix1/shell1_X0_Y1_Z-1_mono1_fix1//test20tig_AVTZ// DONE 4.879875191366439 1	-0.65812229 -0.47632330 0.23474110 -0.04225190 -0.85061149 -0.82525210 -0.83991300
shell0_X0_Y0_Z0_mono0_fix1/shell1_X0_Y0_Z-1_mono1_fix1//test20tig_AVTZ// DONE 4.879875284071528 1	-0.65812329 -0.47632710 0.23474310 -0.04225355 -0.85061284 -0.82525500 -0.83991500
shell0_X0_Y0_Z0_mono0_fix1/shell1_X-1_Y0_Z0_mono1_fix1//test20tig_AVTZ// DONE 4.879876783261088 1	-0.65811776 -0.47632100 0.23474400 -0.04225571 -0.85060605 -0.82524510 -0.83990690
shell0_X0_Y0_Z0_mono0_fix1/shell1_X-1_Y1_Z0_mono1_fix1//test20tig_AVTZ// DONE 4.879876784204481 1	-0.65812186 -0.47632490 0.23474460 -0.04225520 -0.85061126 -0.82524910 -0.83991160
shell0_X0_Y0_Z0_mono0_fix1/shell1_X-1_Y0_Z-1_mono0_fix1//test20tig_AVTZ// DONE 6.064820747978854 2	-0.13875417 0.07133605 0.19111450 -0.02471369 -0.30515498 -0.31724510 -0.31025550
shell0_X0_Y0_Z0_mono0_fix1/shell1_X-1_Y0_Z1_mono0_fix1//test20tig_AVTZ// DONE 6.602802553139406 2	-0.09077671 -0.04759152 -0.04259615 0.00128933 -0.04946988 -0.04971509 -0.04957333
shell0_X0_Y0_Z0_mono0_fix1/shell1_X0_Y-1_Z0_mono0_fix1//test20tig_AVTZ// DONE 6.810811507043177 2	-0.08964013 -0.04935069 -0.04989020 0.00113932 -0.04088924 -0.04055570 -0.04074853
shell0_X0_Y0_Z0_mono0_fix1/shell2_X-1_Y1_Z-2_mono1_fix1//test20tig_AVTZ// DONE 7.324543867648097 1	-0.03810487 -0.00715536 -0.00583819 0.00000154 -0.03226822 -0.03259815 -0.03240741
shell0_X0_Y0_Z0_mono0_fix1/shell2_X-1_Y0_Z-2_mono1_fix1//test20tig_AVTZ// DONE 7.324543907536211 1	-0.03808197 -0.00715498 -0.00581289 -0.00002665 -0.03224243 -0.03259798 -0.03239243
shell0_X0_Y0_Z0_mono0_fix1/shell1_X0_Y1_Z1_mono1_fix1//test20tig_AVTZ// DONE 7.324546685996958 1	-0.03808041 -0.00715495 -0.00581293 -0.00002649 -0.03224099 -0.03259896 -0.03239201
shell0_X0_Y0_Z0_mono0_fix1/shell1_X0_Y0_Z1_mono1_fix1//test20tig_AVTZ// DONE 7.3245467079324795 1	-0.03808181 -0.00715532 -0.00581339 -0.00002645 -0.03224197 -0.03259909 -0.03239263
shell0_X0_Y0_Z0_mono0_fix1/shell2_X0_Y1_Z-2_mono1_fix1//test20tig_AVTZ// DONE 7.64669015623292 1	-0.02633320 -0.00647141 -0.00639969 0.00011089 -0.02004440 -0.02017664 -0.02010019
shell0_X0_Y0_Z0_mono0_fix1/shell2_X0_Y0_Z-2_mono1_fix1//test20tig_AVTZ// DONE 7.646690203091246 1	-0.02633097 -0.00647124 -0.00639151 0.00010508 -0.02004454 -0.02017657 -0.02010024
shell0_X0_Y0_Z0_mono0_fix1/shell1_X-1_Y1_Z1_mono1_fix1//test20tig_AVTZ// DONE 7.64669296991229 1	-0.02633031 -0.00647097 -0.00639310 0.00010614 -0.02004335 -0.02017758 -0.02009998
shell0_X0_Y0_Z0_mono0_fix1/shell1_X-1_Y0_Z1_mono1_fix1//test20tig_AVTZ// DONE 7.646692981710969 1	-0.02632846 -0.00647113 -0.00639030 0.00010406 -0.02004222 -0.02017956 -0.02010016
shell0_X0_Y0_Z0_mono0_fix1/shell1_X0_Y-1_Z1_mono0_fix1//test20tig_AVTZ// DONE 7.918115177639053 2	-0.01929422 -0.00073087 -0.00028990 -0.00004235 -0.01896197 -0.01904560 -0.01899725
shell0_X0_Y0_Z0_mono0_fix1/shell2_X-2_Y1_Z-1_mono1_fix1//test20tig_AVTZ// DONE 7.9370587750867125 1	-0.02773813 -0.00662660 -0.00666725 0.00002726 -0.02109814 -0.02105964 -0.02108190
shell0_X0_Y0_Z0_mono0_fix1/shell2_X-2_Y0_Z-1_mono1_fix1//test20tig_AVTZ// DONE 7.937058818163156 1	-0.02774490 -0.00662703 -0.00667658 0.00003527 -0.02110359 -0.02105933 -0.02108492
shell0_X0_Y0_Z0_mono0_fix1/shell1_X1_Y1_Z0_mono1_fix1//test20tig_AVTZ// DONE 7.937059651198265 1	-0.02774654 -0.00662705 -0.00668026 0.00003792 -0.02110421 -0.02105979 -0.02108547
shell0_X0_Y0_Z0_mono0_fix1/shell1_X1_Y0_Z0_mono1_fix1//test20tig_AVTZ// DONE 7.937059665509641 1	-0.02774745 -0.00662661 -0.00667970 0.00003800 -0.02110575 -0.02105851 -0.02108582
shell0_X0_Y0_Z0_mono0_fix1/shell1_X0_Y-1_Z-1_mono0_fix1//test20tig_AVTZ// DONE 7.94785401225415 2	-0.01946470 -0.00350926 -0.00497615 0.00006117 -0.01454973 -0.01441500 -0.01449289
shell0_X0_Y0_Z0_mono0_fix1/shell1_X-1_Y-1_Z0_mono0_fix1//test20tig_AVTZ// DONE 8.165893982210708 2	-0.01644115 0.00518448 0.00924170 -0.00032367 -0.02535917 -0.02580790 -0.02554848
shell0_X0_Y0_Z0_mono0_fix1/shell1_X1_Y1_Z-1_mono1_fix1//test20tig_AVTZ// DONE 8.232858600601466 1	-0.01768056 -0.00270857 -0.00302964 -0.00001482 -0.01463610 -0.01464809 -0.01464116
shell0_X0_Y0_Z0_mono0_fix1/shell1_X1_Y0_Z-1_mono1_fix1//test20tig_AVTZ// DONE 8.232858625612328 1	-0.01768879 -0.00270885 -0.00303735 -0.00000620 -0.01464524 -0.01464813 -0.01464646
shell0_X0_Y0_Z0_mono0_fix1/shell2_X-2_Y1_Z0_mono1_fix1//test20tig_AVTZ// DONE 8.232859489005401 1	-0.01768931 -0.00270903 -0.00304113 -0.00000332 -0.01464486 -0.01464924 -0.01464671
shell0_X0_Y0_Z0_mono0_fix1/shell2_X-2_Y0_Z0_mono1_fix1//test20tig_AVTZ// DONE 8.232859518875284 1	-0.01769742 -0.00270876 -0.00304584 0.00000426 -0.01465584 -0.01464925 -0.01465306
shell0_X0_Y0_Z0_mono0_fix1/shell1_X-1_Y1_Z0_mono0_fix1//test20tig_AVTZ// DONE 8.27527950048686 2	-0.00598958 0.00512547 0.00811491 -0.00020478 -0.01389972 -0.01405937 -0.01396707
shell0_X0_Y0_Z0_mono0_fix1/shell2_X0_Y0_Z2_mono0_fix1//test20tig_AVTZ// DONE 8.293258355384793 2	-0.01963455 -0.00783024 -0.00947756 0.00019635 -0.01035334 -0.01015013 -0.01026761
shell0_X0_Y0_Z0_mono0_fix1/shell1_X-1_Y-1_Z-1_mono0_fix1//test20tig_AVTZ// DONE 8.971985427673124 2	-0.01305229 -0.00287406 -0.00366423 0.00001672 -0.00940478 -0.00934960 -0.00938150
shell0_X0_Y0_Z0_mono0_fix1/shell1_X-1_Y1_Z-1_mono0_fix1//test20tig_AVTZ// DONE 9.035177165497887 2	-0.01258466 -0.00614516 -0.00751373 0.00016963 -0.00524056 -0.00506998 -0.00516859
shell0_X0_Y0_Z0_mono0_fix1/shell2_X-1_Y0_Z-2_mono0_fix1//test20tig_AVTZ// DONE 9.153763844015145 2	-0.00315397 0.00555269 0.00709758 -0.00017079 -0.01008075 -0.01031349 -0.01017894
shell0_X0_Y0_Z0_mono0_fix1/shell1_X-1_Y-1_Z1_mono0_fix1//test20tig_AVTZ// DONE 9.295490539077504 2	-0.00149100 0.00719529 0.00939153 -0.00022425 -0.01065829 -0.01104236 -0.01082032
shell0_X0_Y0_Z0_mono0_fix1/shell2_X-2_Y0_Z0_mono0_fix1//test20tig_AVTZ// DONE 9.361506889970096 2	-0.01240503 -0.00574481 -0.00799598 0.00015255 -0.00456161 -0.00437449 -0.00448267
shell0_X0_Y0_Z0_mono0_fix1/shell1_X-1_Y1_Z1_mono0_fix1//test20tig_AVTZ// DONE 9.387373487374097 2	0.00700034 0.01268571 0.01695312 -0.00040328 -0.00954950 -0.00985412 -0.00967801
shell0_X0_Y0_Z0_mono0_fix1/shell2_X-2_Y1_Z-2_mono1_fix1//test20tig_AVTZ// DONE 9.573570512557703 1	-0.00590067 0.00061365 0.00104044 -0.00002351 -0.00691760 -0.00693055 -0.00692306
shell0_X0_Y0_Z0_mono0_fix1/shell2_X-2_Y0_Z-2_mono1_fix1//test20tig_AVTZ// DONE 9.573570545117207 1	-0.00589911 0.00061354 0.00105233 -0.00003266 -0.00691878 -0.00692583 -0.00692175
shell0_X0_Y0_Z0_mono0_fix1/shell1_X1_Y1_Z1_mono1_fix1//test20tig_AVTZ// DONE 9.573572628954876 1	-0.00589375 0.00061339 0.00104319 -0.00003232 -0.00690462 -0.00692569 -0.00691351
shell0_X0_Y0_Z0_mono0_fix1/shell1_X1_Y0_Z1_mono1_fix1//test20tig_AVTZ// DONE 9.573572643884125 1	-0.00589177 0.00061350 0.00104645 -0.00003444 -0.00690378 -0.00692690 -0.00691354
shell0_X0_Y0_Z0_mono0_fix1/shell2_X-1_Y0_Z2_mono0_fix1//test20tig_AVTZ// DONE 9.80780491502408 2	-0.00800743 -0.00430292 -0.00529098 0.00013789 -0.00285434 -0.00275118 -0.00281081
shell0_X0_Y0_Z0_mono0_fix1/shell2_X-2_Y0_Z-1_mono0_fix1//test20tig_AVTZ// DONE 9.903259070833585 2	-0.00606405 -0.00077375 -0.00084121 -0.00001238 -0.00521046 -0.00519651 -0.00520458
shell0_X0_Y0_Z0_mono0_fix1/shell2_X1_Y1_Z-2_mono1_fix1//test20tig_AVTZ// DONE 10.272462453065987 1	-0.00170268 0.00164372 0.00223014 -0.00007272 -0.00386011 -0.00390707 -0.00387992
shell0_X0_Y0_Z0_mono0_fix1/shell2_X1_Y0_Z-2_mono1_fix1//test20tig_AVTZ// DONE 10.27246247983005 1	-0.00172380 0.00164364 0.00220162 -0.00004342 -0.00388200 -0.00390525 -0.00389181
shell0_X0_Y0_Z0_mono0_fix1/shell2_X-2_Y1_Z1_mono1_fix1//test20tig_AVTZ// DONE 10.272464555493372 1	-0.00170179 0.00164361 0.00223656 -0.00007641 -0.00386195 -0.00390730 -0.00388108
shell0_X0_Y0_Z0_mono0_fix1/shell2_X-2_Y0_Z1_mono1_fix1//test20tig_AVTZ// DONE 10.27246457253201 1	-0.00171245 0.00164368 0.00221443 -0.00005630 -0.00387059 -0.00390826 -0.00388648
shell0_X0_Y0_Z0_mono0_fix1/shell2_X-1_Y2_Z-1_mono1_fix1//test20tig_AVTZ// DONE 10.479836115247128 1	0.00051479 0.00382850 0.00502393 -0.00011618 -0.00439296 -0.00448881 -0.00443340
shell0_X0_Y0_Z0_mono0_fix1/shell1_X-1_Y-1_Z-1_mono1_fix1//test20tig_AVTZ// DONE 10.479836186966653 1	0.00053446 0.00382851 0.00503745 -0.00013669 -0.00436630 -0.00449264 -0.00441960
shell0_X0_Y0_Z0_mono0_fix1/shell2_X0_Y2_Z0_mono1_fix1//test20tig_AVTZ// DONE 10.47983678588932 1	0.00051098 0.00382852 0.00502066 -0.00011221 -0.00439747 -0.00448752 -0.00443546
shell0_X0_Y0_Z0_mono0_fix1/shell1_X0_Y-1_Z0_mono1_fix1//test20tig_AVTZ// DONE 10.479836843290183 1	0.00049951 0.00382852 0.00500493 -0.00009625 -0.00440917 -0.00448751 -0.00444222
shell0_X0_Y0_Z0_mono0_fix1/shell2_X-2_Y0_Z1_mono0_fix1//test20tig_AVTZ// DONE 10.506825541052299 2	-0.00597786 -0.00319391 -0.00447279 0.00009843 -0.00160349 -0.00147736 -0.00155028
shell0_X0_Y0_Z0_mono0_fix1/shell2_X0_Y2_Z-1_mono1_fix1//test20tig_AVTZ// DONE 10.55227031009794 1	-0.00161347 0.00139463 0.00187125 -0.00003466 -0.00345005 -0.00346646 -0.00345698
shell0_X0_Y0_Z0_mono0_fix1/shell1_X0_Y-1_Z-1_mono1_fix1//test20tig_AVTZ// DONE 10.552270378746124 1	-0.00159714 0.00139462 0.00189005 -0.00005519 -0.00343200 -0.00346870 -0.00344748
shell0_X0_Y0_Z0_mono0_fix1/shell2_X-1_Y2_Z0_mono1_fix1//test20tig_AVTZ// DONE 10.55227099737296 1	-0.00161129 0.00139464 0.00186482 -0.00003017 -0.00344594 -0.00347252 -0.00345715
shell0_X0_Y0_Z0_mono0_fix1/shell1_X-1_Y-1_Z0_mono1_fix1//test20tig_AVTZ// DONE 10.552271056865091 1	-0.00161196 0.00139464 0.00186984 -0.00003260 -0.00344921 -0.00347114 -0.00345846
shell0_X0_Y0_Z0_mono0_fix1/shell2_X0_Y-1_Z2_mono0_fix1//test20tig_AVTZ// DONE 10.597767900119495 2	-0.00024725 0.00273106 0.00339199 -0.00008657 -0.00355267 -0.00358269 -0.00356534
shell0_X0_Y0_Z0_mono0_fix1/shell2_X0_Y-1_Z-2_mono0_fix1//test20tig_AVTZ// DONE 10.621615668329172 2	-0.00401237 -0.00157612 -0.00221879 0.00005181 -0.00184538 -0.00181681 -0.00183333
shell0_X0_Y0_Z0_mono0_fix1/shell3_X-1_Y1_Z-3_mono1_fix1//test20tig_AVTZ// DONE 10.88405459527898 1	-0.00301654 -0.00070553 -0.00107700 0.00003235 -0.00197189 -0.00192178 -0.00195075
shell0_X0_Y0_Z0_mono0_fix1/shell3_X-1_Y0_Z-3_mono1_fix1//test20tig_AVTZ// DONE 10.88405462313503 1	-0.00301344 -0.00070547 -0.00107219 0.00002615 -0.00196740 -0.00191835 -0.00194671
shell0_X0_Y0_Z0_mono0_fix1/shell2_X0_Y1_Z2_mono1_fix1//test20tig_AVTZ// DONE 10.884057744900195 1	-0.00301733 -0.00070545 -0.00107866 0.00003323 -0.00197190 -0.00192047 -0.00195020
shell0_X0_Y0_Z0_mono0_fix1/shell2_X0_Y0_Z2_mono1_fix1//test20tig_AVTZ// DONE 10.884057758513 1	-0.00302108 -0.00070551 -0.00109071 0.00004146 -0.00197183 -0.00191826 -0.00194923
shell0_X0_Y0_Z0_mono0_fix1/shell3_X0_Y1_Z-3_mono1_fix1//test20tig_AVTZ// DONE 11.227186363707679 2	-0.00184321 -0.00010084 -0.00013272 0.00001342 -0.00172391 -0.00171296 -0.00171929
shell0_X0_Y0_Z0_mono0_fix1/shell2_X-1_Y1_Z2_mono1_fix1//test20tig_AVTZ// DONE 11.227189480441503 2	-0.00184116 -0.00010079 -0.00012914 0.00001191 -0.00172393 -0.00171415 -0.00171980
shell0_X0_Y0_Z0_mono0_fix1/shell2_X-1_Y-1_Z-2_mono0_fix1//test20tig_AVTZ// DONE 11.29424631152965 2	-0.00391401 -0.00190083 -0.00257893 0.00007829 -0.00141336 -0.00134029 -0.00138253
shell0_X0_Y0_Z0_mono0_fix1/shell2_X-1_Y1_Z-2_mono0_fix1//test20tig_AVTZ// DONE 11.31644354548893 2	-0.00132573 0.00050115 0.00061171 -0.00000535 -0.00193209 -0.00191947 -0.00192676
shell0_X0_Y0_Z0_mono0_fix1/shell2_X-2_Y-1_Z0_mono0_fix1//test20tig_AVTZ// DONE 11.431705900717049 2	-0.00050546 0.00187931 0.00264263 -0.00006552 -0.00308256 -0.00313554 -0.00310491
shell0_X0_Y0_Z0_mono0_fix1/shell2_X2_Y-1_Z0_mono0_fix1//test20tig_AVTZ// DONE 11.511985300913397 2	-0.00110530 0.00035269 0.00045297 0.00000015 -0.00155842 -0.00157462 -0.00156526
shell0_X0_Y0_Z0_mono0_fix1/shell2_X1_Y1_Z-2_mono0_fix1//test20tig_AVTZ// DONE 11.801089846871273 2	-0.00054577 0.00104705 0.00130273 -0.00002515 -0.00182335 -0.00182083 -0.00182229
shell0_X0_Y0_Z0_mono0_fix1/shell2_X-1_Y1_Z2_mono0_fix1//test20tig_AVTZ// DONE 11.854553024155814 2	0.00126540 0.00255464 0.00343516 -0.00008039 -0.00208937 -0.00217069 -0.00212368
shell0_X0_Y0_Z0_mono0_fix1/shell2_X-2_Y-1_Z-1_mono0_fix1//test20tig_AVTZ// DONE 11.891151656917735 2	-0.00031562 0.00155689 0.00217707 -0.00003993 -0.00245277 -0.00248706 -0.00246723
shell0_X0_Y0_Z0_mono0_fix1/shell2_X-1_Y2_Z-2_mono1_fix1//test20tig_AVTZ// DONE 11.892728247980974 1	-0.00054404 0.00084590 0.00122008 -0.00002783 -0.00173629 -0.00174208 -0.00173873
shell0_X0_Y0_Z0_mono0_fix1/shell2_X-1_Y-1_Z-2_mono1_fix1//test20tig_AVTZ// DONE 11.8927283170759 1	-0.00053996 0.00084592 0.00122019 -0.00002793 -0.00173222 -0.00174755 -0.00173869
shell0_X0_Y0_Z0_mono0_fix1/shell2_X0_Y2_Z1_mono1_fix1//test20tig_AVTZ// DONE 11.892730010336884 1	-0.00054672 0.00084595 0.00122086 -0.00002788 -0.00173969 -0.00173938 -0.00173956
shell0_X0_Y0_Z0_mono0_fix1/shell1_X0_Y-1_Z1_mono1_fix1//test20tig_AVTZ// DONE 11.892730055033091 1	-0.00054420 0.00084593 0.00122074 -0.00002778 -0.00173715 -0.00174296 -0.00173961
shell0_X0_Y0_Z0_mono0_fix1/shell2_X-2_Y0_Z-2_mono0_fix1//test20tig_AVTZ// DONE 11.9138079772099 2	-0.00018792 0.00151933 0.00200891 -0.00003657 -0.00216026 -0.00219024 -0.00217291
shell0_X0_Y0_Z0_mono0_fix1/shell2_X-2_Y1_Z-1_mono0_fix1//test20tig_AVTZ// DONE 11.9543527609583 2	-0.00288686 -0.00180321 -0.00229362 0.00004921 -0.00064245 -0.00058658 -0.00061888
shell0_X0_Y0_Z0_mono0_fix1/shell2_X0_Y2_Z-2_mono1_fix1//test20tig_AVTZ// DONE 12.081056531222636 1	-0.00206341 -0.00095703 -0.00113428 0.00002670 -0.00095583 -0.00092612 -0.00094330
shell0_X0_Y0_Z0_mono0_fix1/shell2_X0_Y-1_Z-2_mono1_fix1//test20tig_AVTZ// DONE 12.081056597548143 1	-0.00206396 -0.00095702 -0.00113506 0.00002726 -0.00095616 -0.00092611 -0.00094348
shell0_X0_Y0_Z0_mono0_fix1/shell2_X-1_Y2_Z1_mono1_fix1//test20tig_AVTZ// DONE 12.081058295088953 1	-0.00206183 -0.00095697 -0.00113013 0.00002307 -0.00095477 -0.00092594 -0.00094260
shell0_X0_Y0_Z0_mono0_fix1/shell1_X-1_Y-1_Z1_mono1_fix1//test20tig_AVTZ// DONE 12.081058340631005 1	-0.00206416 -0.00095698 -0.00113454 0.00002696 -0.00095657 -0.00092566 -0.00094353
shell0_X0_Y0_Z0_mono0_fix1/shell3_X-3_Y1_Z-1_mono1_fix1//test20tig_AVTZ// DONE 12.129643244138835 1	-0.00165610 -0.00032132 -0.00034059 0.00000282 -0.00131833 -0.00128967 -0.00130624
shell0_X0_Y0_Z0_mono0_fix1/shell3_X-3_Y0_Z-1_mono1_fix1//test20tig_AVTZ// DONE 12.129643268335899 1	-0.00164896 -0.00032134 -0.00034023 0.00000243 -0.00131115 -0.00129906 -0.00130605
shell0_X0_Y0_Z0_mono0_fix1/shell2_X2_Y1_Z0_mono1_fix1//test20tig_AVTZ// DONE 12.12964376486562 1	-0.00164497 -0.00032134 -0.00034714 0.00000368 -0.00130152 -0.00129813 -0.00130009
shell0_X0_Y0_Z0_mono0_fix1/shell2_X2_Y0_Z0_mono1_fix1//test20tig_AVTZ// DONE 12.129643778001537 1	-0.00164677 -0.00032132 -0.00035429 0.00001018 -0.00130265 -0.00130046 -0.00130173
shell0_X0_Y0_Z0_mono0_fix1/shell2_X-2_Y2_Z-1_mono1_fix1//test20tig_AVTZ// DONE 12.288125498378834 1	-0.00123872 -0.00009956 -0.00025303 -0.00000221 -0.00098348 -0.00097537 -0.00098006
shell0_X0_Y0_Z0_mono0_fix1/shell2_X-2_Y-1_Z-1_mono1_fix1//test20tig_AVTZ// DONE 12.288125561514361 1	-0.00124809 -0.00009957 -0.00025050 -0.00000099 -0.00099660 -0.00096882 -0.00098488
shell0_X0_Y0_Z0_mono0_fix1/shell2_X1_Y2_Z0_mono1_fix1//test20tig_AVTZ// DONE 12.28812604120356 1	-0.00125133 -0.00009957 -0.00025752 0.00000793 -0.00100173 -0.00097394 -0.00099001
shell0_X0_Y0_Z0_mono0_fix1/shell1_X1_Y-1_Z0_mono1_fix1//test20tig_AVTZ// DONE 12.288126088308935 1	-0.00124341 -0.00009956 -0.00025171 -0.00000214 -0.00098955 -0.00097062 -0.00098156
shell0_X0_Y0_Z0_mono0_fix1/shell3_X0_Y0_Z-3_mono0_fix1//test20tig_AVTZ// DONE 12.307337373733754 2	-0.00192120 -0.00098618 -0.00123150 0.00002496 -0.00071466 -0.00069204 -0.00070512
shell0_X0_Y0_Z0_mono0_fix1/shell2_X2_Y1_Z-1_mono0_fix1//test20tig_AVTZ// DONE 12.382809884255245 2	-0.00074145 0.00057449 0.00079364 -0.00000369 -0.00153140 -0.00152443 -0.00152846
shell0_X0_Y0_Z0_mono0_fix1/shell3_X-2_Y1_Z-3_mono1_fix1//test20tig_AVTZ// DONE 12.394697932541886 1	-0.00084888 0.00033156 0.00038394 -0.00000190 -0.00123092 -0.00124085 -0.00123511
shell0_X0_Y0_Z0_mono0_fix1/shell3_X-2_Y0_Z-3_mono1_fix1//test20tig_AVTZ// DONE 12.394697956586858 1	-0.00085345 0.00033156 0.00039099 -0.00000776 -0.00123667 -0.00123245 -0.00123489
shell0_X0_Y0_Z0_mono0_fix1/shell2_X1_Y1_Z2_mono1_fix1//test20tig_AVTZ// DONE 12.394700658765307 1	-0.00085360 0.00033152 0.00038947 -0.00000646 -0.00123661 -0.00123334 -0.00123523
shell0_X0_Y0_Z0_mono0_fix1/shell2_X1_Y0_Z2_mono1_fix1//test20tig_AVTZ// DONE 12.3947006712363 1	-0.00085088 0.00033153 0.00038380 -0.00000170 -0.00123298 -0.00123844 -0.00123529
shell0_X0_Y0_Z0_mono0_fix1/shell2_X2_Y1_Z-1_mono1_fix1//test20tig_AVTZ// DONE 12.43658415588797 1	-0.00076173 0.00036054 0.00045357 -0.00000751 -0.00120779 -0.00119134 -0.00120085
shell0_X0_Y0_Z0_mono0_fix1/shell2_X2_Y0_Z-1_mono1_fix1//test20tig_AVTZ// DONE 12.436584171531699 1	-0.00075129 0.00036052 0.00045818 -0.00001092 -0.00119855 -0.00120321 -0.00120052
shell0_X0_Y0_Z0_mono0_fix1/shell3_X-3_Y1_Z0_mono1_fix1//test20tig_AVTZ// DONE 12.436584770825997 1	-0.00075518 0.00036047 0.00044855 -0.00000409 -0.00119963 -0.00120205 -0.00120065
shell0_X0_Y0_Z0_mono0_fix1/shell3_X-3_Y0_Z0_mono1_fix1//test20tig_AVTZ// DONE 12.436584791502533 1	-0.00076261 0.00036048 0.00045795 -0.00001077 -0.00120980 -0.00118788 -0.00120055
shell0_X0_Y0_Z0_mono0_fix1/shell2_X-2_Y1_Z1_mono0_fix1//test20tig_AVTZ// DONE 12.453271462979721 2	0.00127284 0.00228948 0.00299633 -0.00006153 -0.00166196 -0.00169276 -0.00167496
shell0_X0_Y0_Z0_mono0_fix1/shell2_X1_Y2_Z-1_mono1_fix1//test20tig_AVTZ// DONE 12.470204952125625 1	-0.00224542 -0.00131288 -0.00183059 0.00003992 -0.00045475 -0.00041397 -0.00043754
shell0_X0_Y0_Z0_mono0_fix1/shell1_X1_Y-1_Z-1_mono1_fix1//test20tig_AVTZ// DONE 12.470205005668651 1	-0.00224973 -0.00131291 -0.00182711 0.00004153 -0.00046415 -0.00041603 -0.00044385
shell0_X0_Y0_Z0_mono0_fix1/shell2_X-2_Y2_Z0_mono1_fix1//test20tig_AVTZ// DONE 12.470205547868273 1	-0.00224162 -0.00131290 -0.00182996 0.00003927 -0.00045093 -0.00041856 -0.00043727
shell0_X0_Y0_Z0_mono0_fix1/shell2_X-2_Y-1_Z0_mono1_fix1//test20tig_AVTZ// DONE 12.470205602821212 1	-0.00224379 -0.00131288 -0.00182601 0.00003650 -0.00045428 -0.00041456 -0.00043753
shell0_X0_Y0_Z0_mono0_fix1/shell3_X1_Y0_Z3_mono0_fix1//test20tig_AVTZ// DONE 12.79837182131102 2	-0.00052285 0.00039179 0.00048648 -0.00001498 -0.00099434 -0.00099678 -0.00099537
shell0_X0_Y0_Z0_mono0_fix1/shell2_X-2_Y0_Z2_mono0_fix1//test20tig_AVTZ// DONE 12.885391568406023 2	-0.00176322 -0.00106485 -0.00139443 0.00003817 -0.00040696 -0.00035417 -0.00038469
shell0_X0_Y0_Z0_mono0_fix1/shell3_X-3_Y1_Z-2_mono1_fix1//test20tig_AVTZ// DONE 13.146758985415401 1	-0.00087427 -0.00004115 0.00003298 0.00000305 -0.00091030 -0.00090042 -0.00090613
shell0_X0_Y0_Z0_mono0_fix1/shell3_X-3_Y0_Z-2_mono1_fix1//test20tig_AVTZ// DONE 13.146759008149798 1	-0.00087188 -0.00004117 0.00003898 -0.00000183 -0.00090902 -0.00090030 -0.00090534
shell0_X0_Y0_Z0_mono0_fix1/shell2_X2_Y1_Z1_mono1_fix1//test20tig_AVTZ// DONE 13.146760502226227 1	-0.00087386 -0.00004121 0.00003472 0.00000195 -0.00091053 -0.00090068 -0.00090638
shell0_X0_Y0_Z0_mono0_fix1/shell2_X2_Y0_Z1_mono1_fix1//test20tig_AVTZ// DONE 13.146760513950442 1	-0.00087123 -0.00004119 0.00003882 -0.00000167 -0.00090839 -0.00090138 -0.00090543
shell0_X0_Y0_Z0_mono0_fix1/shell3_X1_Y1_Z-3_mono1_fix1//test20tig_AVTZ// DONE 13.270954127893539 1	0.00001818 0.00068039 0.00092018 -0.00001855 -0.00088345 -0.00089474 -0.00088821
shell0_X0_Y0_Z0_mono0_fix1/shell3_X1_Y0_Z-3_mono1_fix1//test20tig_AVTZ// DONE 13.270954148813216 1	0.00001649 0.00068038 0.00092761 -0.00002180 -0.00088931 -0.00089422 -0.00089139
shell0_X0_Y0_Z0_mono0_fix1/shell2_X-2_Y1_Z2_mono1_fix1//test20tig_AVTZ// DONE 13.270956795149358 1	0.00002130 0.00068038 0.00092706 -0.00002396 -0.00088180 -0.00089481 -0.00088729
shell0_X0_Y0_Z0_mono0_fix1/shell2_X-2_Y0_Z2_mono1_fix1//test20tig_AVTZ// DONE 13.270956808138601 1	0.00001872 0.00068038 0.00092035 -0.00001872 -0.00088292 -0.00089530 -0.00088814
shell0_X0_Y0_Z0_mono0_fix1/shell2_X0_Y-2_Z0_mono0_fix1//test20tig_AVTZ// DONE 13.33517811851783 2	-0.00170249 -0.00110396 -0.00147915 0.00006417 -0.00028750 -0.00021423 -0.00025659
shell0_X0_Y0_Z0_mono0_fix1/shell2_X-2_Y2_Z-2_mono1_fix1//test20tig_AVTZ// DONE 13.403536023604476 1	-0.00041420 0.00026001 0.00032808 -0.00001539 -0.00072689 -0.00073898 -0.00073199
shell0_X0_Y0_Z0_mono0_fix1/shell2_X-2_Y-1_Z-2_mono1_fix1//test20tig_AVTZ// DONE 13.40353608509439 1	-0.00041735 0.00026000 0.00032109 -0.00001004 -0.00072840 -0.00073891 -0.00073284
shell0_X0_Y0_Z0_mono0_fix1/shell2_X1_Y2_Z1_mono1_fix1//test20tig_AVTZ// DONE 13.403537552718758 1	-0.00042654 0.00026000 0.00031708 -0.00000212 -0.00074150 -0.00073862 -0.00074029
shell0_X0_Y0_Z0_mono0_fix1/shell1_X1_Y-1_Z1_mono1_fix1//test20tig_AVTZ// DONE 13.403537592330627 1	-0.00041819 0.00026001 0.00032034 -0.00000935 -0.00072918 -0.00073846 -0.00073309
shell0_X0_Y0_Z0_mono0_fix1/shell3_X1_Y0_Z-3_mono0_fix1//test20tig_AVTZ// DONE 13.481495287436344 2	-0.00136448 -0.00088255 -0.00108241 0.00002947 -0.00031155 -0.00028569 -0.00030064
shell0_X0_Y0_Z0_mono0_fix1/shell2_X-2_Y-1_Z-2_mono0_fix1//test20tig_AVTZ// DONE 13.618504014059653 2	-0.00027781 0.00045663 0.00065112 -0.00002032 -0.00090861 -0.00093060 -0.00091789
shell0_X0_Y0_Z0_mono0_fix1/shell2_X2_Y-1_Z2_mono0_fix1//test20tig_AVTZ// DONE 13.655137237801833 2	-0.00096396 -0.00042073 -0.00054173 0.00001485 -0.00043709 -0.00039467 -0.00041919
shell0_X0_Y0_Z0_mono0_fix1/shell2_X1_Y2_Z-2_mono1_fix1//test20tig_AVTZ// DONE 13.895301154027159 1	-0.00147760 -0.00105023 -0.00138094 0.00003683 -0.00013349 -0.00009642 -0.00011785
shell0_X0_Y0_Z0_mono0_fix1/shell2_X1_Y-1_Z-2_mono1_fix1//test20tig_AVTZ// DONE 13.895301207361287 1	-0.00149362 -0.00105024 -0.00138696 0.00004858 -0.00015523 -0.00009063 -0.00012798
shell0_X0_Y0_Z0_mono0_fix1/shell2_X-2_Y2_Z1_mono1_fix1//test20tig_AVTZ// DONE 13.895302701389518 1	-0.00146950 -0.00105023 -0.00135994 0.00001751 -0.00012707 -0.00009006 -0.00011146
shell0_X0_Y0_Z0_mono0_fix1/shell2_X-2_Y-1_Z1_mono1_fix1//test20tig_AVTZ// DONE 13.895302745331305 1	-0.00147780 -0.00105021 -0.00138111 0.00003704 -0.00013372 -0.00009634 -0.00011795
shell0_X0_Y0_Z0_mono0_fix1/shell2_X0_Y2_Z-1_mono0_fix1//test20tig_AVTZ// DONE 13.936494404007645 2	-0.00104968 -0.00059437 -0.00076676 0.00001800 -0.00030091 -0.00028129 -0.00029263
shell0_X0_Y0_Z0_mono0_fix1/shell2_X0_Y-2_Z-1_mono0_fix1//test20tig_AVTZ// DONE 13.947039752824194 2	-0.00098572 -0.00053747 -0.00077289 0.00001661 -0.00022944 -0.00021142 -0.00022184
shell0_X0_Y0_Z0_mono0_fix1/shell3_X-3_Y0_Z0_mono0_fix1//test20tig_AVTZ// DONE 13.95033872608004 2	-0.00127515 -0.00077928 -0.00109377 0.00002087 -0.00020226 -0.00018032 -0.00019300
shell0_X0_Y0_Z0_mono0_fix1/shell3_X0_Y1_Z-3_mono0_fix1//test20tig_AVTZ// DONE 13.96639031723012 2	0.00005795 0.00058500 0.00072894 -0.00002327 -0.00064773 -0.00065912 -0.00065253
shell0_X0_Y0_Z0_mono0_fix1/shell2_X2_Y1_Z-2_mono1_fix1//test20tig_AVTZ// DONE 13.973774098217433 1	0.00012041 0.00064377 0.00084260 -0.00002703 -0.00069516 -0.00072264 -0.00070675
shell0_X0_Y0_Z0_mono0_fix1/shell2_X2_Y0_Z-2_mono1_fix1//test20tig_AVTZ// DONE 13.973774114765796 1	0.00011498 0.00064375 0.00084423 -0.00002582 -0.00070343 -0.00072038 -0.00071058
shell0_X0_Y0_Z0_mono0_fix1/shell3_X-3_Y1_Z1_mono1_fix1//test20tig_AVTZ// DONE 13.973775652525275 1	0.00011827 0.00064372 0.00084317 -0.00002745 -0.00069745 -0.00071951 -0.00070676
shell0_X0_Y0_Z0_mono0_fix1/shell3_X-3_Y0_Z1_mono1_fix1//test20tig_AVTZ// DONE 13.973775668235369 1	0.00011567 0.00064373 0.00083456 -0.00002057 -0.00069831 -0.00072179 -0.00070822
shell0_X0_Y0_Z0_mono0_fix1/shell3_X0_Y1_Z3_mono0_fix1//test20tig_AVTZ// DONE 13.981812193654894 2	-0.00104437 -0.00064285 -0.00084173 0.00001966 -0.00022230 -0.00021309 -0.00021841
shell0_X0_Y0_Z0_mono0_fix1/shell2_X-1_Y-2_Z0_mono0_fix1//test20tig_AVTZ// DONE 14.091118059605131 2	-0.00088603 -0.00038001 -0.00049949 0.00001210 -0.00039864 -0.00037390 -0.00038820
shell0_X0_Y0_Z0_mono0_fix1/shell2_X-1_Y2_Z0_mono0_fix1//test20tig_AVTZ// DONE 14.134034187848806 2	-0.00059219 -0.00021405 -0.00023585 0.00000251 -0.00035884 -0.00035002 -0.00035512
shell0_X0_Y0_Z0_mono0_fix1/shell3_X3_Y0_Z1_mono0_fix1//test20tig_AVTZ// DONE 14.221424004532233 2	-0.00084580 -0.00035943 -0.00048103 0.00000979 -0.00037456 -0.00035638 -0.00036689
shell0_X0_Y0_Z0_mono0_fix1/shell3_X-1_Y2_Z-3_mono1_fix1//test20tig_AVTZ// DONE 14.358581523304705 1	-0.00048353 -0.00009253 -0.00007630 -0.00000031 -0.00040691 -0.00040594 -0.00040650
shell0_X0_Y0_Z0_mono0_fix1/shell3_X-1_Y-1_Z-3_mono1_fix1//test20tig_AVTZ// DONE 14.35858158144169 1	-0.00048469 -0.00009252 -0.00008639 0.00000679 -0.00040509 -0.00040559 -0.00040530
shell0_X0_Y0_Z0_mono0_fix1/shell2_X0_Y2_Z2_mono1_fix1//test20tig_AVTZ// DONE 14.358583934969959 1	-0.00048209 -0.00009250 -0.00007667 0.00000012 -0.00040554 -0.00040834 -0.00040672
shell0_X0_Y0_Z0_mono0_fix1/shell2_X0_Y-1_Z2_mono1_fix1//test20tig_AVTZ// DONE 14.358583971060447 1	-0.00048901 -0.00009251 -0.00007574 0.00000184 -0.00041511 -0.00040439 -0.00041059
shell0_X0_Y0_Z0_mono0_fix1/shell3_X1_Y1_Z3_mono0_fix1//test20tig_AVTZ// DONE 14.408746943252993 2	-0.00099995 -0.00061271 -0.00081314 0.00001727 -0.00020407 -0.00018573 -0.00019633
shell0_X0_Y0_Z0_mono0_fix1/shell3_X-1_Y1_Z-3_mono0_fix1//test20tig_AVTZ// DONE 14.414839975025055 2	0.00008257 0.00053887 0.00065344 0.00000039 -0.00057125 -0.00056513 -0.00056867
shell0_X0_Y0_Z0_mono0_fix1/shell2_X-2_Y-1_Z2_mono0_fix1//test20tig_AVTZ// DONE 14.460065059886931 2	-0.00049522 -0.00006795 -0.00008768 0.00000028 -0.00040783 -0.00040393 -0.00040618
shell0_X0_Y0_Z0_mono0_fix1/shell2_X-2_Y1_Z2_mono0_fix1//test20tig_AVTZ// DONE 14.508945052929375 2	0.00067922 0.00107129 0.00142562 -0.00003607 -0.00071033 -0.00074089 -0.00072322
shell0_X0_Y0_Z0_mono0_fix1/shell2_X-1_Y-2_Z-1_mono0_fix1//test20tig_AVTZ// DONE 14.571058685783044 2	-0.00097224 -0.00059428 -0.00082503 0.00001543 -0.00016264 -0.00014979 -0.00015722
shell0_X0_Y0_Z0_mono0_fix1/shell2_X-1_Y2_Z-1_mono0_fix1//test20tig_AVTZ// DONE 14.600754609128417 2	-0.00089797 -0.00060780 -0.00074871 0.00001757 -0.00016683 -0.00015064 -0.00016000
shell0_X0_Y0_Z0_mono0_fix1/shell3_X0_Y2_Z-3_mono1_fix1//test20tig_AVTZ// DONE 14.614832315906765 2	-0.00082832 -0.00050158 -0.00062479 0.00003403 -0.00023756 -0.00020254 -0.00022279
shell0_X0_Y0_Z0_mono0_fix1/shell2_X-1_Y2_Z2_mono1_fix1//test20tig_AVTZ// DONE 14.614834715053357 2	-0.00081051 -0.00050154 -0.00060514 0.00001231 -0.00021768 -0.00020401 -0.00021191
shell0_X0_Y0_Z0_mono0_fix1/shell4_X-1_Y1_Z-4_mono1_fix1//test20tig_AVTZ// DONE 14.707869000789374 1	-0.00048055 -0.00012839 -0.00021390 0.00000852 -0.00027517 -0.00025612 -0.00026714
shell0_X0_Y0_Z0_mono0_fix1/shell4_X-1_Y0_Z-4_mono1_fix1//test20tig_AVTZ// DONE 14.707869020585198 1	-0.00048185 -0.00012838 -0.00021621 0.00001219 -0.00027783 -0.00025803 -0.00026948
shell0_X0_Y0_Z0_mono0_fix1/shell3_X0_Y1_Z3_mono1_fix1//test20tig_AVTZ// DONE 14.707872266198896 1	-0.00048576 -0.00012837 -0.00021568 0.00001434 -0.00028443 -0.00025865 -0.00027355
shell0_X0_Y0_Z0_mono0_fix1/shell3_X0_Y0_Z3_mono1_fix1//test20tig_AVTZ// DONE 14.707872277066322 1	-0.00048381 -0.00012839 -0.00020894 0.00000810 -0.00028298 -0.00025522 -0.00027127
shell0_X0_Y0_Z0_mono0_fix1/shell2_X-1_Y-2_Z1_mono0_fix1//test20tig_AVTZ// DONE 14.764799907068557 2	-0.00024017 0.00015819 0.00020967 -0.00000685 -0.00044298 -0.00044497 -0.00044382
shell0_X0_Y0_Z0_mono0_fix1/shell3_X-2_Y0_Z-3_mono0_fix1//test20tig_AVTZ// DONE 14.79948159907602 2	0.00013078 0.00056022 0.00072167 -0.00001247 -0.00057842 -0.00058260 -0.00058019
shell0_X0_Y0_Z0_mono0_fix1/shell2_X-1_Y2_Z1_mono0_fix1//test20tig_AVTZ// DONE 14.810869609804305 2	0.00020058 0.00051640 0.00067402 -0.00002193 -0.00045151 -0.00048661 -0.00046632
shell0_X0_Y0_Z0_mono0_fix1/shell3_X-3_Y0_Z1_mono0_fix1//test20tig_AVTZ// DONE 14.836365077938146 2	-0.00090163 -0.00059261 -0.00084253 0.00001783 -0.00007692 -0.00006989 -0.00007396
shell0_X0_Y0_Z0_mono0_fix1/shell3_X1_Y1_Z-3_mono0_fix1//test20tig_AVTZ// DONE 15.001851744848004 2	-0.00022008 0.00010071 0.00012278 -0.00000636 -0.00033649 -0.00034078 -0.00033830
shell0_X0_Y0_Z0_mono0_fix1/shell3_X-1_Y1_Z3_mono0_fix1//test20tig_AVTZ// DONE 15.032015891296195 2	-0.00007358 0.00019226 0.00028465 -0.00000817 -0.00035006 -0.00036818 -0.00035770
shell0_X0_Y0_Z0_mono0_fix1/shell4_X0_Y1_Z-4_mono1_fix1//test20tig_AVTZ// DONE 15.056582997603156 2	-0.00027690 0.00000551 0.00000384 -0.00000580 -0.00027494 -0.00027258 -0.00027394
shell0_X0_Y0_Z0_mono0_fix1/shell3_X-1_Y1_Z3_mono1_fix1//test20tig_AVTZ// DONE 15.056586226714083 2	-0.00027725 0.00000553 -0.00000266 -0.00000294 -0.00027165 -0.00027132 -0.00027151
shell0_X0_Y0_Z0_mono0_fix1/shell3_X-3_Y1_Z-3_mono1_fix1//test20tig_AVTZ// DONE 15.225568925229839 1	-0.00022732 0.00013196 0.00017432 0.00002310 -0.00042474 -0.00040019 -0.00041438
shell0_X0_Y0_Z0_mono0_fix1/shell3_X-3_Y0_Z-3_mono1_fix1//test20tig_AVTZ// DONE 15.225568944359074 1	-0.00021428 0.00013195 0.00018739 0.00000568 -0.00040735 -0.00039603 -0.00040258
shell0_X0_Y0_Z0_mono0_fix1/shell2_X2_Y1_Z2_mono1_fix1//test20tig_AVTZ// DONE 15.225571125474277 1	-0.00021325 0.00013193 0.00018716 0.00000595 -0.00040636 -0.00039781 -0.00040276
shell0_X0_Y0_Z0_mono0_fix1/shell2_X2_Y0_Z2_mono1_fix1//test20tig_AVTZ// DONE 15.225571136058868 1	-0.00022332 0.00013194 0.00017331 0.00002150 -0.00041813 -0.00040035 -0.00041063
shell0_X0_Y0_Z0_mono0_fix1/shell3_X-3_Y2_Z-1_mono1_fix1//test20tig_AVTZ// DONE 15.330218936991185 1	-0.00059033 -0.00032008 -0.00045514 0.00000262 -0.00013781 -0.00013372 -0.00013608
shell0_X0_Y0_Z0_mono0_fix1/shell3_X-3_Y-1_Z-1_mono1_fix1//test20tig_AVTZ// DONE 15.330218987860805 1	-0.00059216 -0.00032009 -0.00045522 0.00000270 -0.00013963 -0.00013130 -0.00013612
shell0_X0_Y0_Z0_mono0_fix1/shell2_X2_Y2_Z0_mono1_fix1//test20tig_AVTZ// DONE 15.330219343675227 1	-0.00060407 -0.00032009 -0.00047264 0.00002150 -0.00015293 -0.00013439 -0.00014511
shell0_X0_Y0_Z0_mono0_fix1/shell2_X2_Y-1_Z0_mono1_fix1//test20tig_AVTZ// DONE 15.330219381175105 1	-0.00059933 -0.00032008 -0.00046615 0.00001440 -0.00014758 -0.00013403 -0.00014186
shell0_X0_Y0_Z0_mono0_fix1/shell3_X3_Y1_Z0_mono0_fix1//test20tig_AVTZ// DONE 15.419560287236694 2	-0.00015636 0.00019022 0.00027532 -0.00000382 -0.00042786 -0.00041676 -0.00042318
shell0_X0_Y0_Z0_mono0_fix1/shell3_X3_Y-1_Z0_mono0_fix1//test20tig_AVTZ// DONE 15.468774368084398 2	-0.00040726 -0.00017260 -0.00025163 0.00000428 -0.00015992 -0.00014924 -0.00015541
shell0_X0_Y0_Z0_mono0_fix1/shell3_X-2_Y2_Z-3_mono1_fix1//test20tig_AVTZ// DONE 15.539943753169773 1	-0.00018392 0.00007582 0.00010815 -0.00000745 -0.00028463 -0.00029463 -0.00028885
shell0_X0_Y0_Z0_mono0_fix1/shell3_X-2_Y-1_Z-3_mono1_fix1//test20tig_AVTZ// DONE 15.539943806822265 1	-0.00019025 0.00007582 0.00010944 -0.00000479 -0.00029491 -0.00029404 -0.00029454
shell0_X0_Y0_Z0_mono0_fix1/shell2_X1_Y2_Z2_mono1_fix1//test20tig_AVTZ// DONE 15.539945950822178 1	-0.00018558 0.00007582 0.00010955 -0.00000821 -0.00028692 -0.00029261 -0.00028932
shell0_X0_Y0_Z0_mono0_fix1/shell2_X1_Y-1_Z2_mono1_fix1//test20tig_AVTZ// DONE 15.539945984331949 1	-0.00018850 0.00007582 0.00010867 -0.00000525 -0.00029192 -0.00029440 -0.00029297
shell0_X0_Y0_Z0_mono0_fix1/shell2_X2_Y2_Z-1_mono1_fix1//test20tig_AVTZ// DONE 15.569951604743169 2	-0.00072026 -0.00047061 -0.00067932 0.00003898 -0.00007992 -0.00004392 -0.00006473
shell0_X0_Y0_Z0_mono0_fix1/shell2_X2_Y-1_Z-1_mono1_fix1//test20tig_AVTZ// DONE 15.569951645390432 2	-0.00072234 -0.00047062 -0.00067939 0.00003905 -0.00008200 -0.00004115 -0.00006476
shell0_X0_Y0_Z0_mono0_fix1/shell3_X3_Y0_Z2_mono0_fix1//test20tig_AVTZ// DONE 15.592752709922282 2	-0.00017116 0.00013187 0.00017648 0.00000372 -0.00035135 -0.00034588 -0.00034905
shell0_X0_Y0_Z0_mono0_fix1/shell2_X0_Y-2_Z2_mono0_fix1//test20tig_AVTZ// DONE 15.613282823897391 2	-0.00023069 0.00004429 0.00001639 0.00003574 -0.00028282 -0.00025527 -0.00027120
shell0_X0_Y0_Z0_mono0_fix1/shell2_X0_Y2_Z2_mono0_fix1//test20tig_AVTZ// DONE 15.628134422686914 2	-0.00037788 -0.00014718 -0.00024036 0.00000297 -0.00014049 -0.00012709 -0.00013484
shell0_X0_Y0_Z0_mono0_fix1/shell3_X3_Y1_Z1_mono0_fix1//test20tig_AVTZ// DONE 15.669331298505606 2	0.00004262 0.00035879 0.00051114 -0.00001861 -0.00044991 -0.00047199 -0.00045922
shell0_X0_Y0_Z0_mono0_fix1/shell3_X3_Y-1_Z1_mono0_fix1//test20tig_AVTZ// DONE 15.712660654206568 2	-0.00064241 -0.00045624 -0.00060422 0.00000560 -0.00004379 -0.00005171 -0.00004713
shell0_X0_Y0_Z0_mono0_fix1/shell4_X-2_Y1_Z-4_mono1_fix1//test20tig_AVTZ// DONE 15.769854211071495 1	-0.00021880 0.00004044 0.00001848 0.00000668 -0.00024396 -0.00023123 -0.00023859
shell0_X0_Y0_Z0_mono0_fix1/shell4_X-2_Y0_Z-4_mono1_fix1//test20tig_AVTZ// DONE 15.769854229385077 1	-0.00021116 0.00004044 0.00002768 -0.00000379 -0.00023505 -0.00023200 -0.00023376
shell0_X0_Y0_Z0_mono0_fix1/shell3_X1_Y1_Z3_mono1_fix1//test20tig_AVTZ// DONE 15.769857224623605 1	-0.00021916 0.00004043 0.00001790 0.00000745 -0.00024451 -0.00023159 -0.00023906
shell0_X0_Y0_Z0_mono0_fix1/shell3_X1_Y0_Z3_mono1_fix1//test20tig_AVTZ// DONE 15.769857234949344 1	-0.00021589 0.00004043 0.00001998 0.00000495 -0.00024082 -0.00023337 -0.00023768
shell0_X0_Y0_Z0_mono0_fix1/shell3_X2_Y0_Z-3_mono0_fix1//test20tig_AVTZ// DONE 15.955869446300113 2	-0.00053552 -0.00036534 -0.00045683 0.00001010 -0.00008878 -0.00007530 -0.00008310
shell0_X0_Y0_Z0_mono0_fix1/shell2_X-1_Y-2_Z-2_mono0_fix1//test20tig_AVTZ// DONE 16.099963822708663 2	-0.00060039 -0.00039919 -0.00056050 0.00001368 -0.00005356 -0.00003251 -0.00004468
shell0_X0_Y0_Z0_mono0_fix1/shell2_X-1_Y2_Z-2_mono0_fix1//test20tig_AVTZ// DONE 16.115286806651564 2	-0.00039514 -0.00021836 -0.00027800 0.00000732 -0.00012446 -0.00011348 -0.00011983
shell0_X0_Y0_Z0_mono0_fix1/shell3_X-3_Y2_Z-2_mono1_fix1//test20tig_AVTZ// DONE 16.148111292290668 1	-0.00028332 -0.00007419 -0.00010696 -0.00000085 -0.00017551 -0.00017587 -0.00017566
shell0_X0_Y0_Z0_mono0_fix1/shell3_X-3_Y-1_Z-2_mono1_fix1//test20tig_AVTZ// DONE 16.148111342680064 1	-0.00028385 -0.00007420 -0.00010695 -0.00000087 -0.00017604 -0.00017514 -0.00017566
shell0_X0_Y0_Z0_mono0_fix1/shell2_X2_Y2_Z1_mono1_fix1//test20tig_AVTZ// DONE 16.148112532585934 1	-0.00030262 -0.00007420 -0.00012616 0.00002024 -0.00019670 -0.00017158 -0.00018610
shell0_X0_Y0_Z0_mono0_fix1/shell2_X2_Y-1_Z1_mono1_fix1//test20tig_AVTZ// DONE 16.148112566121075 1	-0.00028780 -0.00007419 -0.00010632 0.00000116 -0.00018265 -0.00017557 -0.00017966
shell0_X0_Y0_Z0_mono0_fix1/shell2_X-2_Y-2_Z0_mono0_fix1//test20tig_AVTZ// DONE 16.19657131788308 2	-0.00004811 0.00020975 0.00029401 -0.00000969 -0.00033244 -0.00031420 -0.00032474
shell0_X0_Y0_Z0_mono0_fix1/shell3_X-2_Y-1_Z-3_mono0_fix1//test20tig_AVTZ// DONE 16.20698451677515 2	-0.00019799 0.00004933 0.00005678 0.00001647 -0.00027125 -0.00024652 -0.00026082
shell0_X0_Y0_Z0_mono0_fix1/shell3_X-3_Y-1_Z1_mono0_fix1//test20tig_AVTZ// DONE 16.22426875876685 2	-0.00027073 -0.00004227 -0.00005566 0.00000634 -0.00022141 -0.00021424 -0.00021839
shell0_X0_Y0_Z0_mono0_fix1/shell3_X-2_Y1_Z-3_mono0_fix1//test20tig_AVTZ// DONE 16.22545885801144 2	-0.00006056 0.00014296 0.00018447 -0.00001187 -0.00023316 -0.00023943 -0.00023581
shell0_X0_Y0_Z0_mono0_fix1/shell3_X1_Y2_Z-3_mono1_fix1//test20tig_AVTZ// DONE 16.237643675274423 1	-0.00053190 -0.00037838 -0.00047717 0.00000895 -0.00006368 -0.00005252 -0.00005897
shell0_X0_Y0_Z0_mono0_fix1/shell3_X1_Y-1_Z-3_mono1_fix1//test20tig_AVTZ// DONE 16.237643722772045 1	-0.00053332 -0.00037838 -0.00047695 0.00000888 -0.00006525 -0.00005202 -0.00005967
shell0_X0_Y0_Z0_mono0_fix1/shell2_X-2_Y2_Z2_mono1_fix1//test20tig_AVTZ// DONE 16.23764585352318 1	-0.00053158 -0.00037837 -0.00047655 0.00000847 -0.00006350 -0.00005395 -0.00005947
shell0_X0_Y0_Z0_mono0_fix1/shell2_X-2_Y-1_Z2_mono1_fix1//test20tig_AVTZ// DONE 16.237645889250558 1	-0.00054743 -0.00037837 -0.00049614 0.00003000 -0.00008130 -0.00005346 -0.00006955
shell0_X0_Y0_Z0_mono0_fix1/shell2_X-2_Y2_Z0_mono0_fix1//test20tig_AVTZ// DONE 16.253063649174994 2	-0.00001702 0.00014904 0.00022355 -0.00000426 -0.00023631 -0.00024562 -0.00024024
shell0_X0_Y0_Z0_mono0_fix1/shell3_X-3_Y1_Z1_mono0_fix1//test20tig_AVTZ// DONE 16.269741392590333 2	0.00002909 0.00021634 0.00025899 -0.00000806 -0.00022184 -0.00022585 -0.00022353
shell0_X0_Y0_Z0_mono0_fix1/shell4_X0_Y0_Z-4_mono0_fix1//test20tig_AVTZ// DONE 16.347790283422473 2	-0.00039969 -0.00023253 -0.00030048 0.00001927 -0.00011848 -0.00010034 -0.00011083
shell0_X0_Y0_Z0_mono0_fix1/shell3_X2_Y1_Z-3_mono1_fix1//test20tig_AVTZ// DONE 16.39567958814046 1	0.00018800 0.00037809 0.00050680 -0.00001999 -0.00029881 -0.00031693 -0.00030645
shell0_X0_Y0_Z0_mono0_fix1/shell3_X2_Y0_Z-3_mono1_fix1//test20tig_AVTZ// DONE 16.395679603273454 1	0.00016464 0.00037808 0.00048369 0.00000844 -0.00032749 -0.00031697 -0.00032305
shell0_X0_Y0_Z0_mono0_fix1/shell3_X-3_Y1_Z2_mono1_fix1//test20tig_AVTZ// DONE 16.395681761713423 1	0.00018055 0.00037807 0.00050369 -0.00001371 -0.00030943 -0.00031687 -0.00031257
shell0_X0_Y0_Z0_mono0_fix1/shell3_X-3_Y0_Z2_mono1_fix1//test20tig_AVTZ// DONE 16.395681774054886 1	0.00018848 0.00037807 0.00051041 -0.00002222 -0.00029972 -0.00031806 -0.00030746
shell0_X0_Y0_Z0_mono0_fix1/shell2_X-1_Y-2_Z2_mono0_fix1//test20tig_AVTZ// DONE 16.45010944753709 2	0.00007717 0.00027300 0.00036640 -0.00002964 -0.00025960 -0.00028368 -0.00026976
shell0_X0_Y0_Z0_mono0_fix1/shell2_X1_Y-2_Z-2_mono0_fix1//test20tig_AVTZ// DONE 16.489701089274174 2	0.00027332 0.00045754 0.00058736 -0.00001243 -0.00030162 -0.00031153 -0.00030580
shell0_X0_Y0_Z0_mono0_fix1/shell2_X-2_Y-2_Z-1_mono0_fix1//test20tig_AVTZ// DONE 16.526428084654743 2	-0.00016639 0.00002005 0.00006069 -0.00003035 -0.00019673 -0.00022381 -0.00020816
shell0_X0_Y0_Z0_mono0_fix1/shell4_X-4_Y1_Z-1_mono1_fix1//test20tig_AVTZ// DONE 16.555903966950844 1	-0.00019773 -0.00001165 0.00000806 -0.00000446 -0.00020133 -0.00020263 -0.00020188
shell0_X0_Y0_Z0_mono0_fix1/shell4_X-4_Y0_Z-1_mono1_fix1//test20tig_AVTZ// DONE 16.555903983217547 1	-0.00020295 -0.00001165 0.00000854 -0.00000225 -0.00020924 -0.00020155 -0.00020599
shell0_X0_Y0_Z0_mono0_fix1/shell3_X3_Y1_Z0_mono1_fix1//test20tig_AVTZ// DONE 16.555904316458015 1	-0.00019558 -0.00001165 0.00000789 -0.00000436 -0.00019911 -0.00020451 -0.00020139
shell0_X0_Y0_Z0_mono0_fix1/shell3_X3_Y0_Z0_mono1_fix1//test20tig_AVTZ// DONE 16.555904327484644 1	-0.00020220 -0.00001165 0.00000841 -0.00000152 -0.00020909 -0.00020380 -0.00020686
shell0_X0_Y0_Z0_mono0_fix1/shell2_X2_Y-2_Z1_mono0_fix1//test20tig_AVTZ// DONE 16.57343671801886 2	-0.00036824 -0.00024559 -0.00029621 0.00000721 -0.00007925 -0.00008595 -0.00008208
shell0_X0_Y0_Z0_mono0_fix1/shell4_X-1_Y0_Z-4_mono0_fix1//test20tig_AVTZ// DONE 16.63752219189112 2	-0.00014630 0.00002056 0.00003061 -0.00000782 -0.00016910 -0.00016953 -0.00016928
shell0_X0_Y0_Z0_mono0_fix1/shell3_X3_Y0_Z-2_mono0_fix1//test20tig_AVTZ// DONE 16.692377424344517 2	-0.00043157 -0.00029938 -0.00041216 0.00000645 -0.00002586 -0.00003247 -0.00002865
shell0_X0_Y0_Z0_mono0_fix1/shell4_X1_Y1_Z-4_mono1_fix1//test20tig_AVTZ// DONE 16.72412479845399 1	0.00002850 0.00019403 0.00025494 0.00000236 -0.00022880 -0.00022426 -0.00022688
shell0_X0_Y0_Z0_mono0_fix1/shell4_X1_Y0_Z-4_mono1_fix1//test20tig_AVTZ// DONE 16.724124814648594 1	0.00003181 0.00019404 0.00025961 -0.00000368 -0.00022412 -0.00022358 -0.00022389
shell0_X0_Y0_Z0_mono0_fix1/shell3_X-2_Y1_Z3_mono1_fix1//test20tig_AVTZ// DONE 16.724127733673054 1	0.00004177 0.00019404 0.00027051 -0.00001538 -0.00021336 -0.00022379 -0.00021776
shell0_X0_Y0_Z0_mono0_fix1/shell3_X-2_Y0_Z3_mono1_fix1//test20tig_AVTZ// DONE 16.724127744402512 1	0.00003920 0.00019404 0.00026720 -0.00001123 -0.00021677 -0.00022481 -0.00022016
shell0_X0_Y0_Z0_mono0_fix1/shell2_X2_Y2_Z-2_mono1_fix1//test20tig_AVTZ// DONE 16.819852895206044 1	-0.00044935 -0.00031362 -0.00041975 0.00000676 -0.00003637 -0.00002358 -0.00003097
shell0_X0_Y0_Z0_mono0_fix1/shell2_X2_Y-1_Z-2_mono1_fix1//test20tig_AVTZ// DONE 16.819852936202597 1	-0.00044486 -0.00031363 -0.00042047 0.00000474 -0.00002913 -0.00002275 -0.00002644
shell0_X0_Y0_Z0_mono0_fix1/shell3_X-3_Y2_Z1_mono1_fix1//test20tig_AVTZ// DONE 16.819854186560722 1	-0.00044498 -0.00031364 -0.00041969 0.00000391 -0.00002920 -0.00002278 -0.00002649
shell0_X0_Y0_Z0_mono0_fix1/shell3_X-3_Y-1_Z1_mono1_fix1//test20tig_AVTZ// DONE 16.819854225967656 1	-0.00044913 -0.00031363 -0.00041937 0.00000632 -0.00003608 -0.00002335 -0.00003071
shell0_X0_Y0_Z0_mono0_fix1/shell3_X3_Y1_Z-1_mono1_fix1//test20tig_AVTZ// DONE 16.865244728118874 2	-0.00007341 0.00011058 0.00013161 0.00001502 -0.00022005 -0.00020801 -0.00021497
shell0_X0_Y0_Z0_mono0_fix1/shell3_X3_Y0_Z-1_mono1_fix1//test20tig_AVTZ// DONE 16.86524473999244 2	-0.00005813 0.00011058 0.00015022 -0.00000559 -0.00020276 -0.00020719 -0.00020463
shell0_X0_Y0_Z0_mono0_fix1/shell2_X-2_Y-2_Z1_mono0_fix1//test20tig_AVTZ// DONE 16.874626764865713 2	0.00010160 0.00027929 0.00040141 -0.00003638 -0.00026343 -0.00029078 -0.00027497
shell0_X0_Y0_Z0_mono0_fix1/shell3_X-1_Y3_Z-1_mono1_fix1//test20tig_AVTZ// DONE 16.886708034604982 2	0.00020561 0.00038316 0.00049932 -0.00000747 -0.00028624 -0.00029688 -0.00029073
shell0_X0_Y0_Z0_mono0_fix1/shell2_X-1_Y-2_Z-1_mono1_fix1//test20tig_AVTZ// DONE 16.886708104536137 2	0.00020448 0.00038317 0.00050828 -0.00001326 -0.00029055 -0.00029588 -0.00029280
shell0_X0_Y0_Z0_mono0_fix1/shell3_X-3_Y-1_Z-2_mono0_fix1//test20tig_AVTZ// DONE 16.928006948810463 2	0.00008126 0.00028188 0.00039182 -0.00000959 -0.00030096 -0.00031085 -0.00030514
shell0_X0_Y0_Z0_mono0_fix1/shell3_X0_Y3_Z-1_mono1_fix1//test20tig_AVTZ// DONE 16.93026570708809 2	0.00012403 0.00029676 0.00039093 -0.00000418 -0.00026272 -0.00026489 -0.00026363
shell0_X0_Y0_Z0_mono0_fix1/shell2_X0_Y-2_Z-1_mono1_fix1//test20tig_AVTZ// DONE 16.930265774953295 2	0.00012872 0.00029676 0.00039680 -0.00001141 -0.00025667 -0.00026321 -0.00025943
shell0_X0_Y0_Z0_mono0_fix1/shell2_X-2_Y2_Z1_mono0_fix1//test20tig_AVTZ// DONE 16.930395445637572 2	0.00036670 0.00051847 0.00068792 -0.00001633 -0.00030489 -0.00033150 -0.00031611
shell0_X0_Y0_Z0_mono0_fix1/shell3_X3_Y-1_Z2_mono0_fix1//test20tig_AVTZ// DONE 16.959525324251047 2	-0.00036217 -0.00023314 -0.00030029 0.00000224 -0.00006411 -0.00006301 -0.00006365
shell0_X0_Y0_Z0_mono0_fix1/shell4_X-4_Y1_Z-2_mono1_fix1//test20tig_AVTZ// DONE 17.23159550899095 1	-0.00016526 -0.00002038 0.00000347 -0.00000375 -0.00016498 -0.00016944 -0.00016686
shell0_X0_Y0_Z0_mono0_fix1/shell4_X-4_Y0_Z-2_mono1_fix1//test20tig_AVTZ// DONE 17.231595525132125 1	-0.00016616 -0.00002038 0.00000392 -0.00000418 -0.00016589 -0.00016894 -0.00016718
shell0_X0_Y0_Z0_mono0_fix1/shell3_X3_Y1_Z1_mono1_fix1//test20tig_AVTZ// DONE 17.231596641369453 1	-0.00016643 -0.00002039 0.00000427 -0.00000460 -0.00016610 -0.00016804 -0.00016692
shell0_X0_Y0_Z0_mono0_fix1/shell3_X3_Y0_Z1_mono1_fix1//test20tig_AVTZ// DONE 17.231596651462336 1	-0.00017980 -0.00002039 -0.00001304 0.00001428 -0.00018105 -0.00016843 -0.00017573
shell0_X0_Y0_Z0_mono0_fix1/shell3_X-2_Y-1_Z3_mono0_fix1//test20tig_AVTZ// DONE 17.257440564519097 2	-0.00022773 -0.00010062 -0.00013491 0.00000327 -0.00009610 -0.00009589 -0.00009601
shell0_X0_Y0_Z0_mono0_fix1/shell3_X2_Y-1_Z-3_mono0_fix1//test20tig_AVTZ// DONE 17.288923436234775 2	0.00013294 0.00025588 0.00035311 -0.00000978 -0.00021039 -0.00022171 -0.00021517
shell0_X0_Y0_Z0_mono0_fix1/shell4_X1_Y0_Z-4_mono0_fix1//test20tig_AVTZ// DONE 17.331446415940594 2	-0.00034375 -0.00024929 -0.00030020 0.00000170 -0.00004525 -0.00004122 -0.00004355
shell0_X0_Y0_Z0_mono0_fix1/shell4_X-1_Y2_Z-4_mono1_fix1//test20tig_AVTZ// DONE 17.435403948809842 1	-0.00020858 -0.00009324 -0.00011024 0.00000058 -0.00009892 -0.00008953 -0.00009496
shell0_X0_Y0_Z0_mono0_fix1/shell4_X-1_Y-1_Z-4_mono1_fix1//test20tig_AVTZ// DONE 17.435403996127395 1	-0.00019998 -0.00009323 -0.00010817 -0.00000343 -0.00008838 -0.00009466 -0.00009103
shell0_X0_Y0_Z0_mono0_fix1/shell3_X0_Y2_Z3_mono1_fix1//test20tig_AVTZ// DONE 17.43540671803995 1	-0.00021074 -0.00009323 -0.00011011 0.00000377 -0.00010440 -0.00009417 -0.00010009
shell0_X0_Y0_Z0_mono0_fix1/shell3_X0_Y-1_Z3_mono1_fix1//test20tig_AVTZ// DONE 17.43540674830702 1	-0.00020554 -0.00009323 -0.00011004 0.00000034 -0.00009583 -0.00009343 -0.00009482
shell0_X0_Y0_Z0_mono0_fix1/shell4_X0_Y1_Z-4_mono0_fix1//test20tig_AVTZ// DONE 17.631886911598325 2	-0.00001424 0.00012253 0.00011888 0.00001994 -0.00015306 -0.00015083 -0.00015212
shell0_X0_Y0_Z0_mono0_fix1/shell4_X0_Y-1_Z-4_mono0_fix1//test20tig_AVTZ// DONE 17.64206158009006 2	-0.00031530 -0.00023044 -0.00028472 -0.00000162 -0.00002896 -0.00002861 -0.00002881
shell0_X0_Y0_Z0_mono0_fix1/shell4_X0_Y2_Z-4_mono1_fix1//test20tig_AVTZ// DONE 17.728157860131727 1	-0.00026869 -0.00016431 -0.00021369 0.00001918 -0.00007418 -0.00005570 -0.00006638
shell0_X0_Y0_Z0_mono0_fix1/shell4_X0_Y-1_Z-4_mono1_fix1//test20tig_AVTZ// DONE 17.72815790574649 1	-0.00026202 -0.00016431 -0.00020521 0.00001022 -0.00006703 -0.00005505 -0.00006198
shell0_X0_Y0_Z0_mono0_fix1/shell3_X-1_Y2_Z3_mono1_fix1//test20tig_AVTZ// DONE 17.728160609541657 1	-0.00025616 -0.00016430 -0.00019700 0.00000097 -0.00006013 -0.00005456 -0.00005778
shell0_X0_Y0_Z0_mono0_fix1/shell3_X-1_Y-1_Z3_mono1_fix1//test20tig_AVTZ// DONE 17.728160640177656 1	-0.00026011 -0.00016430 -0.00020302 0.00000772 -0.00006481 -0.00005500 -0.00006067
shell0_X0_Y0_Z0_mono0_fix1/shell3_X-1_Y3_Z-2_mono1_fix1//test20tig_AVTZ// DONE 17.798415795880207 1	0.00008628 0.00021319 0.00029186 -0.00000421 -0.00020138 -0.00019896 -0.00020036
shell0_X0_Y0_Z0_mono0_fix1/shell2_X-1_Y-2_Z-2_mono1_fix1//test20tig_AVTZ// DONE 17.798415865688316 1	0.00009392 0.00021319 0.00029228 -0.00000848 -0.00018989 -0.00020034 -0.00019430
shell0_X0_Y0_Z0_mono0_fix1/shell3_X0_Y3_Z1_mono1_fix1//test20tig_AVTZ// DONE 17.798416963063172 1	0.00007716 0.00021320 0.00027362 0.00001212 -0.00020858 -0.00019905 -0.00020456
shell0_X0_Y0_Z0_mono0_fix1/shell2_X0_Y-2_Z1_mono1_fix1//test20tig_AVTZ// DONE 17.798417019918144 1	0.00008893 0.00021320 0.00028840 -0.00000421 -0.00019526 -0.00019919 -0.00019692
shell0_X0_Y0_Z0_mono0_fix1/shell2_X-2_Y-2_Z-2_mono0_fix1//test20tig_AVTZ// DONE 17.807696100392644 2	-0.00020676 -0.00008214 -0.00012838 0.00001301 -0.00009139 -0.00009313 -0.00009213
shell0_X0_Y0_Z0_mono0_fix1/shell3_X-3_Y0_Z-3_mono0_fix1//test20tig_AVTZ// DONE 17.81110250844444 2	0.00005692 0.00018542 0.00025509 -0.00001596 -0.00018221 -0.00019716 -0.00018852
shell0_X0_Y0_Z0_mono0_fix1/shell2_X2_Y-2_Z2_mono0_fix1//test20tig_AVTZ// DONE 17.84036279195925 2	-0.00028848 -0.00020309 -0.00024375 0.00000223 -0.00004696 -0.00003631 -0.00004246
shell0_X0_Y0_Z0_mono0_fix1/shell3_X-3_Y2_Z-3_mono1_fix1//test20tig_AVTZ// DONE 17.87976960789148 1	-0.00010020 0.00001677 0.00002159 -0.00000044 -0.00012135 -0.00011930 -0.00012049
shell0_X0_Y0_Z0_mono0_fix1/shell3_X-3_Y-1_Z-3_mono1_fix1//test20tig_AVTZ// DONE 17.879769653872753 1	-0.00010219 0.00001677 0.00002163 -0.00000050 -0.00012331 -0.00011651 -0.00012045
shell0_X0_Y0_Z0_mono0_fix1/shell2_X2_Y2_Z2_mono1_fix1//test20tig_AVTZ// DONE 17.879771493198973 1	-0.00009043 0.00001676 0.00002159 -0.00000705 -0.00010496 -0.00011730 -0.00011017
shell0_X0_Y0_Z0_mono0_fix1/shell2_X2_Y-1_Z2_mono1_fix1//test20tig_AVTZ// DONE 17.87977152299502 1	-0.00010176 0.00001677 0.00002169 -0.00000054 -0.00012291 -0.00011707 -0.00012045
shell0_X0_Y0_Z0_mono0_fix1/shell4_X-1_Y-1_Z-4_mono0_fix1//test20tig_AVTZ// DONE 17.9067560109396 2	-0.00029649 -0.00020142 -0.00028098 0.00001678 -0.00003229 -0.00002957 -0.00003114
shell0_X0_Y0_Z0_mono0_fix1/shell4_X-1_Y1_Z-4_mono0_fix1//test20tig_AVTZ// DONE 17.90752430110886 2	0.00007166 0.00018828 0.00024256 -0.00001413 -0.00015677 -0.00016161 -0.00015881
shell0_X0_Y0_Z0_mono0_fix1/shell3_X0_Y3_Z-2_mono1_fix1//test20tig_AVTZ// DONE 17.921843681770326 1	-0.00004351 0.00006581 0.00009648 0.00000031 -0.00014030 -0.00013854 -0.00013956
shell0_X0_Y0_Z0_mono0_fix1/shell2_X0_Y-2_Z-2_mono1_fix1//test20tig_AVTZ// DONE 17.92184374946378 1	-0.00003978 0.00006581 0.00009137 0.00000140 -0.00013255 -0.00013633 -0.00013414
shell0_X0_Y0_Z0_mono0_fix1/shell3_X-1_Y3_Z1_mono1_fix1//test20tig_AVTZ// DONE 17.921844859568285 2	-0.00003843 0.00006582 0.00010092 -0.00000451 -0.00013484 -0.00013929 -0.00013672
shell0_X0_Y0_Z0_mono0_fix1/shell3_X-3_Y-1_Z2_mono0_fix1//test20tig_AVTZ// DONE 17.938737430356248 2	-0.00021654 -0.00010980 -0.00013435 -0.00000336 -0.00007884 -0.00007183 -0.00007588
shell0_X0_Y0_Z0_mono0_fix1/shell3_X-3_Y1_Z2_mono0_fix1//test20tig_AVTZ// DONE 17.97478024579154 2	0.00011980 0.00021808 0.00027464 -0.00000914 -0.00014570 -0.00016592 -0.00015423
shell0_X0_Y0_Z0_mono0_fix1/shell4_X-3_Y1_Z-4_mono1_fix1//test20tig_AVTZ// DONE 17.998901006050314 1	-0.00006287 0.00006668 0.00007937 0.00000892 -0.00015116 -0.00013792 -0.00014558
shell0_X0_Y0_Z0_mono0_fix1/shell4_X-3_Y0_Z-4_mono1_fix1//test20tig_AVTZ// DONE 17.99890102180382 1	-0.00006408 0.00006668 0.00007938 0.00000890 -0.00015236 -0.00013625 -0.00014556
shell0_X0_Y0_Z0_mono0_fix1/shell3_X2_Y1_Z3_mono1_fix1//test20tig_AVTZ// DONE 17.99890362628945 1	-0.00004984 0.00006667 0.00008928 -0.00000517 -0.00013394 -0.00013700 -0.00013523
shell0_X0_Y0_Z0_mono0_fix1/shell3_X2_Y0_Z3_mono1_fix1//test20tig_AVTZ// DONE 17.998903635637554 1	-0.00005434 0.00006667 0.00008436 0.00000023 -0.00013893 -0.00013768 -0.00013840
shell0_X0_Y0_Z0_mono0_fix1/shell3_X-2_Y3_Z-1_mono1_fix1//test20tig_AVTZ// DONE 18.067309350675327 2	0.00000805 0.00012180 0.00015005 -0.00000240 -0.00013960 -0.00013793 -0.00013890
shell0_X0_Y0_Z0_mono0_fix1/shell2_X-2_Y-2_Z-1_mono1_fix1//test20tig_AVTZ// DONE 18.067309417429374 2	0.00001315 0.00012180 0.00015367 -0.00000643 -0.00013408 -0.00013941 -0.00013633
shell0_X0_Y0_Z0_mono0_fix1/shell3_X0_Y-2_Z3_mono0_fix1//test20tig_AVTZ// DONE 18.068303457005015 2	0.00003583 0.00014178 0.00018354 -0.00001224 -0.00013547 -0.00014407 -0.00013910
shell0_X0_Y0_Z0_mono0_fix1/shell3_X0_Y-2_Z-3_mono0_fix1//test20tig_AVTZ// DONE 18.08257186051416 2	-0.00016168 -0.00007658 -0.00011249 -0.00000407 -0.00004512 -0.00005000 -0.00004718
shell0_X0_Y0_Z0_mono0_fix1/shell3_X3_Y1_Z-2_mono1_fix1//test20tig_AVTZ// DONE 18.10682468979288 1	0.00006938 0.00018201 0.00024190 -0.00000972 -0.00016279 -0.00016382 -0.00016323
shell0_X0_Y0_Z0_mono0_fix1/shell3_X3_Y0_Z-2_mono1_fix1//test20tig_AVTZ// DONE 18.106824701906323 1	0.00007180 0.00018201 0.00024205 -0.00000990 -0.00016035 -0.00016695 -0.00016314
shell0_X0_Y0_Z0_mono0_fix1/shell4_X-4_Y1_Z1_mono1_fix1//test20tig_AVTZ// DONE 18.106825905772144 1	0.00007011 0.00018199 0.00024218 -0.00001007 -0.00016201 -0.00016447 -0.00016305
shell0_X0_Y0_Z0_mono0_fix1/shell4_X-4_Y0_Z1_mono1_fix1//test20tig_AVTZ// DONE 18.106825918564716 1	0.00007164 0.00018200 0.00024221 -0.00001009 -0.00016047 -0.00016654 -0.00016303
shell0_X0_Y0_Z0_mono0_fix1/shell4_X-2_Y0_Z-4_mono0_fix1//test20tig_AVTZ// DONE 18.143504622870825 2	0.00004726 0.00015501 0.00020764 -0.00001515 -0.00014523 -0.00015857 -0.00015086
shell0_X0_Y0_Z0_mono0_fix1/shell3_X1_Y3_Z-1_mono1_fix1//test20tig_AVTZ// DONE 18.18887037728976 2	-0.00009364 -0.00000092 -0.00000194 -0.00000645 -0.00008525 -0.00008917 -0.00008690
shell0_X0_Y0_Z0_mono0_fix1/shell2_X1_Y-2_Z-1_mono1_fix1//test20tig_AVTZ// DONE 18.1888704385797 2	-0.00009999 -0.00000092 -0.00000903 0.00000125 -0.00009221 -0.00008958 -0.00009110
shell0_X0_Y0_Z0_mono0_fix1/shell4_X-2_Y2_Z-4_mono1_fix1//test20tig_AVTZ// DONE 18.342637662826256 1	-0.00008982 0.00000040 0.00000620 -0.00000369 -0.00009234 -0.00009623 -0.00009398
shell0_X0_Y0_Z0_mono0_fix1/shell4_X-2_Y-1_Z-4_mono1_fix1//test20tig_AVTZ// DONE 18.342637707864537 1	-0.00009119 0.00000041 0.00000690 -0.00000446 -0.00009363 -0.00009240 -0.00009311
shell0_X0_Y0_Z0_mono0_fix1/shell3_X1_Y2_Z3_mono1_fix1//test20tig_AVTZ// DONE 18.342640269440327 1	-0.00009888 0.00000041 -0.00000304 0.00000689 -0.00010272 -0.00009406 -0.00009907
shell0_X0_Y0_Z0_mono0_fix1/shell3_X1_Y-1_Z3_mono1_fix1//test20tig_AVTZ// DONE 18.342640298206202 1	-0.00009648 0.00000041 0.00000604 -0.00000011 -0.00010242 -0.00009543 -0.00009947
shell0_X0_Y0_Z0_mono0_fix1/shell3_X1_Y2_Z3_mono0_fix1//test20tig_AVTZ// DONE 18.416614944968845 2	-0.00028036 -0.00020689 -0.00028140 -0.00000331 0.00000435 0.00000159 0.00000318
shell0_X0_Y0_Z0_mono0_fix1/shell3_X-1_Y2_Z-3_mono0_fix1//test20tig_AVTZ// DONE 18.42241701629805 2	-0.00006194 0.00002736 0.00003937 -0.00000551 -0.00009580 -0.00009213 -0.00009425
shell0_X0_Y0_Z0_mono0_fix1/shell2_X2_Y2_Z-2_mono0_fix1//test20tig_AVTZ// DONE 18.448130036498895 2	0.00005735 0.00018483 0.00020916 0.00002099 -0.00017280 -0.00016727 -0.00017046
shell0_X0_Y0_Z0_mono0_fix1/shell2_X2_Y-2_Z-2_mono0_fix1//test20tig_AVTZ// DONE 18.49526349966686 2	0.00034220 0.00043675 0.00058695 -0.00002165 -0.00022310 -0.00024224 -0.00023118
shell0_X0_Y0_Z0_mono0_fix1/shell4_X-1_Y-1_Z4_mono0_fix1//test20tig_AVTZ// DONE 18.54260717401357 2	-0.00008463 -0.00000656 -0.00000043 -0.00000864 -0.00007556 -0.00007903 -0.00007702
shell0_X0_Y0_Z0_mono0_fix1/shell4_X-4_Y0_Z0_mono0_fix1//test20tig_AVTZ// DONE 18.55807330425707 2	-0.00027641 -0.00018751 -0.00028083 0.00001910 -0.00001468 -0.00000621 -0.00001111
shell0_X0_Y0_Z0_mono0_fix1/shell4_X1_Y-1_Z-4_mono0_fix1//test20tig_AVTZ// DONE 18.56076474560414 2	-0.00013327 -0.00005598 -0.00006952 0.00001174 -0.00007550 -0.00006523 -0.00007117