shell0_X0_Y0_Z0_mono0_fix1/shell1_X0_Y0_Z1_mono0_fix1//test20tig_AVTZ// DONE 4.38165304261412 2  	-0.96401174 -0.42850630 0.66001900 -0.15277620 -1.47125454 -1.39970600 -1.44107000
shell0_X0_Y0_Z0_mono0_fix1/shell1_X-1_Y1_Z-1_mono1_fix1//test20tig_AVTZ// DONE 4.689718751012225 1	-0.64034829 -0.13903720 0.75550050 -0.13230460 -1.26354419 -1.20843500 -1.24029500
shell0_X0_Y0_Z0_mono0_fix1/shell1_X-1_Y0_Z-1_mono1_fix1//test20tig_AVTZ// DONE 4.689718793492955 1	-0.64034760 -0.13903880 0.75549860 -0.13230520 -1.26354100 -1.20843700 -1.24029400
shell0_X0_Y0_Z0_mono0_fix1/shell1_X0_Y1_Z0_mono1_fix1//test20tig_AVTZ// DONE 4.689720349898126 1	-0.64034530 -0.13903940 0.75550480 -0.13230810 -1.26354200 -1.20843800 -1.24029500
shell0_X0_Y0_Z0_mono0_fix1/shell0_X0_Y0_Z0_mono1_fix1//test20tig_AVTZ// DONE 4.689720404504576 1	-0.64034227 -0.13903790 0.75550630 -0.13230930 -1.26353927 -1.20843700 -1.24029300
shell0_X0_Y0_Z0_mono0_fix1/shell1_X-1_Y0_Z0_mono0_fix1//test20tig_AVTZ// DONE 4.8542918473850225 2	-0.66070363 -0.24096190 0.51699710 -0.12292130 -1.05477943 -1.00129100 -1.03221400
shell0_X0_Y0_Z0_mono0_fix1/shell1_X0_Y1_Z-1_mono1_fix1//test20tig_AVTZ// DONE 4.879875191366439 1	-0.66109921 -0.43594570 0.27514380 -0.07632637 -0.85991664 -0.80951110 -0.83865180
shell0_X0_Y0_Z0_mono0_fix1/shell1_X0_Y0_Z-1_mono1_fix1//test20tig_AVTZ// DONE 4.879875284071528 1	-0.66110057 -0.43595060 0.27514410 -0.07632735 -0.85991732 -0.80951300 -0.83865300
shell0_X0_Y0_Z0_mono0_fix1/shell1_X-1_Y0_Z0_mono1_fix1//test20tig_AVTZ// DONE 4.879876783261088 1	-0.66108116 -0.43594440 0.27515750 -0.07634357 -0.85989509 -0.80950720 -0.83863770
shell0_X0_Y0_Z0_mono0_fix1/shell1_X-1_Y1_Z0_mono1_fix1//test20tig_AVTZ// DONE 4.879876784204481 1	-0.66108702 -0.43594920 0.27515400 -0.07634013 -0.85990089 -0.80950850 -0.83864160
shell0_X0_Y0_Z0_mono0_fix1/shell1_X-1_Y0_Z-1_mono0_fix1//test20tig_AVTZ// DONE 6.064820747978854 2	-0.15330179 -0.07263223 0.23927190 -0.05732647 -0.33524722 -0.33907650 -0.33686270
shell0_X0_Y0_Z0_mono0_fix1/shell1_X-1_Y0_Z1_mono0_fix1//test20tig_AVTZ// DONE 6.602802553139406 2	-0.09188348 -0.05405288 -0.03559049 -0.00311618 -0.05317681 -0.05228394 -0.05280013
shell0_X0_Y0_Z0_mono0_fix1/shell1_X0_Y-1_Z0_mono0_fix1//test20tig_AVTZ// DONE 6.810811507043177 2	-0.09025464 -0.05520520 -0.04346756 -0.00280365 -0.04398343 -0.04297901 -0.04355969
shell0_X0_Y0_Z0_mono0_fix1/shell2_X-1_Y1_Z-2_mono1_fix1//test20tig_AVTZ// DONE 7.324543867648097 1	-0.04000196 -0.01003170 -0.00259180 -0.00202959 -0.03538057 -0.03540444 -0.03539064
shell0_X0_Y0_Z0_mono0_fix1/shell2_X-1_Y0_Z-2_mono1_fix1//test20tig_AVTZ// DONE 7.324543907536211 1	-0.04000188 -0.01003136 -0.00259139 -0.00202957 -0.03538092 -0.03540453 -0.03539088
shell0_X0_Y0_Z0_mono0_fix1/shell1_X0_Y1_Z1_mono1_fix1//test20tig_AVTZ// DONE 7.324546685996958 1	-0.03999838 -0.01003141 -0.00258605 -0.00203344 -0.03537889 -0.03540392 -0.03538945
shell0_X0_Y0_Z0_mono0_fix1/shell1_X0_Y0_Z1_mono1_fix1//test20tig_AVTZ// DONE 7.3245467079324795 1	-0.03999965 -0.01003175 -0.00258648 -0.00203344 -0.03537973 -0.03540384 -0.03538990
shell0_X0_Y0_Z0_mono0_fix1/shell2_X0_Y1_Z-2_mono1_fix1//test20tig_AVTZ// DONE 7.64669015623292 1	-0.02744239 -0.00794666 -0.00523874 -0.00063235 -0.02157131 -0.02149686 -0.02153990
shell0_X0_Y0_Z0_mono0_fix1/shell2_X0_Y0_Z-2_mono1_fix1//test20tig_AVTZ// DONE 7.646690203091246 1	-0.02744578 -0.00794655 -0.00523881 -0.00063166 -0.02157531 -0.02149242 -0.02154034
shell0_X0_Y0_Z0_mono0_fix1/shell1_X-1_Y1_Z1_mono1_fix1//test20tig_AVTZ// DONE 7.64669296991229 1	-0.02742893 -0.00794628 -0.00522695 -0.00064378 -0.02155820 -0.02150356 -0.02153515
shell0_X0_Y0_Z0_mono0_fix1/shell1_X-1_Y0_Z1_mono1_fix1//test20tig_AVTZ// DONE 7.646692981710969 1	-0.02743364 -0.00794640 -0.00523824 -0.00063242 -0.02156298 -0.02150808 -0.02153982
shell0_X0_Y0_Z0_mono0_fix1/shell1_X0_Y-1_Z1_mono0_fix1//test20tig_AVTZ// DONE 7.918115177639053 2	-0.02065540 -0.00150212 0.00076340 -0.00072211 -0.02069668 -0.02069293 -0.02069510
shell0_X0_Y0_Z0_mono0_fix1/shell2_X-2_Y1_Z-1_mono1_fix1//test20tig_AVTZ// DONE 7.9370587750867125 1	-0.02921368 -0.00758250 -0.00521406 -0.00087284 -0.02312678 -0.02306612 -0.02310119
shell0_X0_Y0_Z0_mono0_fix1/shell2_X-2_Y0_Z-1_mono1_fix1//test20tig_AVTZ// DONE 7.937058818163156 1	-0.02920917 -0.00758290 -0.00520906 -0.00087676 -0.02312334 -0.02306702 -0.02309958
shell0_X0_Y0_Z0_mono0_fix1/shell1_X1_Y1_Z0_mono1_fix1//test20tig_AVTZ// DONE 7.937059651198265 1	-0.02919828 -0.00758293 -0.00520949 -0.00087766 -0.02311112 -0.02308312 -0.02309931
shell0_X0_Y0_Z0_mono0_fix1/shell1_X1_Y0_Z0_mono1_fix1//test20tig_AVTZ// DONE 7.937059665509641 1	-0.02919964 -0.00758252 -0.00521271 -0.00087387 -0.02311306 -0.02308352 -0.02310060
shell0_X0_Y0_Z0_mono0_fix1/shell1_X0_Y-1_Z-1_mono0_fix1//test20tig_AVTZ// DONE 7.94785401225415 2	-0.02023770 -0.00356355 -0.00405751 -0.00040901 -0.01577118 -0.01569839 -0.01574047
shell0_X0_Y0_Z0_mono0_fix1/shell1_X-1_Y-1_Z0_mono0_fix1//test20tig_AVTZ// DONE 8.165893982210708 2	-0.01832918 0.00300995 0.01089531 -0.00139448 -0.02783001 -0.02807983 -0.02793540
shell0_X0_Y0_Z0_mono0_fix1/shell1_X1_Y1_Z-1_mono1_fix1//test20tig_AVTZ// DONE 8.232858600601466 1	-0.01861612 -0.00319905 -0.00229864 -0.00042045 -0.01589703 -0.01583926 -0.01587266
shell0_X0_Y0_Z0_mono0_fix1/shell1_X1_Y0_Z-1_mono1_fix1//test20tig_AVTZ// DONE 8.232858625612328 1	-0.01861649 -0.00319934 -0.00229909 -0.00042030 -0.01589710 -0.01583921 -0.01587268
shell0_X0_Y0_Z0_mono0_fix1/shell2_X-2_Y1_Z0_mono1_fix1//test20tig_AVTZ// DONE 8.232859489005401 1	-0.01862488 -0.00319949 -0.00230014 -0.00041896 -0.01590578 -0.01582896 -0.01587337
shell0_X0_Y0_Z0_mono0_fix1/shell2_X-2_Y0_Z0_mono1_fix1//test20tig_AVTZ// DONE 8.232859518875284 1	-0.01862425 -0.00319921 -0.00229912 -0.00041989 -0.01590525 -0.01582900 -0.01587308
shell0_X0_Y0_Z0_mono0_fix1/shell1_X-1_Y1_Z0_mono0_fix1//test20tig_AVTZ// DONE 8.27527950048686 2	-0.00675475 0.00405775 0.00824293 -0.00034893 -0.01464875 -0.01479446 -0.01471022
shell0_X0_Y0_Z0_mono0_fix1/shell2_X0_Y0_Z2_mono0_fix1//test20tig_AVTZ// DONE 8.293258355384793 2	-0.02048339 -0.00784173 -0.00925670 0.00006089 -0.01128758 -0.01106794 -0.01119492
shell0_X0_Y0_Z0_mono0_fix1/shell1_X-1_Y-1_Z-1_mono0_fix1//test20tig_AVTZ// DONE 8.971985427673124 2	-0.01394645 -0.00280064 -0.00357912 0.00002285 -0.01039018 -0.01024810 -0.01033024
shell0_X0_Y0_Z0_mono0_fix1/shell1_X-1_Y1_Z-1_mono0_fix1//test20tig_AVTZ// DONE 9.035177165497887 2	-0.01308796 -0.00606030 -0.00755976 0.00022128 -0.00574948 -0.00554121 -0.00566161
shell0_X0_Y0_Z0_mono0_fix1/shell2_X-1_Y0_Z-2_mono0_fix1//test20tig_AVTZ// DONE 9.153763844015145 2	-0.00391521 0.00514994 0.00742844 -0.00039016 -0.01095349 -0.01120145 -0.01105810
shell0_X0_Y0_Z0_mono0_fix1/shell1_X-1_Y-1_Z1_mono0_fix1//test20tig_AVTZ// DONE 9.295490539077504 2	-0.00229659 0.00658163 0.00979149 -0.00052561 -0.01156247 -0.01190312 -0.01170618
shell0_X0_Y0_Z0_mono0_fix1/shell2_X-2_Y0_Z0_mono0_fix1//test20tig_AVTZ// DONE 9.361506889970096 2	-0.01284969 -0.00526715 -0.00789735 0.00014441 -0.00509676 -0.00494512 -0.00503279
shell0_X0_Y0_Z0_mono0_fix1/shell1_X-1_Y1_Z1_mono0_fix1//test20tig_AVTZ// DONE 9.387373487374097 2	0.00645072 0.01177121 0.01694846 -0.00047460 -0.01002314 -0.01030557 -0.01014229
shell0_X0_Y0_Z0_mono0_fix1/shell2_X-2_Y1_Z-2_mono1_fix1//test20tig_AVTZ// DONE 9.573570512557703 1	-0.00646775 0.00045589 0.00112123 -0.00008491 -0.00750407 -0.00755031 -0.00752358
shell0_X0_Y0_Z0_mono0_fix1/shell2_X-2_Y0_Z-2_mono1_fix1//test20tig_AVTZ// DONE 9.573570545117207 1	-0.00647447 0.00045577 0.00112057 -0.00008428 -0.00751076 -0.00754171 -0.00752382
shell0_X0_Y0_Z0_mono0_fix1/shell1_X1_Y1_Z1_mono1_fix1//test20tig_AVTZ// DONE 9.573572628954876 1	-0.00647942 0.00045564 0.00111133 -0.00007603 -0.00751472 -0.00754372 -0.00752696
shell0_X0_Y0_Z0_mono0_fix1/shell1_X1_Y0_Z1_mono1_fix1//test20tig_AVTZ// DONE 9.573572643884125 1	-0.00646655 0.00045575 0.00112780 -0.00009158 -0.00750278 -0.00754451 -0.00752038
shell0_X0_Y0_Z0_mono0_fix1/shell2_X-1_Y0_Z2_mono0_fix1//test20tig_AVTZ// DONE 9.80780491502408 2	-0.00823418 -0.00421029 -0.00525369 0.00008786 -0.00306835 -0.00299118 -0.00303579
shell0_X0_Y0_Z0_mono0_fix1/shell2_X-2_Y0_Z-1_mono0_fix1//test20tig_AVTZ// DONE 9.903259070833585 2	-0.00654463 -0.00079409 -0.00081858 -0.00000861 -0.00571745 -0.00565998 -0.00569320
shell0_X0_Y0_Z0_mono0_fix1/shell2_X1_Y1_Z-2_mono1_fix1//test20tig_AVTZ// DONE 10.272462453065987 1	-0.00199428 0.00151946 0.00224839 -0.00008992 -0.00415275 -0.00419914 -0.00417232
shell0_X0_Y0_Z0_mono0_fix1/shell2_X1_Y0_Z-2_mono1_fix1//test20tig_AVTZ// DONE 10.27246247983005 1	-0.00201869 0.00151938 0.00222673 -0.00006572 -0.00417970 -0.00419281 -0.00418523
shell0_X0_Y0_Z0_mono0_fix1/shell2_X-2_Y1_Z1_mono1_fix1//test20tig_AVTZ// DONE 10.272464555493372 1	-0.00199041 0.00151934 0.00224849 -0.00009039 -0.00414850 -0.00420471 -0.00417222
shell0_X0_Y0_Z0_mono0_fix1/shell2_X-2_Y0_Z1_mono1_fix1//test20tig_AVTZ// DONE 10.27246457253201 1	-0.00198708 0.00151943 0.00224870 -0.00009060 -0.00414518 -0.00420900 -0.00417210
shell0_X0_Y0_Z0_mono0_fix1/shell2_X-1_Y2_Z-1_mono1_fix1//test20tig_AVTZ// DONE 10.479836115247128 1	0.00020917 0.00359054 0.00505254 -0.00016392 -0.00467945 -0.00480439 -0.00473216
shell0_X0_Y0_Z0_mono0_fix1/shell1_X-1_Y-1_Z-1_mono1_fix1//test20tig_AVTZ// DONE 10.479836186966653 1	0.00022222 0.00359053 0.00505364 -0.00016535 -0.00466608 -0.00482131 -0.00473157
shell0_X0_Y0_Z0_mono0_fix1/shell2_X0_Y2_Z0_mono1_fix1//test20tig_AVTZ// DONE 10.47983678588932 1	0.00022316 0.00359055 0.00505466 -0.00016700 -0.00466451 -0.00482117 -0.00473060
shell0_X0_Y0_Z0_mono0_fix1/shell1_X0_Y-1_Z0_mono1_fix1//test20tig_AVTZ// DONE 10.479836843290183 1	0.00020803 0.00359056 0.00505432 -0.00016666 -0.00467963 -0.00480073 -0.00473072
shell0_X0_Y0_Z0_mono0_fix1/shell2_X-2_Y0_Z1_mono0_fix1//test20tig_AVTZ// DONE 10.506825541052299 2	-0.00613964 -0.00290074 -0.00443144 0.00010229 -0.00181050 -0.00171615 -0.00177069
shell0_X0_Y0_Z0_mono0_fix1/shell2_X0_Y2_Z-1_mono1_fix1//test20tig_AVTZ// DONE 10.55227031009794 1	-0.00187505 0.00129119 0.00187846 -0.00005612 -0.00369738 -0.00372738 -0.00371004
shell0_X0_Y0_Z0_mono0_fix1/shell1_X0_Y-1_Z-1_mono1_fix1//test20tig_AVTZ// DONE 10.552270378746124 1	-0.00187480 0.00129119 0.00187726 -0.00005262 -0.00369945 -0.00372725 -0.00371118
shell0_X0_Y0_Z0_mono0_fix1/shell2_X-1_Y2_Z0_mono1_fix1//test20tig_AVTZ// DONE 10.55227099737296 1	-0.00187092 0.00129123 0.00188331 -0.00006081 -0.00369342 -0.00372723 -0.00370768
shell0_X0_Y0_Z0_mono0_fix1/shell1_X-1_Y-1_Z0_mono1_fix1//test20tig_AVTZ// DONE 10.552271056865091 1	-0.00187162 0.00129122 0.00188480 -0.00006233 -0.00369408 -0.00372496 -0.00370711
shell0_X0_Y0_Z0_mono0_fix1/shell2_X0_Y-1_Z2_mono0_fix1//test20tig_AVTZ// DONE 10.597767900119495 2	-0.00055183 0.00265183 0.00334815 -0.00003884 -0.00386114 -0.00388895 -0.00387287
shell0_X0_Y0_Z0_mono0_fix1/shell2_X0_Y-1_Z-2_mono0_fix1//test20tig_AVTZ// DONE 10.621615668329172 2	-0.00417493 -0.00143214 -0.00218351 0.00004222 -0.00203364 -0.00201971 -0.00202776
shell0_X0_Y0_Z0_mono0_fix1/shell3_X-1_Y1_Z-3_mono1_fix1//test20tig_AVTZ// DONE 10.88405459527898 1	-0.00319086 -0.00060088 -0.00107514 0.00003825 -0.00215398 -0.00211785 -0.00213874
shell0_X0_Y0_Z0_mono0_fix1/shell3_X-1_Y0_Z-3_mono1_fix1//test20tig_AVTZ// DONE 10.88405462313503 1	-0.00319608 -0.00060083 -0.00107901 0.00004540 -0.00216247 -0.00211765 -0.00214356
shell0_X0_Y0_Z0_mono0_fix1/shell2_X0_Y1_Z2_mono1_fix1//test20tig_AVTZ// DONE 10.884057744900195 1	-0.00319361 -0.00060081 -0.00107752 0.00004424 -0.00216032 -0.00211916 -0.00214296
shell0_X0_Y0_Z0_mono0_fix1/shell2_X0_Y0_Z2_mono1_fix1//test20tig_AVTZ// DONE 10.884057758513 1	-0.00319096 -0.00060087 -0.00107515 0.00003919 -0.00215500 -0.00211801 -0.00213939
shell0_X0_Y0_Z0_mono0_fix1/shell3_X0_Y1_Z-3_mono1_fix1//test20tig_AVTZ// DONE 11.227186363707679 2	-0.00195507 -0.00010227 -0.00010874 -0.00002104 -0.00182529 -0.00185398 -0.00183739
shell0_X0_Y0_Z0_mono0_fix1/shell2_X-1_Y1_Z2_mono1_fix1//test20tig_AVTZ// DONE 11.227189480441503 2	-0.00196241 -0.00010222 -0.00011189 -0.00001568 -0.00183484 -0.00184890 -0.00184077
shell0_X0_Y0_Z0_mono0_fix1/shell2_X-1_Y-1_Z-2_mono0_fix1//test20tig_AVTZ// DONE 11.29424631152965 2	-0.00402842 -0.00176065 -0.00253638 0.00004925 -0.00154129 -0.00150085 -0.00152423
shell0_X0_Y0_Z0_mono0_fix1/shell2_X-1_Y1_Z-2_mono0_fix1//test20tig_AVTZ// DONE 11.31644354548893 2	-0.00148092 0.00049009 0.00057619 0.00001834 -0.00207544 -0.00208489 -0.00207943
shell0_X0_Y0_Z0_mono0_fix1/shell2_X-2_Y-1_Z0_mono0_fix1//test20tig_AVTZ// DONE 11.431705900717049 2	-0.00076583 0.00170148 0.00261605 -0.00006948 -0.00331239 -0.00332864 -0.00331925
shell0_X0_Y0_Z0_mono0_fix1/shell2_X2_Y-1_Z0_mono0_fix1//test20tig_AVTZ// DONE 11.511985300913397 2	-0.00123441 0.00032698 0.00046511 -0.00000257 -0.00169694 -0.00169448 -0.00169591
shell0_X0_Y0_Z0_mono0_fix1/shell2_X1_Y1_Z-2_mono0_fix1//test20tig_AVTZ// DONE 11.801089846871273 2	-0.00067113 0.00101180 0.00129557 -0.00001960 -0.00194711 -0.00199657 -0.00196797
shell0_X0_Y0_Z0_mono0_fix1/shell2_X-1_Y1_Z2_mono0_fix1//test20tig_AVTZ// DONE 11.854553024155814 2	0.00117050 0.00237014 0.00347849 -0.00014444 -0.00216355 -0.00229346 -0.00221835
shell0_X0_Y0_Z0_mono0_fix1/shell2_X-2_Y-1_Z-1_mono0_fix1//test20tig_AVTZ// DONE 11.891151656917735 2	-0.00050637 0.00140969 0.00215847 -0.00004537 -0.00261947 -0.00265262 -0.00263346
shell0_X0_Y0_Z0_mono0_fix1/shell2_X-1_Y2_Z-2_mono1_fix1//test20tig_AVTZ// DONE 11.892728247980974 1	-0.00071312 0.00075287 0.00114655 0.00003545 -0.00189512 -0.00186408 -0.00188203
shell0_X0_Y0_Z0_mono0_fix1/shell2_X-1_Y-1_Z-2_mono1_fix1//test20tig_AVTZ// DONE 11.8927283170759 1	-0.00071111 0.00075288 0.00114777 0.00003422 -0.00189311 -0.00186556 -0.00188149
shell0_X0_Y0_Z0_mono0_fix1/shell2_X0_Y2_Z1_mono1_fix1//test20tig_AVTZ// DONE 11.892730010336884 1	-0.00070674 0.00075291 0.00115363 0.00002848 -0.00188885 -0.00186395 -0.00187834
shell0_X0_Y0_Z0_mono0_fix1/shell1_X0_Y-1_Z1_mono1_fix1//test20tig_AVTZ// DONE 11.892730055033091 1	-0.00071432 0.00075289 0.00114495 0.00003727 -0.00189655 -0.00186409 -0.00188286
shell0_X0_Y0_Z0_mono0_fix1/shell2_X-2_Y0_Z-2_mono0_fix1//test20tig_AVTZ// DONE 11.9138079772099 2	-0.00036150 0.00141596 0.00198842 -0.00002496 -0.00232496 -0.00235481 -0.00233755
shell0_X0_Y0_Z0_mono0_fix1/shell2_X-2_Y1_Z-1_mono0_fix1//test20tig_AVTZ// DONE 11.9543527609583 2	-0.00291882 -0.00172119 -0.00226065 0.00001133 -0.00066949 -0.00066056 -0.00066572
shell0_X0_Y0_Z0_mono0_fix1/shell2_X0_Y2_Z-2_mono1_fix1//test20tig_AVTZ// DONE 12.081056531222636 1	-0.00215417 -0.00094699 -0.00115340 0.00004306 -0.00104383 -0.00101020 -0.00102964
shell0_X0_Y0_Z0_mono0_fix1/shell2_X0_Y-1_Z-2_mono1_fix1//test20tig_AVTZ// DONE 12.081056597548143 1	-0.00215498 -0.00094699 -0.00115377 0.00004160 -0.00104281 -0.00100764 -0.00102797
shell0_X0_Y0_Z0_mono0_fix1/shell2_X-1_Y2_Z1_mono1_fix1//test20tig_AVTZ// DONE 12.081058295088953 1	-0.00214919 -0.00094694 -0.00114231 0.00003323 -0.00104012 -0.00100739 -0.00102631
shell0_X0_Y0_Z0_mono0_fix1/shell1_X-1_Y-1_Z1_mono1_fix1//test20tig_AVTZ// DONE 12.081058340631005 1	-0.00215362 -0.00094695 -0.00115347 0.00004333 -0.00104348 -0.00101114 -0.00102983
shell0_X0_Y0_Z0_mono0_fix1/shell3_X-3_Y1_Z-1_mono1_fix1//test20tig_AVTZ// DONE 12.129643244138835 1	-0.00181453 -0.00032833 -0.00042358 0.00008024 -0.00147118 -0.00139478 -0.00143895
shell0_X0_Y0_Z0_mono0_fix1/shell3_X-3_Y0_Z-1_mono1_fix1//test20tig_AVTZ// DONE 12.129643268335899 1	-0.00180450 -0.00032835 -0.00041801 0.00007134 -0.00145784 -0.00139929 -0.00143314
shell0_X0_Y0_Z0_mono0_fix1/shell2_X2_Y1_Z0_mono1_fix1//test20tig_AVTZ// DONE 12.12964376486562 1	-0.00180511 -0.00032834 -0.00041879 0.00007220 -0.00145851 -0.00139927 -0.00143352
shell0_X0_Y0_Z0_mono0_fix1/shell2_X2_Y0_Z0_mono1_fix1//test20tig_AVTZ// DONE 12.129643778001537 1	-0.00179897 -0.00032832 -0.00041546 0.00007070 -0.00145421 -0.00140402 -0.00143304
shell0_X0_Y0_Z0_mono0_fix1/shell2_X-2_Y2_Z-1_mono1_fix1//test20tig_AVTZ// DONE 12.288125498378834 1	-0.00133442 -0.00004456 -0.00026009 0.00001483 -0.00108915 -0.00107576 -0.00108350
shell0_X0_Y0_Z0_mono0_fix1/shell2_X-2_Y-1_Z-1_mono1_fix1//test20tig_AVTZ// DONE 12.288125561514361 1	-0.00138778 -0.00004457 -0.00032596 0.00008647 -0.00114830 -0.00107443 -0.00111713
shell0_X0_Y0_Z0_mono0_fix1/shell2_X1_Y2_Z0_mono1_fix1//test20tig_AVTZ// DONE 12.28812604120356 1	-0.00138506 -0.00004456 -0.00032525 0.00008571 -0.00114552 -0.00107742 -0.00111679
shell0_X0_Y0_Z0_mono0_fix1/shell1_X1_Y-1_Z0_mono1_fix1//test20tig_AVTZ// DONE 12.288126088308935 1	-0.00138759 -0.00004455 -0.00032523 0.00008568 -0.00114805 -0.00107388 -0.00111676
shell0_X0_Y0_Z0_mono0_fix1/shell3_X0_Y0_Z-3_mono0_fix1//test20tig_AVTZ// DONE 12.307337373733754 2	-0.00199706 -0.00095232 -0.00127528 0.00006918 -0.00079095 -0.00078106 -0.00078678
shell0_X0_Y0_Z0_mono0_fix1/shell2_X2_Y1_Z-1_mono0_fix1//test20tig_AVTZ// DONE 12.382809884255245 2	-0.00082445 0.00052134 0.00081759 -0.00004055 -0.00160149 -0.00164955 -0.00162177
shell0_X0_Y0_Z0_mono0_fix1/shell3_X-2_Y1_Z-3_mono1_fix1//test20tig_AVTZ// DONE 12.394697932541886 1	-0.00097515 0.00032879 0.00035692 0.00003160 -0.00136368 -0.00134425 -0.00135548
shell0_X0_Y0_Z0_mono0_fix1/shell3_X-2_Y0_Z-3_mono1_fix1//test20tig_AVTZ// DONE 12.394697956586858 1	-0.00098662 0.00032877 0.00034411 0.00004253 -0.00137326 -0.00134103 -0.00135966
shell0_X0_Y0_Z0_mono0_fix1/shell2_X1_Y1_Z2_mono1_fix1//test20tig_AVTZ// DONE 12.394700658765307 1	-0.00098798 0.00032876 0.00033354 0.00005809 -0.00137961 -0.00135286 -0.00136833
shell0_X0_Y0_Z0_mono0_fix1/shell2_X1_Y0_Z2_mono1_fix1//test20tig_AVTZ// DONE 12.3947006712363 1 	-0.00099014 0.00032875 0.00033800 0.00005237 -0.00138051 -0.00134434 -0.00136525
shell0_X0_Y0_Z0_mono0_fix1/shell2_X2_Y1_Z-1_mono1_fix1//test20tig_AVTZ// DONE 12.43658415588797 1	-0.00088223 0.00034557 0.00039940 0.00004602 -0.00132765 -0.00129822 -0.00131523
shell0_X0_Y0_Z0_mono0_fix1/shell2_X2_Y0_Z-1_mono1_fix1//test20tig_AVTZ// DONE 12.436584171531699 1	-0.00088315 0.00034556 0.00039963 0.00004577 -0.00132855 -0.00129673 -0.00131513
shell0_X0_Y0_Z0_mono0_fix1/shell3_X-3_Y1_Z0_mono1_fix1//test20tig_AVTZ// DONE 12.436584770825997 1	-0.00088718 0.00034551 0.00039407 0.00005200 -0.00133325 -0.00129716 -0.00131803
shell0_X0_Y0_Z0_mono0_fix1/shell3_X-3_Y0_Z0_mono1_fix1//test20tig_AVTZ// DONE 12.436584791502533 1	-0.00088914 0.00034552 0.00039384 0.00005224 -0.00133522 -0.00129470 -0.00131813
shell0_X0_Y0_Z0_mono0_fix1/shell2_X-2_Y1_Z1_mono0_fix1//test20tig_AVTZ// DONE 12.453271462979721 2	0.00114063 0.00215746 0.00294862 -0.00002985 -0.00177814 -0.00178365 -0.00178046
shell0_X0_Y0_Z0_mono0_fix1/shell2_X1_Y2_Z-1_mono1_fix1//test20tig_AVTZ// DONE 12.470204952125625 1	-0.00223872 -0.00119188 -0.00174815 -0.00003154 -0.00045903 -0.00049720 -0.00047514
shell0_X0_Y0_Z0_mono0_fix1/shell1_X1_Y-1_Z-1_mono1_fix1//test20tig_AVTZ// DONE 12.470205005668651 1	-0.00224878 -0.00119190 -0.00174557 -0.00003443 -0.00046877 -0.00048057 -0.00047375
shell0_X0_Y0_Z0_mono0_fix1/shell2_X-2_Y2_Z0_mono1_fix1//test20tig_AVTZ// DONE 12.470205547868273 1	-0.00225048 -0.00119189 -0.00174512 -0.00003491 -0.00047044 -0.00047774 -0.00047352
shell0_X0_Y0_Z0_mono0_fix1/shell2_X-2_Y-1_Z0_mono1_fix1//test20tig_AVTZ// DONE 12.470205602821212 1	-0.00225787 -0.00119187 -0.00176308 -0.00001555 -0.00047925 -0.00049426 -0.00048558
shell0_X0_Y0_Z0_mono0_fix1/shell3_X1_Y0_Z3_mono0_fix1//test20tig_AVTZ// DONE 12.79837182131102 2	-0.00065676 0.00038101 0.00041067 0.00007117 -0.00113860 -0.00108612 -0.00111646
shell0_X0_Y0_Z0_mono0_fix1/shell2_X-2_Y0_Z2_mono0_fix1//test20tig_AVTZ// DONE 12.885391568406023 2	-0.00184825 -0.00099997 -0.00146250 0.00011270 -0.00049845 -0.00040631 -0.00045958
shell0_X0_Y0_Z0_mono0_fix1/shell3_X-3_Y1_Z-2_mono1_fix1//test20tig_AVTZ// DONE 13.146758985415401 1	-0.00101313 -0.00007166 -0.00007027 0.00010513 -0.00104799 -0.00096953 -0.00101489
shell0_X0_Y0_Z0_mono0_fix1/shell3_X-3_Y0_Z-2_mono1_fix1//test20tig_AVTZ// DONE 13.146759008149798 1	-0.00101120 -0.00007168 -0.00006851 0.00010164 -0.00104432 -0.00096855 -0.00101236
shell0_X0_Y0_Z0_mono0_fix1/shell2_X2_Y1_Z1_mono1_fix1//test20tig_AVTZ// DONE 13.146760502226227 1	-0.00100573 -0.00007172 -0.00006358 0.00009469 -0.00103683 -0.00096968 -0.00100850
shell0_X0_Y0_Z0_mono0_fix1/shell2_X2_Y0_Z1_mono1_fix1//test20tig_AVTZ// DONE 13.146760513950442 1	-0.00101484 -0.00007169 -0.00007059 0.00010542 -0.00104967 -0.00096751 -0.00101501
shell0_X0_Y0_Z0_mono0_fix1/shell3_X1_Y1_Z-3_mono1_fix1//test20tig_AVTZ// DONE 13.270954127893539 1	-0.00006136 0.00062893 0.00089234 0.00000253 -0.00095623 -0.00094934 -0.00095332
shell0_X0_Y0_Z0_mono0_fix1/shell3_X1_Y0_Z-3_mono1_fix1//test20tig_AVTZ// DONE 13.270954148813216 1	-0.00010168 0.00062892 0.00084474 0.00005750 -0.00100391 -0.00094827 -0.00098044
shell0_X0_Y0_Z0_mono0_fix1/shell2_X-2_Y1_Z2_mono1_fix1//test20tig_AVTZ// DONE 13.270956795149358 1	-0.00010160 0.00062892 0.00084478 0.00005744 -0.00100383 -0.00094830 -0.00098040
shell0_X0_Y0_Z0_mono0_fix1/shell2_X-2_Y0_Z2_mono1_fix1//test20tig_AVTZ// DONE 13.270956808138601 1	-0.00006265 0.00062893 0.00088802 0.00000831 -0.00095898 -0.00095318 -0.00095653
shell0_X0_Y0_Z0_mono0_fix1/shell2_X0_Y-2_Z0_mono0_fix1//test20tig_AVTZ// DONE 13.33517811851783 2	-0.00172167 -0.00103159 -0.00150444 0.00009292 -0.00031016 -0.00028320 -0.00029878
shell0_X0_Y0_Z0_mono0_fix1/shell2_X-2_Y2_Z-2_mono1_fix1//test20tig_AVTZ// DONE 13.403536023604476 1	-0.00052474 0.00025242 0.00026924 0.00005407 -0.00084806 -0.00079688 -0.00082646
shell0_X0_Y0_Z0_mono0_fix1/shell2_X-2_Y-1_Z-2_mono1_fix1//test20tig_AVTZ// DONE 13.40353608509439 1	-0.00052721 0.00025241 0.00026966 0.00005307 -0.00084994 -0.00079060 -0.00082491
shell0_X0_Y0_Z0_mono0_fix1/shell2_X1_Y2_Z1_mono1_fix1//test20tig_AVTZ// DONE 13.403537552718758 1	-0.00050582 0.00025241 0.00028725 0.00003380 -0.00082687 -0.00080099 -0.00081595
shell0_X0_Y0_Z0_mono0_fix1/shell1_X1_Y-1_Z1_mono1_fix1//test20tig_AVTZ// DONE 13.403537592330627 1	-0.00050877 0.00025242 0.00028728 0.00003381 -0.00082985 -0.00079698 -0.00081598
shell0_X0_Y0_Z0_mono0_fix1/shell3_X1_Y0_Z-3_mono0_fix1//test20tig_AVTZ// DONE 13.481495287436344 2	-0.00142505 -0.00086268 -0.00112559 0.00007389 -0.00037334 -0.00030973 -0.00034651
shell0_X0_Y0_Z0_mono0_fix1/shell2_X-2_Y-1_Z-2_mono0_fix1//test20tig_AVTZ// DONE 13.618504014059653 2	-0.00036620 0.00041212 0.00061799 0.00001251 -0.00099669 -0.00100179 -0.00099884
shell0_X0_Y0_Z0_mono0_fix1/shell2_X2_Y-1_Z2_mono0_fix1//test20tig_AVTZ// DONE 13.655137237801833 2	-0.00103600 -0.00039924 -0.00061289 0.00009161 -0.00051472 -0.00045176 -0.00048816
shell0_X0_Y0_Z0_mono0_fix1/shell2_X1_Y2_Z-2_mono1_fix1//test20tig_AVTZ// DONE 13.895301154027159 1	-0.00150843 -0.00098511 -0.00140197 0.00006696 -0.00017341 -0.00012897 -0.00015467
shell0_X0_Y0_Z0_mono0_fix1/shell2_X1_Y-1_Z-2_mono1_fix1//test20tig_AVTZ// DONE 13.895301207361287 1	-0.00150150 -0.00098513 -0.00139679 0.00006122 -0.00016592 -0.00013295 -0.00015201
shell0_X0_Y0_Z0_mono0_fix1/shell2_X-2_Y2_Z1_mono1_fix1//test20tig_AVTZ// DONE 13.895302701389518 1	-0.00150040 -0.00098511 -0.00138818 0.00004943 -0.00016165 -0.00012324 -0.00014545
shell0_X0_Y0_Z0_mono0_fix1/shell2_X-2_Y-1_Z1_mono1_fix1//test20tig_AVTZ// DONE 13.895302745331305 1	-0.00150847 -0.00098510 -0.00140237 0.00006745 -0.00017354 -0.00012937 -0.00015491
shell0_X0_Y0_Z0_mono0_fix1/shell2_X0_Y2_Z-1_mono0_fix1//test20tig_AVTZ// DONE 13.936494404007645 2	-0.00113960 -0.00056289 -0.00084685 0.00010803 -0.00040079 -0.00031214 -0.00036339
shell0_X0_Y0_Z0_mono0_fix1/shell2_X0_Y-2_Z-1_mono0_fix1//test20tig_AVTZ// DONE 13.947039752824194 2	-0.00098205 -0.00047844 -0.00074283 -0.00000688 -0.00023233 -0.00026211 -0.00024489
shell0_X0_Y0_Z0_mono0_fix1/shell3_X-3_Y0_Z0_mono0_fix1//test20tig_AVTZ// DONE 13.95033872608004 2	-0.00133305 -0.00070551 -0.00111941 0.00006312 -0.00027676 -0.00021802 -0.00025198
shell0_X0_Y0_Z0_mono0_fix1/shell3_X0_Y1_Z-3_mono0_fix1//test20tig_AVTZ// DONE 13.96639031723012 2	0.00002963 0.00056938 0.00075019 -0.00004976 -0.00067081 -0.00071220 -0.00068827
shell0_X0_Y0_Z0_mono0_fix1/shell2_X2_Y1_Z-2_mono1_fix1//test20tig_AVTZ// DONE 13.973774098217433 1	0.00004050 0.00060841 0.00080126 0.00001929 -0.00078004 -0.00077990 -0.00077998
shell0_X0_Y0_Z0_mono0_fix1/shell2_X2_Y0_Z-2_mono1_fix1//test20tig_AVTZ// DONE 13.973774114765796 1	0.00003119 0.00060839 0.00079960 0.00002104 -0.00078945 -0.00076875 -0.00078072
shell0_X0_Y0_Z0_mono0_fix1/shell3_X-3_Y1_Z1_mono1_fix1//test20tig_AVTZ// DONE 13.973775652525275 1	0.00003160 0.00060836 0.00080021 0.00002034 -0.00078894 -0.00076874 -0.00078042
shell0_X0_Y0_Z0_mono0_fix1/shell3_X-3_Y0_Z1_mono1_fix1//test20tig_AVTZ// DONE 13.973775668235369 1	0.00009069 0.00060838 0.00086447 -0.00005101 -0.00072277 -0.00078001 -0.00074691
shell0_X0_Y0_Z0_mono0_fix1/shell3_X0_Y1_Z3_mono0_fix1//test20tig_AVTZ// DONE 13.981812193654894 2	-0.00109760 -0.00060723 -0.00087279 0.00006264 -0.00028745 -0.00024598 -0.00026995
shell0_X0_Y0_Z0_mono0_fix1/shell2_X-1_Y-2_Z0_mono0_fix1//test20tig_AVTZ// DONE 14.091118059605131 2	-0.00093331 -0.00035509 -0.00052508 0.00004056 -0.00044879 -0.00041583 -0.00043489
shell0_X0_Y0_Z0_mono0_fix1/shell2_X-1_Y2_Z0_mono0_fix1//test20tig_AVTZ// DONE 14.134034187848806 2	-0.00061947 -0.00021778 -0.00023934 0.00000362 -0.00038376 -0.00038133 -0.00038273
shell0_X0_Y0_Z0_mono0_fix1/shell3_X3_Y0_Z1_mono0_fix1//test20tig_AVTZ// DONE 14.221424004532233 2	-0.00091525 -0.00033298 -0.00052824 0.00006411 -0.00045112 -0.00039476 -0.00042735
shell0_X0_Y0_Z0_mono0_fix1/shell3_X-1_Y2_Z-3_mono1_fix1//test20tig_AVTZ// DONE 14.358581523304705 1	-0.00050345 -0.00010427 -0.00006455 -0.00001788 -0.00042103 -0.00043509 -0.00042696
shell0_X0_Y0_Z0_mono0_fix1/shell3_X-1_Y-1_Z-3_mono1_fix1//test20tig_AVTZ// DONE 14.35858158144169 1	-0.00050123 -0.00010426 -0.00006105 -0.00002241 -0.00041777 -0.00043368 -0.00042448
shell0_X0_Y0_Z0_mono0_fix1/shell2_X0_Y2_Z2_mono1_fix1//test20tig_AVTZ// DONE 14.358583934969959 1	-0.00051113 -0.00010424 -0.00007155 -0.00000832 -0.00043126 -0.00043370 -0.00043229
shell0_X0_Y0_Z0_mono0_fix1/shell2_X0_Y-1_Z2_mono1_fix1//test20tig_AVTZ// DONE 14.358583971060447 1	-0.00049973 -0.00010426 -0.00006055 -0.00002343 -0.00041576 -0.00043508 -0.00042391
shell0_X0_Y0_Z0_mono0_fix1/shell3_X1_Y1_Z3_mono0_fix1//test20tig_AVTZ// DONE 14.408746943252993 2	-0.00100847 -0.00057078 -0.00080960 0.00001786 -0.00021673 -0.00022850 -0.00022170
shell0_X0_Y0_Z0_mono0_fix1/shell3_X-1_Y1_Z-3_mono0_fix1//test20tig_AVTZ// DONE 14.414839975025055 2	0.00010790 0.00052364 0.00070924 -0.00006421 -0.00053712 -0.00063643 -0.00057902
shell0_X0_Y0_Z0_mono0_fix1/shell2_X-2_Y-1_Z2_mono0_fix1//test20tig_AVTZ// DONE 14.460065059886931 2	-0.00057676 -0.00006334 -0.00013984 0.00005921 -0.00049613 -0.00043066 -0.00046851
shell0_X0_Y0_Z0_mono0_fix1/shell2_X-2_Y1_Z2_mono0_fix1//test20tig_AVTZ// DONE 14.508945052929375 2	0.00060264 0.00100135 0.00138373 0.00000423 -0.00078532 -0.00077759 -0.00078206
shell0_X0_Y0_Z0_mono0_fix1/shell2_X-1_Y-2_Z-1_mono0_fix1//test20tig_AVTZ// DONE 14.571058685783044 2	-0.00100888 -0.00054214 -0.00082891 0.00003071 -0.00021067 -0.00017966 -0.00019759
shell0_X0_Y0_Z0_mono0_fix1/shell2_X-1_Y2_Z-1_mono0_fix1//test20tig_AVTZ// DONE 14.600754609128417 2	-0.00094465 -0.00059117 -0.00082224 0.00009439 -0.00021680 -0.00019729 -0.00020857
shell0_X0_Y0_Z0_mono0_fix1/shell3_X0_Y2_Z-3_mono1_fix1//test20tig_AVTZ// DONE 14.614832315906765 2	-0.00084304 -0.00049233 -0.00063141 0.00003676 -0.00024839 -0.00022573 -0.00023883
shell0_X0_Y0_Z0_mono0_fix1/shell2_X-1_Y2_Z2_mono1_fix1//test20tig_AVTZ// DONE 14.614834715053357 2	-0.00085191 -0.00049230 -0.00064067 0.00005017 -0.00026141 -0.00022473 -0.00024594
shell0_X0_Y0_Z0_mono0_fix1/shell4_X-1_Y1_Z-4_mono1_fix1//test20tig_AVTZ// DONE 14.707869000789374 1	-0.00050216 -0.00010279 -0.00022581 0.00002803 -0.00030439 -0.00030247 -0.00030358
shell0_X0_Y0_Z0_mono0_fix1/shell4_X-1_Y0_Z-4_mono1_fix1//test20tig_AVTZ// DONE 14.707869020585198 1	-0.00050011 -0.00010278 -0.00020341 -0.00000251 -0.00029419 -0.00027775 -0.00028725
shell0_X0_Y0_Z0_mono0_fix1/shell3_X0_Y1_Z3_mono1_fix1//test20tig_AVTZ// DONE 14.707872266198896 1	-0.00049867 -0.00010277 -0.00022301 0.00002481 -0.00030047 -0.00030404 -0.00030198
shell0_X0_Y0_Z0_mono0_fix1/shell3_X0_Y0_Z3_mono1_fix1//test20tig_AVTZ// DONE 14.707872277066322 1	-0.00050517 -0.00010278 -0.00022022 0.00002067 -0.00030561 -0.00029132 -0.00029958
shell0_X0_Y0_Z0_mono0_fix1/shell2_X-1_Y-2_Z1_mono0_fix1//test20tig_AVTZ// DONE 14.764799907068557 2	-0.00027967 0.00014837 0.00020297 0.00000040 -0.00048305 -0.00047901 -0.00048135
shell0_X0_Y0_Z0_mono0_fix1/shell3_X-2_Y0_Z-3_mono0_fix1//test20tig_AVTZ// DONE 14.79948159907602 2	0.00007633 0.00052955 0.00071623 -0.00000488 -0.00063502 -0.00061910 -0.00062830
shell0_X0_Y0_Z0_mono0_fix1/shell2_X-1_Y2_Z1_mono0_fix1//test20tig_AVTZ// DONE 14.810869609804305 2	0.00013916 0.00048634 0.00065607 0.00000374 -0.00052065 -0.00051496 -0.00051825
shell0_X0_Y0_Z0_mono0_fix1/shell3_X-3_Y0_Z1_mono0_fix1//test20tig_AVTZ// DONE 14.836365077938146 2	-0.00092040 -0.00053376 -0.00082745 0.00001377 -0.00010673 -0.00008873 -0.00009913
shell0_X0_Y0_Z0_mono0_fix1/shell3_X1_Y1_Z-3_mono0_fix1//test20tig_AVTZ// DONE 15.001851744848004 2	-0.00018415 0.00010000 0.00020598 -0.00009883 -0.00029131 -0.00036474 -0.00032229
shell0_X0_Y0_Z0_mono0_fix1/shell3_X-1_Y1_Z3_mono0_fix1//test20tig_AVTZ// DONE 15.032015891296195 2	-0.00008504 0.00016615 0.00031111 -0.00003718 -0.00035897 -0.00038997 -0.00037205
shell0_X0_Y0_Z0_mono0_fix1/shell4_X0_Y1_Z-4_mono1_fix1//test20tig_AVTZ// DONE 15.056582997603156 2	-0.00031091 0.00000927 -0.00001302 0.00001446 -0.00031236 -0.00029646 -0.00030565
shell0_X0_Y0_Z0_mono0_fix1/shell3_X-1_Y1_Z3_mono1_fix1//test20tig_AVTZ// DONE 15.056586226714083 2	-0.00029251 0.00000928 -0.00000543 0.00000378 -0.00029087 -0.00031242 -0.00029996
shell0_X0_Y0_Z0_mono0_fix1/shell3_X-3_Y1_Z-3_mono1_fix1//test20tig_AVTZ// DONE 15.225568925229839 1	-0.00024472 0.00011540 0.00017750 0.00001596 -0.00043817 -0.00043039 -0.00043489
shell0_X0_Y0_Z0_mono0_fix1/shell3_X-3_Y0_Z-3_mono1_fix1//test20tig_AVTZ// DONE 15.225568944359074 1	-0.00024899 0.00011539 0.00017435 0.00002009 -0.00044344 -0.00042867 -0.00043721
shell0_X0_Y0_Z0_mono0_fix1/shell2_X2_Y1_Z2_mono1_fix1//test20tig_AVTZ// DONE 15.225571125474277 1	-0.00023923 0.00011536 0.00018472 0.00000589 -0.00042984 -0.00042862 -0.00042933
shell0_X0_Y0_Z0_mono0_fix1/shell2_X2_Y0_Z2_mono1_fix1//test20tig_AVTZ// DONE 15.225571136058868 1	-0.00025372 0.00011537 0.00017212 0.00002301 -0.00044885 -0.00042482 -0.00043871
shell0_X0_Y0_Z0_mono0_fix1/shell3_X-3_Y2_Z-1_mono1_fix1//test20tig_AVTZ// DONE 15.330218936991185 1	-0.00062124 -0.00028479 -0.00046691 0.00002114 -0.00017547 -0.00015125 -0.00016525
shell0_X0_Y0_Z0_mono0_fix1/shell3_X-3_Y-1_Z-1_mono1_fix1//test20tig_AVTZ// DONE 15.330218987860805 1	-0.00062602 -0.00028479 -0.00047456 0.00003162 -0.00018308 -0.00015296 -0.00017038
shell0_X0_Y0_Z0_mono0_fix1/shell2_X2_Y2_Z0_mono1_fix1//test20tig_AVTZ// DONE 15.330219343675227 1	-0.00062691 -0.00028479 -0.00047543 0.00003290 -0.00018438 -0.00015297 -0.00017113
shell0_X0_Y0_Z0_mono0_fix1/shell2_X2_Y-1_Z0_mono1_fix1//test20tig_AVTZ// DONE 15.330219381175105 1	-0.00063048 -0.00028478 -0.00047936 0.00003812 -0.00018924 -0.00015320 -0.00017404
shell0_X0_Y0_Z0_mono0_fix1/shell3_X3_Y1_Z0_mono0_fix1//test20tig_AVTZ// DONE 15.419560287236694 2	-0.00018267 0.00017038 0.00026001 0.00000469 -0.00044736 -0.00045558 -0.00045083
shell0_X0_Y0_Z0_mono0_fix1/shell3_X3_Y-1_Z0_mono0_fix1//test20tig_AVTZ// DONE 15.468774368084398 2	-0.00037684 -0.00015181 -0.00020380 -0.00004561 -0.00012742 -0.00018066 -0.00014988
shell0_X0_Y0_Z0_mono0_fix1/shell3_X-2_Y2_Z-3_mono1_fix1//test20tig_AVTZ// DONE 15.539943753169773 1	-0.00023139 0.00006927 0.00008700 0.00001688 -0.00033527 -0.00030831 -0.00032390
shell0_X0_Y0_Z0_mono0_fix1/shell3_X-2_Y-1_Z-3_mono1_fix1//test20tig_AVTZ// DONE 15.539943806822265 1	-0.00024864 0.00006927 0.00006967 0.00003950 -0.00035781 -0.00030942 -0.00033739
shell0_X0_Y0_Z0_mono0_fix1/shell2_X1_Y2_Z2_mono1_fix1//test20tig_AVTZ// DONE 15.539945950822178 1	-0.00022198 0.00006927 0.00009294 0.00000885 -0.00032377 -0.00031314 -0.00031928
shell0_X0_Y0_Z0_mono0_fix1/shell2_X1_Y-1_Z2_mono1_fix1//test20tig_AVTZ// DONE 15.539945984331949 1	-0.00024288 0.00006927 0.00007608 0.00003184 -0.00035081 -0.00030640 -0.00033207
shell0_X0_Y0_Z0_mono0_fix1/shell2_X2_Y2_Z-1_mono1_fix1//test20tig_AVTZ// DONE 15.569951604743169 2	-0.00070078 -0.00042583 -0.00064423 0.00000112 -0.00005767 -0.00005877 -0.00005814
shell0_X0_Y0_Z0_mono0_fix1/shell2_X2_Y-1_Z-1_mono1_fix1//test20tig_AVTZ// DONE 15.569951645390432 2	-0.00071603 -0.00042584 -0.00066471 0.00002774 -0.00007906 -0.00006319 -0.00007236
shell0_X0_Y0_Z0_mono0_fix1/shell3_X3_Y0_Z2_mono0_fix1//test20tig_AVTZ// DONE 15.592752709922282 2	-0.00020722 0.00012023 0.00017652 0.00000408 -0.00038781 -0.00035984 -0.00037601
shell0_X0_Y0_Z0_mono0_fix1/shell2_X0_Y-2_Z2_mono0_fix1//test20tig_AVTZ// DONE 15.613282823897391 2	-0.00025313 0.00004515 0.00002204 0.00003134 -0.00030651 -0.00027122 -0.00029162
shell0_X0_Y0_Z0_mono0_fix1/shell2_X0_Y2_Z2_mono0_fix1//test20tig_AVTZ// DONE 15.628134422686914 2	-0.00038925 -0.00011933 -0.00024262 0.00001136 -0.00015799 -0.00015154 -0.00015527
shell0_X0_Y0_Z0_mono0_fix1/shell3_X3_Y1_Z1_mono0_fix1//test20tig_AVTZ// DONE 15.669331298505606 2	0.00000970 0.00032405 0.00050202 -0.00001533 -0.00047698 -0.00050687 -0.00048959
shell0_X0_Y0_Z0_mono0_fix1/shell3_X3_Y-1_Z1_mono0_fix1//test20tig_AVTZ// DONE 15.712660654206568 2	-0.00065590 -0.00042652 -0.00060160 0.00001467 -0.00006897 -0.00007892 -0.00007316
shell0_X0_Y0_Z0_mono0_fix1/shell4_X-2_Y1_Z-4_mono1_fix1//test20tig_AVTZ// DONE 15.769854211071495 1	-0.00024788 0.00005001 0.00001479 0.00001485 -0.00027752 -0.00024521 -0.00026389
shell0_X0_Y0_Z0_mono0_fix1/shell4_X-2_Y0_Z-4_mono1_fix1//test20tig_AVTZ// DONE 15.769854229385077 1	-0.00024616 0.00005002 0.00001720 0.00001147 -0.00027483 -0.00024457 -0.00026206
shell0_X0_Y0_Z0_mono0_fix1/shell3_X1_Y1_Z3_mono1_fix1//test20tig_AVTZ// DONE 15.769857224623605 1	-0.00024148 0.00005001 0.00002196 0.00000508 -0.00026853 -0.00024484 -0.00025853
shell0_X0_Y0_Z0_mono0_fix1/shell3_X1_Y0_Z3_mono1_fix1//test20tig_AVTZ// DONE 15.769857234949344 1	-0.00024387 0.00005001 0.00001500 0.00001455 -0.00027343 -0.00025044 -0.00026373
shell0_X0_Y0_Z0_mono0_fix1/shell3_X2_Y0_Z-3_mono0_fix1//test20tig_AVTZ// DONE 15.955869446300113 2	-0.00052437 -0.00035173 -0.00041602 -0.00003724 -0.00007110 -0.00006470 -0.00006840
shell0_X0_Y0_Z0_mono0_fix1/shell2_X-1_Y-2_Z-2_mono0_fix1//test20tig_AVTZ// DONE 16.099963822708663 2	-0.00061074 -0.00036020 -0.00056358 0.00001877 -0.00006593 -0.00004305 -0.00005628
shell0_X0_Y0_Z0_mono0_fix1/shell2_X-1_Y2_Z-2_mono0_fix1//test20tig_AVTZ// DONE 16.115286806651564 2	-0.00038359 -0.00021093 -0.00025400 -0.00001725 -0.00011234 -0.00013766 -0.00012302
shell0_X0_Y0_Z0_mono0_fix1/shell3_X-3_Y2_Z-2_mono1_fix1//test20tig_AVTZ// DONE 16.148111292290668 1	-0.00030183 -0.00006441 -0.00011237 0.00000682 -0.00019628 -0.00019459 -0.00019557
shell0_X0_Y0_Z0_mono0_fix1/shell3_X-3_Y-1_Z-2_mono1_fix1//test20tig_AVTZ// DONE 16.148111342680064 1	-0.00030855 -0.00006442 -0.00011763 0.00001411 -0.00020502 -0.00019225 -0.00019963
shell0_X0_Y0_Z0_mono0_fix1/shell2_X2_Y2_Z1_mono1_fix1//test20tig_AVTZ// DONE 16.148112532585934 1	-0.00030886 -0.00006442 -0.00011579 0.00001158 -0.00020464 -0.00018946 -0.00019824
shell0_X0_Y0_Z0_mono0_fix1/shell2_X2_Y-1_Z1_mono1_fix1//test20tig_AVTZ// DONE 16.148112566121075 1	-0.00030963 -0.00006441 -0.00011586 0.00001145 -0.00020522 -0.00018948 -0.00019858
shell0_X0_Y0_Z0_mono0_fix1/shell2_X-2_Y-2_Z0_mono0_fix1//test20tig_AVTZ// DONE 16.19657131788308 2	-0.00006656 0.00019018 0.00028951 -0.00000620 -0.00034987 -0.00035094 -0.00035032
shell0_X0_Y0_Z0_mono0_fix1/shell3_X-2_Y-1_Z-3_mono0_fix1//test20tig_AVTZ// DONE 16.20698451677515 2	-0.00020713 0.00004385 0.00006566 0.00000605 -0.00027883 -0.00026709 -0.00027388
shell0_X0_Y0_Z0_mono0_fix1/shell3_X-3_Y-1_Z1_mono0_fix1//test20tig_AVTZ// DONE 16.22426875876685 2	-0.00029613 -0.00004099 -0.00005799 0.00000978 -0.00024792 -0.00022331 -0.00023754
shell0_X0_Y0_Z0_mono0_fix1/shell3_X-2_Y1_Z-3_mono0_fix1//test20tig_AVTZ// DONE 16.22545885801144 2	-0.00008927 0.00013911 0.00017317 0.00000020 -0.00026264 -0.00025433 -0.00025914
shell0_X0_Y0_Z0_mono0_fix1/shell3_X1_Y2_Z-3_mono1_fix1//test20tig_AVTZ// DONE 16.237643675274423 1	-0.00053791 -0.00036180 -0.00047721 0.00000632 -0.00006703 -0.00005916 -0.00006371
shell0_X0_Y0_Z0_mono0_fix1/shell3_X1_Y-1_Z-3_mono1_fix1//test20tig_AVTZ// DONE 16.237643722772045 1	-0.00055433 -0.00036180 -0.00049487 0.00003142 -0.00009088 -0.00005874 -0.00007732
shell0_X0_Y0_Z0_mono0_fix1/shell2_X-2_Y2_Z2_mono1_fix1//test20tig_AVTZ// DONE 16.23764585352318 1	-0.00053776 -0.00036179 -0.00047594 0.00000564 -0.00006745 -0.00005697 -0.00006303
shell0_X0_Y0_Z0_mono0_fix1/shell2_X-2_Y-1_Z2_mono1_fix1//test20tig_AVTZ// DONE 16.237645889250558 1	-0.00055581 -0.00036179 -0.00049690 0.00003325 -0.00009216 -0.00005914 -0.00007823
shell0_X0_Y0_Z0_mono0_fix1/shell2_X-2_Y2_Z0_mono0_fix1//test20tig_AVTZ// DONE 16.253063649174994 2	-0.00000268 0.00012831 0.00026953 -0.00005527 -0.00021695 -0.00025675 -0.00023374
shell0_X0_Y0_Z0_mono0_fix1/shell3_X-3_Y1_Z1_mono0_fix1//test20tig_AVTZ// DONE 16.269741392590333 2	0.00000692 0.00021298 0.00025478 -0.00000004 -0.00024783 -0.00024598 -0.00024705
shell0_X0_Y0_Z0_mono0_fix1/shell4_X0_Y0_Z-4_mono0_fix1//test20tig_AVTZ// DONE 16.347790283422473 2	-0.00042606 -0.00022422 -0.00031858 0.00004413 -0.00015161 -0.00010518 -0.00013202
shell0_X0_Y0_Z0_mono0_fix1/shell3_X2_Y1_Z-3_mono1_fix1//test20tig_AVTZ// DONE 16.39567958814046 1	0.00013625 0.00035390 0.00048435 0.00000394 -0.00035203 -0.00032088 -0.00033889
shell0_X0_Y0_Z0_mono0_fix1/shell3_X2_Y0_Z-3_mono1_fix1//test20tig_AVTZ// DONE 16.395679603273454 1	0.00014220 0.00035390 0.00048798 0.00000453 -0.00035030 -0.00032692 -0.00034044
shell0_X0_Y0_Z0_mono0_fix1/shell3_X-3_Y1_Z2_mono1_fix1//test20tig_AVTZ// DONE 16.395681761713423 1	0.00013572 0.00035389 0.00048776 0.00000479 -0.00035683 -0.00031828 -0.00034057
shell0_X0_Y0_Z0_mono0_fix1/shell3_X-3_Y0_Z2_mono1_fix1//test20tig_AVTZ// DONE 16.395681774054886 1	0.00013592 0.00035389 0.00048411 0.00000414 -0.00035234 -0.00032065 -0.00033897
shell0_X0_Y0_Z0_mono0_fix1/shell2_X-1_Y-2_Z2_mono0_fix1//test20tig_AVTZ// DONE 16.45010944753709 2	0.00002584 0.00026060 0.00032726 0.00001531 -0.00031673 -0.00030341 -0.00031111
shell0_X0_Y0_Z0_mono0_fix1/shell2_X1_Y-2_Z-2_mono0_fix1//test20tig_AVTZ// DONE 16.489701089274174 2	0.00023229 0.00043443 0.00056281 0.00001343 -0.00034395 -0.00032933 -0.00033778
shell0_X0_Y0_Z0_mono0_fix1/shell2_X-2_Y-2_Z-1_mono0_fix1//test20tig_AVTZ// DONE 16.526428084654743 2	-0.00021788 0.00001623 0.00002431 0.00001018 -0.00025237 -0.00023659 -0.00024572
shell0_X0_Y0_Z0_mono0_fix1/shell4_X-4_Y1_Z-1_mono1_fix1//test20tig_AVTZ// DONE 16.555903966950844 1	-0.00021819 -0.00001756 -0.00000403 0.00000563 -0.00021979 -0.00021655 -0.00021842
shell0_X0_Y0_Z0_mono0_fix1/shell4_X-4_Y0_Z-1_mono1_fix1//test20tig_AVTZ// DONE 16.555903983217547 1	-0.00023030 -0.00001756 -0.00000902 0.00001232 -0.00023359 -0.00020638 -0.00022211
shell0_X0_Y0_Z0_mono0_fix1/shell3_X3_Y1_Z0_mono1_fix1//test20tig_AVTZ// DONE 16.555904316458015 1	-0.00024148 -0.00001755 -0.00002083 0.00002843 -0.00024909 -0.00020620 -0.00023099
shell0_X0_Y0_Z0_mono0_fix1/shell3_X3_Y0_Z0_mono1_fix1//test20tig_AVTZ// DONE 16.555904327484644 1	-0.00023601 -0.00001755 -0.00001583 0.00002173 -0.00024191 -0.00020728 -0.00022730
shell0_X0_Y0_Z0_mono0_fix1/shell2_X2_Y-2_Z1_mono0_fix1//test20tig_AVTZ// DONE 16.57343671801886 2	-0.00038712 -0.00024395 -0.00029625 0.00001286 -0.00010373 -0.00009040 -0.00009810
shell0_X0_Y0_Z0_mono0_fix1/shell4_X-1_Y0_Z-4_mono0_fix1//test20tig_AVTZ// DONE 16.63752219189112 2	-0.00017235 0.00002131 0.00001616 0.00000885 -0.00019736 -0.00018104 -0.00019047
shell0_X0_Y0_Z0_mono0_fix1/shell3_X3_Y0_Z-2_mono0_fix1//test20tig_AVTZ// DONE 16.692377424344517 2	-0.00043074 -0.00027416 -0.00038734 -0.00000999 -0.00003340 -0.00003985 -0.00003612
shell0_X0_Y0_Z0_mono0_fix1/shell4_X1_Y1_Z-4_mono1_fix1//test20tig_AVTZ// DONE 16.72412479845399 1	0.00000960 0.00017991 0.00024921 0.00000875 -0.00024836 -0.00023653 -0.00024337
shell0_X0_Y0_Z0_mono0_fix1/shell4_X1_Y0_Z-4_mono1_fix1//test20tig_AVTZ// DONE 16.724124814648594 1	0.00002108 0.00017991 0.00027084 -0.00001934 -0.00023042 -0.00022568 -0.00022842
shell0_X0_Y0_Z0_mono0_fix1/shell3_X-2_Y1_Z3_mono1_fix1//test20tig_AVTZ// DONE 16.724127733673054 1	0.00000089 0.00017991 0.00025089 0.00000324 -0.00025324 -0.00022165 -0.00023991
shell0_X0_Y0_Z0_mono0_fix1/shell3_X-2_Y0_Z3_mono1_fix1//test20tig_AVTZ// DONE 16.724127744402512 1	0.00003062 0.00017991 0.00027202 -0.00002276 -0.00021863 -0.00023645 -0.00022615
shell0_X0_Y0_Z0_mono0_fix1/shell2_X2_Y2_Z-2_mono1_fix1//test20tig_AVTZ// DONE 16.819852895206044 1	-0.00047411 -0.00028859 -0.00044028 0.00003183 -0.00006566 -0.00002189 -0.00004719
shell0_X0_Y0_Z0_mono0_fix1/shell2_X2_Y-1_Z-2_mono1_fix1//test20tig_AVTZ// DONE 16.819852936202597 1	-0.00047374 -0.00028860 -0.00044437 0.00003724 -0.00006661 -0.00002769 -0.00005019
shell0_X0_Y0_Z0_mono0_fix1/shell3_X-3_Y2_Z1_mono1_fix1//test20tig_AVTZ// DONE 16.819854186560722 1	-0.00046863 -0.00028860 -0.00043905 0.00003002 -0.00005960 -0.00002770 -0.00004614
shell0_X0_Y0_Z0_mono0_fix1/shell3_X-3_Y-1_Z1_mono1_fix1//test20tig_AVTZ// DONE 16.819854225967656 1	-0.00047108 -0.00028859 -0.00044080 0.00003248 -0.00006276 -0.00002663 -0.00004752
shell0_X0_Y0_Z0_mono0_fix1/shell3_X3_Y1_Z-1_mono1_fix1//test20tig_AVTZ// DONE 16.865244728118874 2	-0.00009486 0.00010332 0.00012977 0.00001878 -0.00024342 -0.00021334 -0.00023073
shell0_X0_Y0_Z0_mono0_fix1/shell3_X3_Y0_Z-1_mono1_fix1//test20tig_AVTZ// DONE 16.86524473999244 2	-0.00008336 0.00010332 0.00014002 0.00000454 -0.00022792 -0.00021703 -0.00022333
shell0_X0_Y0_Z0_mono0_fix1/shell2_X-2_Y-2_Z1_mono0_fix1//test20tig_AVTZ// DONE 16.874626764865713 2	0.00006588 0.00025820 0.00037917 -0.00001190 -0.00030140 -0.00031629 -0.00030768
shell0_X0_Y0_Z0_mono0_fix1/shell3_X-1_Y3_Z-1_mono1_fix1//test20tig_AVTZ// DONE 16.886708034604982 2	0.00017034 0.00035925 0.00048924 0.00000782 -0.00032671 -0.00031172 -0.00032039
shell0_X0_Y0_Z0_mono0_fix1/shell2_X-1_Y-2_Z-1_mono1_fix1//test20tig_AVTZ// DONE 16.886708104536137 2	0.00017306 0.00035925 0.00048918 0.00000790 -0.00032402 -0.00031551 -0.00032043
shell0_X0_Y0_Z0_mono0_fix1/shell3_X-3_Y-1_Z-2_mono0_fix1//test20tig_AVTZ// DONE 16.928006948810463 2	0.00004239 0.00025585 0.00037681 0.00001238 -0.00034679 -0.00032844 -0.00033905
shell0_X0_Y0_Z0_mono0_fix1/shell3_X0_Y3_Z-1_mono1_fix1//test20tig_AVTZ// DONE 16.93026570708809 2	0.00009297 0.00027771 0.00036835 0.00001549 -0.00029087 -0.00027968 -0.00028615
shell0_X0_Y0_Z0_mono0_fix1/shell2_X0_Y-2_Z-1_mono1_fix1//test20tig_AVTZ// DONE 16.930265774953295 2	0.00009885 0.00027772 0.00037802 0.00000932 -0.00028849 -0.00028014 -0.00028497
shell0_X0_Y0_Z0_mono0_fix1/shell2_X-2_Y2_Z1_mono0_fix1//test20tig_AVTZ// DONE 16.930395445637572 2	0.00038987 0.00048251 0.00073283 -0.00006413 -0.00027883 -0.00037081 -0.00031763
shell0_X0_Y0_Z0_mono0_fix1/shell3_X3_Y-1_Z2_mono0_fix1//test20tig_AVTZ// DONE 16.959525324251047 2	-0.00038226 -0.00021979 -0.00030739 0.00001265 -0.00008752 -0.00006468 -0.00007789
shell0_X0_Y0_Z0_mono0_fix1/shell4_X-4_Y1_Z-2_mono1_fix1//test20tig_AVTZ// DONE 17.23159550899095 1	-0.00018186 -0.00002872 -0.00000174 -0.00000343 -0.00017668 -0.00017463 -0.00017581
shell0_X0_Y0_Z0_mono0_fix1/shell4_X-4_Y0_Z-2_mono1_fix1//test20tig_AVTZ// DONE 17.231595525132125 1	-0.00019924 -0.00002872 -0.00002407 0.00002711 -0.00020228 -0.00017824 -0.00019214
shell0_X0_Y0_Z0_mono0_fix1/shell3_X3_Y1_Z1_mono1_fix1//test20tig_AVTZ// DONE 17.231596641369453 1	-0.00020184 -0.00002873 -0.00002037 0.00002209 -0.00020357 -0.00016975 -0.00018930
shell0_X0_Y0_Z0_mono0_fix1/shell3_X3_Y0_Z1_mono1_fix1//test20tig_AVTZ// DONE 17.231596651462336 1	-0.00019796 -0.00002872 -0.00001785 0.00001860 -0.00019871 -0.00017176 -0.00018734
shell0_X0_Y0_Z0_mono0_fix1/shell3_X-2_Y-1_Z3_mono0_fix1//test20tig_AVTZ// DONE 17.257440564519097 2	-0.00023695 -0.00009453 -0.00013274 0.00000370 -0.00010791 -0.00010414 -0.00010632
shell0_X0_Y0_Z0_mono0_fix1/shell3_X2_Y-1_Z-3_mono0_fix1//test20tig_AVTZ// DONE 17.288923436234775 2	0.00011191 0.00023406 0.00034898 -0.00000665 -0.00023042 -0.00022892 -0.00022979
shell0_X0_Y0_Z0_mono0_fix1/shell4_X1_Y0_Z-4_mono0_fix1//test20tig_AVTZ// DONE 17.331446415940594 2	-0.00035642 -0.00024322 -0.00030920 0.00001024 -0.00005745 -0.00004335 -0.00005150
shell0_X0_Y0_Z0_mono0_fix1/shell4_X-1_Y2_Z-4_mono1_fix1//test20tig_AVTZ// DONE 17.435403948809842 1	-0.00022916 -0.00009137 -0.00012927 0.00002382 -0.00012371 -0.00009989 -0.00011366
shell0_X0_Y0_Z0_mono0_fix1/shell4_X-1_Y-1_Z-4_mono1_fix1//test20tig_AVTZ// DONE 17.435403996127395 1	-0.00021977 -0.00009136 -0.00011670 0.00000666 -0.00010972 -0.00009762 -0.00010462
shell0_X0_Y0_Z0_mono0_fix1/shell3_X0_Y2_Z3_mono1_fix1//test20tig_AVTZ// DONE 17.43540671803995 1	-0.00023316 -0.00009136 -0.00012904 0.00002358 -0.00012770 -0.00009417 -0.00011356
shell0_X0_Y0_Z0_mono0_fix1/shell3_X0_Y-1_Z3_mono1_fix1//test20tig_AVTZ// DONE 17.43540674830702 1	-0.00023003 -0.00009136 -0.00012866 0.00002303 -0.00012440 -0.00009798 -0.00011325
shell0_X0_Y0_Z0_mono0_fix1/shell4_X0_Y1_Z-4_mono0_fix1//test20tig_AVTZ// DONE 17.631886911598325 2	-0.00001488 0.00011978 0.00015129 -0.00000569 -0.00016048 -0.00015696 -0.00015900
shell0_X0_Y0_Z0_mono0_fix1/shell4_X0_Y-1_Z-4_mono0_fix1//test20tig_AVTZ// DONE 17.64206158009006 2	-0.00032775 -0.00022011 -0.00029636 0.00001051 -0.00004191 -0.00003259 -0.00003798
shell0_X0_Y0_Z0_mono0_fix1/shell4_X0_Y2_Z-4_mono1_fix1//test20tig_AVTZ// DONE 17.728157860131727 1	-0.00027387 -0.00016033 -0.00021440 0.00002095 -0.00008042 -0.00005863 -0.00007123
shell0_X0_Y0_Z0_mono0_fix1/shell4_X0_Y-1_Z-4_mono1_fix1//test20tig_AVTZ// DONE 17.72815790574649 1	-0.00027414 -0.00016032 -0.00021681 0.00002436 -0.00008169 -0.00006125 -0.00007307
shell0_X0_Y0_Z0_mono0_fix1/shell3_X-1_Y2_Z3_mono1_fix1//test20tig_AVTZ// DONE 17.728160609541657 1	-0.00026798 -0.00016031 -0.00021148 0.00001723 -0.00007373 -0.00006287 -0.00006915
shell0_X0_Y0_Z0_mono0_fix1/shell3_X-1_Y-1_Z3_mono1_fix1//test20tig_AVTZ// DONE 17.728160640177656 1	-0.00026633 -0.00016032 -0.00020761 0.00001180 -0.00007051 -0.00006025 -0.00006618
shell0_X0_Y0_Z0_mono0_fix1/shell3_X-1_Y3_Z-2_mono1_fix1//test20tig_AVTZ// DONE 17.798415795880207 1	0.00007281 0.00019674 0.00028459 -0.00000201 -0.00020977 -0.00020475 -0.00020766
shell0_X0_Y0_Z0_mono0_fix1/shell2_X-1_Y-2_Z-2_mono1_fix1//test20tig_AVTZ// DONE 17.798415865688316 1	0.00006449 0.00019674 0.00027416 0.00001200 -0.00022167 -0.00020688 -0.00021543
shell0_X0_Y0_Z0_mono0_fix1/shell3_X0_Y3_Z1_mono1_fix1//test20tig_AVTZ// DONE 17.798416963063172 1	0.00007385 0.00019674 0.00028557 -0.00000360 -0.00020812 -0.00020499 -0.00020680
shell0_X0_Y0_Z0_mono0_fix1/shell2_X0_Y-2_Z1_mono1_fix1//test20tig_AVTZ// DONE 17.798417019918144 1	0.00006967 0.00019674 0.00028209 0.00000099 -0.00021341 -0.00020479 -0.00020977
shell0_X0_Y0_Z0_mono0_fix1/shell2_X-2_Y-2_Z-2_mono0_fix1//test20tig_AVTZ// DONE 17.807696100392644 2	-0.00023702 -0.00007575 -0.00013497 0.00003681 -0.00013887 -0.00010158 -0.00012314
shell0_X0_Y0_Z0_mono0_fix1/shell3_X-3_Y0_Z-3_mono0_fix1//test20tig_AVTZ// DONE 17.81110250844444 2	0.00003358 0.00017291 0.00024698 -0.00000659 -0.00020681 -0.00020750 -0.00020710
shell0_X0_Y0_Z0_mono0_fix1/shell2_X2_Y-2_Z2_mono0_fix1//test20tig_AVTZ// DONE 17.84036279195925 2	-0.00029636 -0.00019738 -0.00025581 0.00001090 -0.00005146 -0.00003828 -0.00004590
shell0_X0_Y0_Z0_mono0_fix1/shell3_X-3_Y2_Z-3_mono1_fix1//test20tig_AVTZ// DONE 17.87976960789148 1	-0.00010493 0.00001606 0.00002829 -0.00000911 -0.00012412 -0.00012796 -0.00012574
shell0_X0_Y0_Z0_mono0_fix1/shell3_X-3_Y-1_Z-3_mono1_fix1//test20tig_AVTZ// DONE 17.879769653872753 1	-0.00011144 0.00001605 0.00002149 0.00000056 -0.00013348 -0.00012799 -0.00013116
shell0_X0_Y0_Z0_mono0_fix1/shell2_X2_Y2_Z2_mono1_fix1//test20tig_AVTZ// DONE 17.879771493198973 1	-0.00011246 0.00001605 0.00001801 0.00000507 -0.00013554 -0.00013094 -0.00013360
shell0_X0_Y0_Z0_mono0_fix1/shell2_X2_Y-1_Z2_mono1_fix1//test20tig_AVTZ// DONE 17.87977152299502 1	-0.00010965 0.00001605 0.00001546 0.00000862 -0.00013373 -0.00013819 -0.00013561
shell0_X0_Y0_Z0_mono0_fix1/shell4_X-1_Y-1_Z-4_mono0_fix1//test20tig_AVTZ// DONE 17.9067560109396 2	-0.00031083 -0.00018896 -0.00027483 0.00002295 -0.00005894 -0.00003333 -0.00004814
shell0_X0_Y0_Z0_mono0_fix1/shell4_X-1_Y1_Z-4_mono0_fix1//test20tig_AVTZ// DONE 17.90752430110886 2	0.00006118 0.00018310 0.00024243 -0.00001790 -0.00016335 -0.00017076 -0.00016647
shell0_X0_Y0_Z0_mono0_fix1/shell3_X0_Y3_Z-2_mono1_fix1//test20tig_AVTZ// DONE 17.921843681770326 1	-0.00005866 0.00005777 0.00008976 0.00000622 -0.00015465 -0.00014270 -0.00014961
shell0_X0_Y0_Z0_mono0_fix1/shell2_X0_Y-2_Z-2_mono1_fix1//test20tig_AVTZ// DONE 17.92184374946378 1	-0.00005905 0.00005777 0.00008955 0.00000655 -0.00015515 -0.00014249 -0.00014981
shell0_X0_Y0_Z0_mono0_fix1/shell3_X-1_Y3_Z1_mono1_fix1//test20tig_AVTZ// DONE 17.921844859568285 2	-0.00005074 0.00005777 0.00009842 -0.00000554 -0.00014362 -0.00014237 -0.00014309
shell0_X0_Y0_Z0_mono0_fix1/shell3_X-3_Y-1_Z2_mono0_fix1//test20tig_AVTZ// DONE 17.938737430356248 2	-0.00022821 -0.00010247 -0.00014718 0.00000655 -0.00008758 -0.00007779 -0.00008345
shell0_X0_Y0_Z0_mono0_fix1/shell3_X-3_Y1_Z2_mono0_fix1//test20tig_AVTZ// DONE 17.97478024579154 2	0.00012989 0.00020786 0.00031909 -0.00005066 -0.00013855 -0.00017344 -0.00015327
shell0_X0_Y0_Z0_mono0_fix1/shell4_X-3_Y1_Z-4_mono1_fix1//test20tig_AVTZ// DONE 17.998901006050314 1	-0.00007526 0.00006347 0.00007243 0.00001560 -0.00016329 -0.00014439 -0.00015531
shell0_X0_Y0_Z0_mono0_fix1/shell4_X-3_Y0_Z-4_mono1_fix1//test20tig_AVTZ// DONE 17.99890102180382 1	-0.00007251 0.00006347 0.00007391 0.00001350 -0.00015992 -0.00014632 -0.00015418
shell0_X0_Y0_Z0_mono0_fix1/shell3_X2_Y1_Z3_mono1_fix1//test20tig_AVTZ// DONE 17.99890362628945 1	-0.00006931 0.00006346 0.00007978 0.00000518 -0.00015427 -0.00014390 -0.00014990
shell0_X0_Y0_Z0_mono0_fix1/shell3_X2_Y0_Z3_mono1_fix1//test20tig_AVTZ// DONE 17.998903635637554 1	-0.00007995 0.00006346 0.00007139 0.00001695 -0.00016828 -0.00013919 -0.00015601
shell0_X0_Y0_Z0_mono0_fix1/shell3_X-2_Y3_Z-1_mono1_fix1//test20tig_AVTZ// DONE 18.067309350675327 2	-0.00000689 0.00011851 0.00014416 0.00000477 -0.00015582 -0.00014434 -0.00015097
shell0_X0_Y0_Z0_mono0_fix1/shell2_X-2_Y-2_Z-1_mono1_fix1//test20tig_AVTZ// DONE 18.067309417429374 2	-0.00001070 0.00011850 0.00014413 0.00000443 -0.00015926 -0.00014035 -0.00015128
shell0_X0_Y0_Z0_mono0_fix1/shell3_X0_Y-2_Z3_mono0_fix1//test20tig_AVTZ// DONE 18.068303457005015 2	0.00001737 0.00013789 0.00017406 -0.00000336 -0.00015333 -0.00015230 -0.00015289
shell0_X0_Y0_Z0_mono0_fix1/shell3_X0_Y-2_Z-3_mono0_fix1//test20tig_AVTZ// DONE 18.08257186051416 2	-0.00018317 -0.00006512 -0.00012748 0.00001393 -0.00006962 -0.00005372 -0.00006292
shell0_X0_Y0_Z0_mono0_fix1/shell3_X3_Y1_Z-2_mono1_fix1//test20tig_AVTZ// DONE 18.10682468979288 1	0.00004757 0.00017189 0.00022427 0.00001152 -0.00018822 -0.00017894 -0.00018430
shell0_X0_Y0_Z0_mono0_fix1/shell3_X3_Y0_Z-2_mono1_fix1//test20tig_AVTZ// DONE 18.106824701906323 1	0.00005105 0.00017188 0.00023170 0.00000107 -0.00018172 -0.00017504 -0.00017890
shell0_X0_Y0_Z0_mono0_fix1/shell4_X-4_Y1_Z1_mono1_fix1//test20tig_AVTZ// DONE 18.106825905772144 1	0.00005679 0.00017188 0.00023340 -0.00000098 -0.00017563 -0.00017980 -0.00017739
shell0_X0_Y0_Z0_mono0_fix1/shell4_X-4_Y0_Z1_mono1_fix1//test20tig_AVTZ// DONE 18.106825918564716 1	0.00005947 0.00017188 0.00023987 -0.00000972 -0.00017068 -0.00017508 -0.00017254
shell0_X0_Y0_Z0_mono0_fix1/shell4_X-2_Y0_Z-4_mono0_fix1//test20tig_AVTZ// DONE 18.143504622870825 2	0.00002569 0.00014765 0.00019963 -0.00000672 -0.00016723 -0.00016543 -0.00016647
shell0_X0_Y0_Z0_mono0_fix1/shell3_X1_Y3_Z-1_mono1_fix1//test20tig_AVTZ// DONE 18.18887037728976 2	-0.00011934 0.00000260 -0.00001851 0.00001323 -0.00011406 -0.00008839 -0.00010323
shell0_X0_Y0_Z0_mono0_fix1/shell2_X1_Y-2_Z-1_mono1_fix1//test20tig_AVTZ// DONE 18.1888704385797 2	-0.00010981 0.00000260 -0.00001946 0.00001453 -0.00010488 -0.00010272 -0.00010397
shell0_X0_Y0_Z0_mono0_fix1/shell4_X-2_Y2_Z-4_mono1_fix1//test20tig_AVTZ// DONE 18.342637662826256 1	-0.00011182 0.00000010 -0.00000485 0.00000919 -0.00011616 -0.00009400 -0.00010681
shell0_X0_Y0_Z0_mono0_fix1/shell4_X-2_Y-1_Z-4_mono1_fix1//test20tig_AVTZ// DONE 18.342637707864537 1	-0.00010891 0.00000010 -0.00000587 0.00001086 -0.00011389 -0.00009839 -0.00010735
shell0_X0_Y0_Z0_mono0_fix1/shell3_X1_Y2_Z3_mono1_fix1//test20tig_AVTZ// DONE 18.342640269440327 1	-0.00010700 0.00000010 -0.00000376 0.00000759 -0.00011083 -0.00009916 -0.00010590
shell0_X0_Y0_Z0_mono0_fix1/shell3_X1_Y-1_Z3_mono1_fix1//test20tig_AVTZ// DONE 18.342640298206202 1	-0.00010658 0.00000010 -0.00000555 0.00001047 -0.00011150 -0.00010111 -0.00010712
shell0_X0_Y0_Z0_mono0_fix1/shell3_X1_Y2_Z3_mono0_fix1//test20tig_AVTZ// DONE 18.416614944968845 2	-0.00028491 -0.00018754 -0.00028402 0.00000147 -0.00000236 -0.00000424 -0.00000315
shell0_X0_Y0_Z0_mono0_fix1/shell3_X-1_Y2_Z-3_mono0_fix1//test20tig_AVTZ// DONE 18.42241701629805 2	-0.00004048 0.00002728 0.00007194 -0.00004410 -0.00006832 -0.00009592 -0.00007996
shell0_X0_Y0_Z0_mono0_fix1/shell2_X2_Y2_Z-2_mono0_fix1//test20tig_AVTZ// DONE 18.448130036498895 2	0.00006159 0.00017359 0.00024344 -0.00000640 -0.00017545 -0.00017523 -0.00017536
shell0_X0_Y0_Z0_mono0_fix1/shell2_X2_Y-2_Z-2_mono0_fix1//test20tig_AVTZ// DONE 18.49526349966686 2	0.00032282 0.00040914 0.00057982 -0.00001795 -0.00023904 -0.00024858 -0.00024307
shell0_X0_Y0_Z0_mono0_fix1/shell4_X-1_Y-1_Z4_mono0_fix1//test20tig_AVTZ// DONE 18.54260717401357 2	-0.00012305 -0.00000538 -0.00003992 0.00003333 -0.00011646 -0.00008268 -0.00010221
shell0_X0_Y0_Z0_mono0_fix1/shell4_X-4_Y0_Z0_mono0_fix1//test20tig_AVTZ// DONE 18.55807330425707 2	-0.00025807 -0.00016991 -0.00023951 -0.00001715 -0.00000141 -0.00001125 -0.00000556
shell0_X0_Y0_Z0_mono0_fix1/shell4_X1_Y-1_Z-4_mono0_fix1//test20tig_AVTZ// DONE 18.56076474560414 2	-0.00013568 -0.00005876 -0.00006470 0.00000799 -0.00007897 -0.00006677 -0.00007383