4.38165304261412 -1.92802348 -0.8570126 1.320038 -0.3055524 -2.94250908 -2.799412 -2.88214
4.689718751012225 -2.56837177 -0.9960498 2.0755385 -0.437857 -4.20605327 -4.007847 -4.122435
4.689718793492955 -3.2087193700000003 -1.1350886 2.8310371 -0.5701622 -5.46959427 -5.216284 -5.362729
4.689720349898126 -3.84906467 -1.274128 3.5865419000000003 -0.7024703 -6.73313627 -6.424722 -6.603024
4.689720404504576 -4.48940694 -1.4131658999999999 4.342048200000001 -0.8347796 -7.99667554 -7.633159 -7.843317
4.8542918473850225 -5.8108142 -1.8950896999999998 5.376042400000001 -1.0806221999999999 -10.1062344 -9.635741 -9.907745
4.879875191366439 -6.47191341 -2.3310353999999998 5.6511862000000015 -1.15694857 -10.96615104 -10.4452521 -10.7463968
4.879875284071528 -7.13301398 -2.7669859999999997 5.926330300000002 -1.2332759199999999 -11.826068359999999 -11.2547651 -11.5850498
4.879876783261088 -7.7940951400000005 -3.2029303999999996 6.2014878000000015 -1.3096194899999998 -12.68596345 -12.0642723 -12.4236875
4.879876784204481 -8.45518216 -3.6388795999999997 6.476641800000001 -1.3859596199999997 -13.54586434 -12.8737808 -13.2623291
6.064820747978854 -8.76178574 -3.7841440599999996 6.955185600000001 -1.5006125599999998 -14.21635878 -13.5519338 -13.936054500000001
6.602802553139406 -8.9455527 -3.8922498199999995 6.884004620000001 -1.5068449199999998 -14.3227124 -13.65650168 -14.04165476
6.810811507043177 -9.126061980000001 -4.002660219999999 6.797069500000001 -1.51245222 -14.41067926 -13.7424597 -14.12877414
7.324543867648097 -9.16606394 -4.012691919999999 6.794477700000001 -1.51448181 -14.44605983 -13.77786414 -14.16416478
7.324543907536211 -9.206065820000001 -4.022723279999999 6.791886310000001 -1.5165113799999999 -14.481440749999999 -13.81326867 -14.19955566
7.324546685996958 -9.246064200000001 -4.032754689999999 6.789300260000001 -1.5185448199999998 -14.51681964 -13.84867259 -14.23494511
7.3245467079324795 -9.286063850000001 -4.042786439999999 6.786713780000001 -1.5205782599999997 -14.55219937 -13.88407643 -14.27033501
7.64669015623292 -9.31350624 -4.050733099999999 6.781475040000001 -1.5212106099999998 -14.57377068 -13.90557329 -14.29187491
7.646690203091246 -9.340952020000001 -4.058679649999998 6.776236230000001 -1.5218422699999998 -14.59534599 -13.927065709999999 -14.31341525
7.64669296991229 -9.36838095 -4.066625929999998 6.771009280000001 -1.52248605 -14.61690419 -13.948569269999998 -14.3349504
7.646692981710969 -9.39581459 -4.074572329999998 6.7657710400000015 -1.52311847 -14.63846717 -13.970077349999999 -14.35649022
7.918115177639053 -9.43712539 -4.077576569999998 6.767297840000001 -1.52456269 -14.679860530000001 -14.011463209999999 -14.39788042
7.9370587750867125 -9.46633907 -4.085159069999998 6.762083780000001 -1.52543553 -14.702987310000001 -14.034529329999998 -14.42098161
7.937058818163156 -9.49554824 -4.092741969999998 6.756874720000001 -1.52631229 -14.72611065 -14.057596349999997 -14.44408119
7.937059651198265 -9.524746519999999 -4.100324899999998 6.75166523 -1.52718995 -14.74922177 -14.080679469999998 -14.4671805
7.937059665509641 -9.553946159999999 -4.107907419999997 6.74645252 -1.5280638199999999 -14.77233483 -14.103762989999998 -14.490281099999999
7.94785401225415 -9.594421559999999 -4.115034519999997 6.7383375 -1.52888184 -14.80387719 -14.135159769999998 -14.521762039999999
8.165893982210708 -9.63107992 -4.109014619999997 6.76012812 -1.5316707999999999 -14.85953721 -14.191319429999998 -14.577632839999998
8.232858600601466 -9.64969604 -4.112213669999997 6.75782948 -1.53209125 -14.875434239999999 -14.207158689999998 -14.593505499999997
8.232858625612328 -9.66831253 -4.1154130099999975 6.75553039 -1.53251155 -14.891331339999999 -14.222997899999998 -14.609378179999997
8.232859489005401 -9.68693741 -4.118612499999998 6.75323025 -1.53293051 -14.90723712 -14.238826859999998 -14.625251549999996
8.232859518875284 -9.70556166 -4.121811709999998 6.75093113 -1.5333504 -14.923142369999999 -14.254655859999998 -14.641124629999997
8.27527950048686 -9.71907116 -4.113696209999998 6.76741699 -1.53404826 -14.95243987 -14.284244779999998 -14.670545069999998
8.293258355384793 -9.76003794 -4.129379669999998 6.74890359 -1.53392648 -14.97501503 -14.306380659999999 -14.692934909999998
8.971985427673124 -9.78793084 -4.134980949999997 6.74174535 -1.53388078 -14.99579539 -14.326876859999999 -14.713595389999998
9.035177165497887 -9.81410676 -4.147101549999998 6.726625830000001 -1.53343822 -15.00729435 -14.337959279999998 -14.724918609999998
9.153763844015145 -9.821937179999999 -4.136801669999998 6.7414827100000005 -1.5342185400000001 -15.029201330000001 -14.360362179999997 -14.747034809999997
9.295490539077504 -9.82653036 -4.123638409999998 6.761065690000001 -1.53526976 -15.052326270000002 -14.384168419999998 -14.770447169999997
9.361506889970096 -9.85222974 -4.134172709999998 6.745270990000001 -1.53498094 -15.062519790000001 -14.394058659999999 -14.780512749999996
9.387373487374097 -9.8393283 -4.110630289999998 6.779167910000001 -1.53593014 -15.082566070000002 -14.414669799999999 -14.800797329999996
9.573570512557703 -9.84579605 -4.110174399999998 6.780289140000001 -1.53601505 -15.090070140000002 -14.422220109999998 -14.808320909999997
9.573570545117207 -9.852270520000001 -4.109718629999998 6.781409710000001 -1.53609933 -15.097580900000002 -14.429761819999998 -14.815844729999997
9.573572628954876 -9.858749940000001 -4.109262989999998 6.782521040000001 -1.53617536 -15.105095620000002 -14.437305539999997 -14.823371689999997
9.573572643884125 -9.865216490000002 -4.108807239999997 6.783648840000001 -1.5362669400000002 -15.112598400000001 -14.444850049999998 -14.830892069999997
9.80780491502408 -9.881684850000001 -4.117227819999997 6.773141460000001 -1.53609122 -15.118735100000002 -14.450832409999999 -14.836963649999998
9.903259070833585 -9.89477411 -4.118815999999997 6.771504300000001 -1.53610844 -15.130170000000001 -14.462152369999998 -14.848350049999997
10.272462453065987 -9.89676839 -4.117296539999997 6.773752690000001 -1.53619836 -15.13432275 -14.466351509999999 -14.852522369999997
10.27246247983005 -9.89878708 -4.115777159999997 6.775979420000001 -1.53626408 -15.13850245 -14.470544319999998 -14.856707599999996
10.272464555493372 -9.90077749 -4.114257819999997 6.778227910000002 -1.53635447 -15.14265095 -14.474749029999998 -14.860879819999996
10.27246457253201 -9.902764569999999 -4.112738389999997 6.780476610000002 -1.53644507 -15.14679613 -14.478958029999998 -14.865051919999996
10.479836115247128 -9.902555399999999 -4.109147849999997 6.785529150000002 -1.5366089900000002 -15.15147558 -14.483762419999998 -14.869784079999995
10.479836186966653 -9.90233318 -4.105557319999996 6.790582790000002 -1.5367743400000002 -15.15614166 -14.488583729999998 -14.874515649999996
10.47983678588932 -9.90211002 -4.101966769999996 6.795637450000002 -1.5369413400000003 -15.160806169999999 -14.493404899999998 -14.879246249999996
10.479836843290183 -9.90190199 -4.098376209999996 6.800691770000002 -1.5371080000000004 -15.165485799999999 -14.498205629999998 -14.883976969999996
10.506825541052299 -9.91418127 -4.104177689999996 6.791828890000002 -1.5369034200000005 -15.1691068 -14.501637929999998 -14.887518349999995
10.55227031009794 -9.916056320000001 -4.102886499999996 6.793707350000003 -1.5369595400000005 -15.17280418 -14.505365309999998 -14.891228389999995
10.552270378746124 -9.91793112 -4.101595309999996 6.795584610000002 -1.5370121600000004 -15.17650363 -14.50909256 -14.894939569999995
10.55227099737296 -9.91980204 -4.100304079999996 6.7974679200000026 -1.5370729700000003 -15.180197049999999 -14.51281979 -14.898647249999994
10.552271056865091 -9.92167366 -4.099012859999997 6.799352720000003 -1.5371353000000003 -15.18389113 -14.51654475 -14.902354359999995
10.597767900119495 -9.92277732 -4.093709199999997 6.806049020000002 -1.5372129800000003 -15.191613409999999 -14.52432265 -14.910100099999996
10.621615668329172 -9.931127179999999 -4.096573479999996 6.801682000000002 -1.5371285400000003 -15.195680689999998 -14.52836207 -14.914155619999995
10.88405459527898 -9.934318039999999 -4.097174359999997 6.800606860000002 -1.5370902900000003 -15.197834669999997 -14.53047992 -14.916294359999995
10.88405462313503 -9.93751412 -4.097775189999997 6.799527850000002 -1.5370448900000002 -15.199997139999997 -14.53259757 -14.918437919999995
10.884057744900195 -9.94070773 -4.0983759999999965 6.798450330000002 -1.5370006500000002 -15.202157459999997 -14.53471673 -14.920580879999996
10.884057758513 -9.94389869 -4.098976869999997 6.797375180000002 -1.5369614600000001 -15.204312459999997 -14.53683474 -14.922720269999996
11.227186363707679 -9.94780883 -4.099181409999997 6.797157700000002 -1.5370035400000002 -15.207963039999997 -14.5405427 -14.926395049999996
11.227189480441503 -9.95173365 -4.099385849999997 6.7969339200000025 -1.5370349 -15.211632719999997 -14.544240499999999 -14.930076589999997
11.29424631152965 -9.95979049 -4.102907149999997 6.7918611600000025 -1.5369364 -15.214715299999996 -14.5472422 -14.933125049999997
11.31644354548893 -9.962752329999999 -4.101926969999997 6.793013540000002 -1.53689972 -15.218866179999996 -14.55141198 -14.937283909999998
11.431705900717049 -9.964283989999998 -4.0985240099999976 6.798245640000002 -1.53703868 -15.225490959999995 -14.55806926 -14.943922409999997
11.511985300913397 -9.96675281 -4.097870049999997 6.799175860000002 -1.53704382 -15.228884839999996 -14.56145822 -14.947314229999996
11.801089846871273 -9.968095069999999 -4.095846449999997 6.801767000000002 -1.53708302 -15.232779059999995 -14.56545136 -14.951250169999996
11.854553024155814 -9.96575407 -4.091106169999997 6.808723980000002 -1.5373719000000001 -15.237106159999994 -14.57003828 -14.955686869999996
11.891151656917735 -9.96676681 -4.088286789999997 6.8130409200000015 -1.5374626400000002 -15.242345099999994 -14.57534352 -14.960953789999996
11.892728247980974 -9.96747993 -4.087533919999997 6.814187470000001 -1.5374271900000003 -15.244240219999995 -14.577207600000001 -14.962835819999997
11.8927283170759 -9.968191039999999 -4.086781039999996 6.815335240000001 -1.5373929700000002 -15.246133329999994 -14.579073160000002 -14.964717309999997
11.892730010336884 -9.968897779999999 -4.086028129999996 6.8164888700000015 -1.53736449 -15.248022179999994 -14.580937110000002 -14.966595649999997
11.892730055033091 -9.969612099999999 -4.085275239999996 6.817633820000001 -1.53732722 -15.249918729999994 -14.582801200000002 -14.968478509999997
11.9138079772099 -9.9703351 -4.082443319999996 6.821610660000001 -1.53737714 -15.254568649999994 -14.587510820000002 -14.973153609999997
11.9543527609583 -9.976172739999999 -4.085885699999996 6.817089360000001 -1.53735448 -15.255907629999994 -14.588831940000002 -14.974485049999997
12.081056531222636 -9.97832691 -4.086832689999996 6.815935960000001 -1.53731142 -15.256951459999994 -14.589842140000002 -14.975514689999997
12.081056597548143 -9.98048189 -4.087779679999996 6.814782190000001 -1.53726982 -15.257994269999994 -14.590849780000001 -14.976542659999998
12.081058295088953 -9.98263108 -4.0887266199999965 6.813639880000001 -1.5372365899999998 -15.259034389999995 -14.59185717 -14.977568969999998
12.081058340631005 -9.9847847 -4.089673569999997 6.812486410000001 -1.5371932599999998 -15.260077869999995 -14.59286831 -14.978598799999999
12.129643244138835 -9.986599230000001 -4.090001899999997 6.812062830000001 -1.5371130199999998 -15.261549049999994 -14.59426309 -14.98003775
12.129643268335899 -9.988403730000002 -4.090330249999997 6.8116448200000015 -1.5370416799999997 -15.263006889999994 -14.59566238 -14.981470889999999
12.12964376486562 -9.990208840000001 -4.090658589999998 6.811226030000001 -1.5369694799999998 -15.264465399999995 -14.59706165 -14.98290441
12.129643778001537 -9.99200781 -4.090986909999998 6.810810570000001 -1.5368987799999998 -15.265919609999996 -14.598465670000001 -14.98433745
12.288125498378834 -9.99334223 -4.091031469999998 6.810550480000001 -1.5368839499999998 -15.267008759999996 -14.599541430000002 -14.98542095
12.288125561514361 -9.99473001 -4.091076039999998 6.810224520000001 -1.5367974799999997 -15.268157059999997 -14.600615860000001 -14.98653808
12.28812604120356 -9.99611507 -4.091120599999998 6.809899270000001 -1.5367117699999997 -15.269302579999996 -14.601693280000001 -14.98765487
12.288126088308935 -9.99750266 -4.091165149999998 6.809574040000001 -1.5366260899999997 -15.270450629999996 -14.60276716 -14.98877163
12.307337373733754 -10.00149678 -4.093069789999999 6.807023480000001 -1.5364877299999997 -15.272032529999995 -14.60432928 -14.990345190000001
12.382809884255245 -10.00314568 -4.092027109999998 6.808658660000001 -1.5365688299999998 -15.275235509999995 -14.60762838 -14.99358873
12.394697932541886 -10.00412083 -4.091698319999998 6.8090155800000005 -1.5365372299999998 -15.276599189999995 -14.60897263 -14.994944210000002
12.394697956586858 -10.00510745 -4.091369549999998 6.809359690000001 -1.5364946999999998 -15.277972449999995 -14.610313660000001 -14.996303870000002
12.394700658765307 -10.00609543 -4.091040789999997 6.809693230000001 -1.5364366099999998 -15.279352059999995 -14.611666520000002 -14.997672200000002
12.3947006712363 -10.007085570000001 -4.090712039999997 6.810031230000001 -1.5363842399999998 -15.280732569999996 -14.613010860000001 -14.999037450000001
12.43658415588797 -10.007967800000001 -4.090366469999997 6.810430630000001 -1.5363382199999998 -15.282060219999996 -14.614309080000002 -15.00035268
12.436584171531699 -10.008850950000001 -4.090020909999996 6.810830260000001 -1.5362924499999997 -15.283388769999997 -14.615605810000002 -15.00166781
12.436584770825997 -10.00973813 -4.089675399999996 6.811224330000001 -1.5362404499999998 -15.284722019999997 -14.616902970000002 -15.002985840000001
12.436584791502533 -10.01062727 -4.089329879999997 6.811618170000001 -1.5361882099999997 -15.286057239999996 -14.618197670000002 -15.00430397
12.453271462979721 -10.00834601 -4.085014959999997 6.817515410000001 -1.5362479099999997 -15.289613519999996 -14.621764970000003 -15.00786489
12.470204952125625 -10.01058473 -4.086206839999997 6.815767260000001 -1.5362794499999997 -15.290072549999996 -14.622262170000003 -15.008340030000001
12.470205005668651 -10.01283351 -4.087398739999998 6.8140216900000015 -1.5363138799999996 -15.290541319999996 -14.622742740000003 -15.00881378
12.470205547868273 -10.01508399 -4.088590629999998 6.812276570000002 -1.5363487899999997 -15.291011759999996 -14.623220480000002 -15.0092873
12.470205602821212 -10.01734186 -4.089782499999998 6.810513490000002 -1.5363643399999998 -15.291491009999996 -14.623714740000002 -15.00977288
12.79837182131102 -10.01865538 -4.0890204799999985 6.811334830000002 -1.5362219999999998 -15.293768209999996 -14.625886980000002 -15.0120058
12.885391568406023 -10.02235188 -4.091020419999999 6.808409830000001 -1.5359965999999998 -15.294765109999997 -14.626699600000002 -15.012924960000001
13.146758985415401 -10.023365010000001 -4.091092079999998 6.808339560000001 -1.53589147 -15.295813099999997 -14.627669130000003 -15.013939850000002
13.146759008149798 -10.024376210000002 -4.091163759999998 6.808271050000001 -1.53578983 -15.296857419999997 -14.628637680000002 -15.014952210000002
13.146760502226227 -10.02538194 -4.091235479999998 6.808207470000001 -1.5356951399999998 -15.297894249999997 -14.629607360000003 -15.015960710000002
13.146760513950442 -10.02639678 -4.0913071699999985 6.808136880000001 -1.53558972 -15.298943919999997 -14.630574870000004 -15.016975720000001
13.270954127893539 -10.02645814 -4.090678239999998 6.809029220000001 -1.53558719 -15.299900149999997 -14.631524210000004 -15.017929040000002
13.270954148813216 -10.026559820000001 -4.0900493199999985 6.809873960000001 -1.53552969 -15.300904059999997 -14.632472480000004 -15.018909480000001
13.270956795149358 -10.026661420000002 -4.089420399999999 6.810718740000001 -1.53547225 -15.301907889999997 -14.633420780000003 -15.019889880000001
13.270956808138601 -10.026724070000002 -4.0887914699999985 6.811606760000001 -1.53546394 -15.302866869999997 -14.634373960000003 -15.02084641
13.33517811851783 -10.030167410000002 -4.090854649999999 6.808597880000001 -1.5352781 -15.303487189999997 -14.634940360000003 -15.02144397
13.403536023604476 -10.030692150000002 -4.090602229999999 6.80886712 -1.53522403 -15.304335249999996 -14.635737240000003 -15.02227043
13.40353608509439 -10.031219360000001 -4.090349819999999 6.80913678 -1.5351709599999999 -15.305185189999996 -14.636527840000003 -15.023095340000001
13.403537552718758 -10.031725180000002 -4.090097409999999 6.809424030000001 -1.53513716 -15.306012059999995 -14.637328830000003 -15.023911290000001
13.403537592330627 -10.032233950000002 -4.08984499 6.809711310000001 -1.53510335 -15.306841909999996 -14.638125810000004 -15.024727270000001
13.481495287436344 -10.035084050000002 -4.09157035 6.807460130000001 -1.53495557 -15.307588589999996 -14.638745270000003 -15.025420290000001
13.618504014059653 -10.035816450000002 -4.0907461099999995 6.8086961100000005 -1.53493055 -15.309581969999996 -14.640748850000003 -15.027417970000002
13.655137237801833 -10.037888450000002 -4.09154459 6.80747033 -1.5347473299999999 -15.310611409999996 -14.641652370000003 -15.028394290000001
13.895301154027159 -10.039396880000002 -4.0925297 6.80606836 -1.5346803699999998 -15.310784819999997 -14.641781340000003 -15.028548960000002
13.895301207361287 -10.040898380000002 -4.09351483 6.80467157 -1.5346191499999997 -15.310950739999997 -14.641914290000003 -15.028700970000003
13.895302701389518 -10.042398780000001 -4.09449994 6.80328339 -1.5345697199999997 -15.311112389999998 -14.642037530000003 -15.028846420000002
13.895302745331305 -10.04390725 -4.095485040000001 6.80188102 -1.5345022699999997 -15.311285929999999 -14.642166900000003 -15.029001330000002
13.936494404007645 -10.04618645 -4.09661082 6.80018732 -1.5342862099999997 -15.312087509999998 -14.642791180000003 -15.029728110000002
13.947039752824194 -10.04815055 -4.097567700000001 6.79870166 -1.5342999699999997 -15.312552169999998 -14.643315400000004 -15.030217890000003
13.95033872608004 -10.050816650000002 -4.098978720000001 6.79646284 -1.5341737299999998 -15.313105689999999 -14.643751440000004 -15.030721850000003
13.96639031723012 -10.050757390000001 -4.097839960000001 6.797963220000001 -1.5342732499999998 -15.314447309999998 -14.645175840000004 -15.032098390000003
13.973774098217433 -10.05071689 -4.097231550000001 6.798764480000001 -1.5342539599999998 -15.315227349999999 -14.645955740000003 -15.032878370000004
13.973774114765796 -10.0506857 -4.096623160000001 6.799564080000001 -1.5342329199999998 -15.316016799999998 -14.646724490000004 -15.033659090000004
13.973775652525275 -10.050654100000001 -4.096014800000001 6.800364290000001 -1.5342125799999997 -15.316805739999998 -14.647493230000004 -15.034439510000004
13.973775668235369 -10.05056341 -4.095406420000001 6.801228760000001 -1.5342635899999997 -15.317528509999997 -14.648273240000004 -15.035186420000004
13.981812193654894 -10.05275861 -4.096620880000001 6.799483180000001 -1.5341383099999997 -15.318103409999997 -14.648765200000003 -15.035726320000004
14.091118059605131 -10.05462523 -4.09733106 6.798433020000001 -1.5340571899999997 -15.319000989999997 -14.649596860000003 -15.036596100000004
14.134034187848806 -10.05586417 -4.09776662 6.797954340000001 -1.5340499499999998 -15.319768509999998 -14.650359520000002 -15.037361560000004
14.221424004532233 -10.05769467 -4.09843258 6.796897860000001 -1.5339217299999999 -15.320670749999998 -14.651149040000002 -15.038216260000004
14.358581523304705 -10.05819812 -4.0985368499999995 6.796833310000001 -1.5339396099999998 -15.321091779999998 -14.651584130000002 -15.038643220000004
14.35858158144169 -10.05869935 -4.098641109999999 6.796772260000001 -1.5339620199999997 -15.321509549999998 -14.652017810000002 -15.039067700000004
14.358583934969959 -10.059210479999999 -4.098745349999999 6.7967007100000005 -1.5339703399999998 -15.321940809999997 -14.652451510000002 -15.039499990000003
14.358583971060447 -10.059710209999999 -4.0988496099999985 6.796640160000001 -1.5339937699999997 -15.322356569999997 -14.652886590000003 -15.039923900000003
14.408746943252993 -10.06172715 -4.099991169999998 6.79502096 -1.5339580499999996 -15.322790029999997 -14.653343590000004 -15.040367300000003
14.414839975025055 -10.06151135 -4.098943889999998 6.79643944 -1.5340864699999996 -15.323864269999996 -14.654616450000004 -15.041525340000003
14.460065059886931 -10.06266487 -4.0990705699999985 6.79615976 -1.5339680499999997 -15.324856529999996 -14.655477770000005 -15.042462360000004
14.508945052929375 -10.06145959 -4.097067869999998 6.79892722 -1.5339595899999996 -15.326427169999997 -14.657032950000005 -15.044026480000003
14.571058685783044 -10.06347735 -4.098152149999998 6.7972694 -1.5338981699999996 -15.326848509999998 -14.657392270000004 -15.044421660000003
14.600754609128417 -10.06536665 -4.099334489999998 6.79562492 -1.5337093899999996 -15.327282109999997 -14.657786850000004 -15.044838800000003
14.614832315906765 -10.06705273 -4.100319149999998 6.7943621 -1.5336358699999997 -15.327778889999998 -14.658238310000005 -15.045316460000002
14.614834715053357 -10.06875655 -4.101303749999998 6.79308076 -1.5335355299999998 -15.328301709999998 -14.658687770000006 -15.045808340000002
14.707869000789374 -10.06925871 -4.1014065399999975 6.79285495 -1.5335074999999998 -15.328606099999998 -14.658990240000005 -15.046111920000003
14.707869020585198 -10.06975882 -4.101509319999997 6.79265154 -1.5335100099999999 -15.328900289999998 -14.659267990000005 -15.046399170000003
14.707872266198896 -10.070257490000001 -4.101612089999997 6.79242853 -1.5334851999999999 -15.329200759999999 -14.659572030000005 -15.046701150000002
14.707872277066322 -10.070762660000002 -4.101714869999997 6.7922083099999995 -1.5334645299999998 -15.329506369999999 -14.659863350000006 -15.047000730000002
14.764799907068557 -10.071322000000002 -4.101418129999997 6.79261425 -1.5334637299999998 -15.330472469999998 -14.660821370000006 -15.047963430000003
14.79948159907602 -10.071169340000003 -4.100359029999997 6.79404671 -1.5334734899999998 -15.331742509999998 -14.662059570000006 -15.049220030000003
14.810869609804305 -10.070891020000003 -4.099386349999997 6.7953588499999995 -1.5334660099999997 -15.332783809999999 -14.663089490000006 -15.050256530000002
14.836365077938146 -10.072731820000003 -4.100453869999997 6.793703949999999 -1.5334384699999997 -15.332997269999998 -14.663266950000006 -15.050454790000002
15.001851744848004 -10.073100120000003 -4.100253869999997 6.7941159099999995 -1.5336361299999997 -15.333579889999998 -14.663996430000006 -15.051099370000001
15.032015891296195 -10.073270200000003 -4.099921569999997 6.79473813 -1.5337104899999996 -15.334297829999997 -14.664776370000006 -15.051843470000001
15.056582997603156 -10.073892020000002 -4.099903029999997 6.79471209 -1.5336815699999995 -15.334922549999996 -14.665369290000006 -15.05245477
15.056586226714083 -10.074477040000003 -4.099884469999997 6.79470123 -1.5336740099999995 -15.335504289999996 -14.665994130000007 -15.053054690000002
15.225568925229839 -10.074721760000003 -4.099769069999996 6.794878730000001 -1.5336580499999994 -15.335942459999997 -14.666424520000007 -15.05348958
15.225568944359074 -10.074970750000002 -4.099653679999996 6.795053080000001 -1.5336379599999994 -15.336385899999996 -14.666853190000007 -15.05392679
15.225571125474277 -10.075209980000002 -4.099538319999996 6.795237800000001 -1.5336320699999995 -15.336815739999997 -14.667281810000006 -15.05435612
15.225571136058868 -10.075463700000002 -4.099422949999997 6.795409920000001 -1.5336090599999994 -15.337264589999997 -14.667706630000005 -15.054794829999999
15.330218936991185 -10.076084940000001 -4.099707739999997 6.794943010000001 -1.5335879199999993 -15.337440059999997 -14.667857880000005 -15.054960079999999
15.330218987860805 -10.076710960000002 -4.099992529999997 6.794468450000001 -1.5335562999999994 -15.337623139999996 -14.668010840000004 -15.055130459999999
15.330219343675227 -10.077337870000001 -4.100277319999997 6.793993020000001 -1.5335233999999995 -15.337807519999997 -14.668163810000005 -15.05530159
15.330219381175105 -10.07796835 -4.100562099999998 6.793513660000001 -1.5334852799999996 -15.337996759999996 -14.668317010000004 -15.055475629999998
15.419560287236694 -10.078333690000001 -4.100221339999997 6.794033680000001 -1.5334758999999996 -15.338891479999996 -14.669228170000004 -15.056377289999999
15.468774368084398 -10.079087370000002 -4.100524959999998 6.793626080000001 -1.5335671199999996 -15.339146319999996 -14.669589490000003 -15.05667705
15.539943753169773 -10.079318760000001 -4.100455689999998 6.793713080000001 -1.5335502399999996 -15.339481589999997 -14.669897800000003 -15.057000949999999
15.539943806822265 -10.079567400000002 -4.100386419999998 6.793782750000001 -1.5335107399999997 -15.339839399999997 -14.670207220000004 -15.05733834
15.539945950822178 -10.079789380000001 -4.100317149999998 6.793875690000001 -1.5335018899999997 -15.340163169999997 -14.670520360000003 -15.057657619999999
15.539945984331949 -10.080032260000001 -4.100247879999998 6.793951770000001 -1.5334700499999998 -15.340513979999997 -14.670826760000002 -15.05798969
15.569951604743169 -10.08143382 -4.101099539999998 6.792663310000002 -1.5334678099999999 -15.340629319999998 -14.670944300000002 -15.05810597
15.569951645390432 -10.082865880000002 -4.101951219999998 6.7913338900000015 -1.5334123299999998 -15.340787439999998 -14.671070680000001 -15.05825069
15.592752709922282 -10.083280320000002 -4.101710759999999 6.791686930000002 -1.5334041699999998 -15.341563059999999 -14.671790360000001 -15.05900271
15.613282823897391 -10.083786580000002 -4.101620459999999 6.791731010000002 -1.5333414899999998 -15.342176079999998 -14.672332800000001 -15.059585949999999
15.628134422686914 -10.08456508 -4.1018591199999985 6.791245770000002 -1.5333187699999997 -15.342492059999998 -14.672635880000001 -15.059896489999998
15.669331298505606 -10.084545680000002 -4.101211019999998 6.792249810000002 -1.5333494299999997 -15.343446019999998 -14.67364962 -15.060875669999998
15.712660654206568 -10.085857480000001 -4.102064059999998 6.791046610000002 -1.5333200899999997 -15.343583959999998 -14.67380746 -15.061021989999999
15.769854211071495 -10.086105360000001 -4.102014049999998 6.791061400000002 -1.5333052399999998 -15.343861479999997 -14.67405267 -15.061285879999998
15.769854229385077 -10.086351520000001 -4.101964029999999 6.791078600000002 -1.5332937699999998 -15.344136309999998 -14.67429724 -15.061547939999999
15.769857224623605 -10.086593 -4.101914019999999 6.791100560000002 -1.5332886899999998 -15.344404839999997 -14.67454208 -15.061806469999999
15.769857234949344 -10.08683687 -4.101864009999999 6.791115560000002 -1.5332741399999998 -15.344678269999998 -14.67479252 -15.062070199999999
15.955869446300113 -10.08788561 -4.102567469999999 6.790283520000003 -1.53334862 -15.344820469999998 -14.674921920000001 -15.062206999999999
16.099963822708663 -10.08910709 -4.103287869999999 6.789156360000002 -1.53331108 -15.344952329999998 -14.675008020000002 -15.062319559999999
16.115286806651564 -10.089874270000001 -4.103709729999999 6.7886483600000025 -1.53334558 -15.345177009999999 -14.675283340000002 -15.0625656
16.148111292290668 -10.0901761 -4.10377414 6.788535990000002 -1.53333876 -15.34537329 -14.675477930000001 -15.06276117
16.148111342680064 -10.09048465 -4.10383856 6.788418360000002 -1.53332465 -15.345578309999999 -14.675670180000001 -15.062960799999999
16.148112532585934 -10.090793510000001 -4.10390298 6.788302570000003 -1.53331307 -15.345782949999998 -14.67585964 -15.063159039999999
16.148112566121075 -10.091103140000001 -4.10396739 6.788186710000002 -1.53330162 -15.345988169999998 -14.67604912 -15.063357619999998
16.19657131788308 -10.09123626 -4.10358703 6.788765730000002 -1.53331402 -15.346687909999998 -14.676751 -15.064058259999998
16.20698451677515 -10.09165052 -4.10349933 6.788897050000003 -1.53330192 -15.347245569999998 -14.67728518 -15.064606019999998
16.22426875876685 -10.09224278 -4.10358131 6.788781070000002 -1.53328236 -15.347741409999998 -14.6777318 -15.065081099999997
16.22545885801144 -10.09242132 -4.10330309 6.7891274100000025 -1.53328196 -15.348266689999997 -14.67824046 -15.065599379999997
16.237643675274423 -10.09295923 -4.10366489 6.788650200000003 -1.53327564 -15.348333719999998 -14.678299619999999 -15.065663089999996
16.237643722772045 -10.09351356 -4.10402669 6.788155330000003 -1.53324422 -15.348424599999998 -14.678358359999999 -15.065740409999997
16.23764585352318 -10.09405132 -4.104388480000001 6.787679390000003 -1.5332385800000001 -15.348492049999997 -14.678415329999998 -15.065803439999996
16.237645889250558 -10.09460713 -4.104750270000001 6.787182490000003 -1.5332053300000001 -15.348584209999997 -14.678474469999998 -15.065881669999996
16.253063649174994 -10.09461249 -4.104493650000001 6.787721550000003 -1.5333158700000002 -15.349018109999998 -14.678987969999998 -15.066349149999995
16.269741392590333 -10.09459865 -4.104067690000001 6.7882311100000035 -1.5333159500000002 -15.349513769999998 -14.679479929999998 -15.066843249999994
16.347790283422473 -10.09545077 -4.104516130000001 6.787593950000003 -1.5332276900000001 -15.349816989999997 -14.679690289999998 -15.067107289999994
16.39567958814046 -10.095314519999999 -4.104162230000001 6.788078300000003 -1.53322375 -15.350169019999997 -14.680011169999998 -15.067446179999994
16.395679603273454 -10.095172319999998 -4.103808330000001 6.788566280000003 -1.53321922 -15.350519319999997 -14.680338089999998 -15.067786619999994
16.395681761713423 -10.095036599999998 -4.10345444 6.7890540400000035 -1.5332144300000001 -15.350876149999996 -14.680656369999998 -15.068127189999995
16.395681774054886 -10.094900679999999 -4.10310055 6.789538150000004 -1.5332102900000002 -15.351228489999995 -14.680977019999998 -15.068466159999995
16.45010944753709 -10.094848999999998 -4.10257935 6.790192670000004 -1.5331796700000002 -15.351861949999995 -14.681583839999998 -15.069088379999995
16.489701089274174 -10.094384419999999 -4.10171049 6.791318290000004 -1.5331528100000003 -15.352549849999996 -14.682242499999997 -15.069763939999994
16.526428084654743 -10.09482018 -4.10167803 6.791366910000004 -1.5331324500000003 -15.353054589999996 -14.682715679999998 -15.070255379999994
16.555903966950844 -10.09503837 -4.10169559 6.791362880000004 -1.5331268200000003 -15.353274379999995 -14.682932229999997 -15.070473799999993
16.555903983217547 -10.09526867 -4.10171315 6.791353860000004 -1.5331145000000004 -15.353507969999995 -14.683138609999997 -15.070695909999992
16.555904316458015 -10.095510149999999 -4.1017307 6.791333030000003 -1.5330860700000004 -15.353757059999996 -14.683344809999996 -15.070926899999993
16.555904327484644 -10.09574616 -4.10174825 6.7913172000000035 -1.5330643400000004 -15.353998969999996 -14.683552089999996 -15.071154199999993
16.57343671801886 -10.0965204 -4.10223615 6.790724700000004 -1.5330386200000004 -15.354206429999996 -14.683732889999996 -15.071350399999993
16.63752219189112 -10.096865099999999 -4.10219353 6.790757020000004 -1.5330209200000005 -15.354601149999995 -14.684094969999997 -15.071731339999992
16.692377424344517 -10.097726579999998 -4.10274185 6.7899823400000034 -1.5330409000000005 -15.354667949999996 -14.684174669999997 -15.071803579999992
16.72412479845399 -10.097716979999998 -4.10256194 6.790231550000003 -1.5330321500000006 -15.354916309999997 -14.684411199999998 -15.072046949999992
16.724124814648594 -10.097695899999998 -4.10238203 6.790502390000003 -1.5330514900000005 -15.355146729999996 -14.684636879999998 -15.072275369999991
16.724127733673054 -10.097695009999997 -4.10220212 6.790753280000003 -1.5330482500000004 -15.355399969999995 -14.684858529999998 -15.07251527999999
16.724127744402512 -10.097664389999997 -4.10202221 6.791025300000003 -1.5330710100000005 -15.355618599999996 -14.685094979999997 -15.07274142999999
16.819852895206044 -10.098138499999997 -4.102310800000001 6.790585020000003 -1.5330391800000005 -15.355684259999997 -14.685116869999996 -15.07278861999999
16.819852936202597 -10.098612239999998 -4.102599400000001 6.790140650000002 -1.5330019400000006 -15.355750869999996 -14.685144559999996 -15.07283880999999
16.819854186560722 -10.099080869999998 -4.102888000000001 6.789701600000003 -1.5329719200000005 -15.355810469999996 -14.685172259999996 -15.07288494999999
16.819854225967656 -10.099551949999999 -4.103176590000001 6.789260800000003 -1.5329394400000005 -15.355873229999997 -14.685198889999997 -15.07293246999999
16.865244728118874 -10.099741669999998 -4.102969950000001 6.789520340000003 -1.5329018800000005 -15.356360069999997 -14.685625569999997 -15.073393929999991
16.86524473999244 -10.099908389999998 -4.102763310000001 6.789800380000003 -1.5328928000000004 -15.356815909999998 -14.686059629999997 -15.07384058999999
16.874626764865713 -10.099776629999997 -4.102246910000001 6.790558720000003 -1.5329166000000003 -15.357418709999997 -14.686692209999997 -15.07445594999999
16.886708034604982 -10.099435949999997 -4.101528410000001 6.791537200000002 -1.5329009600000003 -15.358072129999998 -14.687315649999997 -15.07509672999999
16.886708104536137 -10.099089829999997 -4.1008099100000015 6.792515560000003 -1.5328851600000004 -15.358720169999998 -14.687946669999997 -15.07573758999999
16.928006948810463 -10.099005049999997 -4.100298210000002 6.793269180000003 -1.5328604000000003 -15.359413749999998 -14.688603549999996 -15.07641568999999
16.93026570708809 -10.098819109999997 -4.099742790000001 6.794005880000003 -1.5328294200000003 -15.359995489999998 -14.689162909999997 -15.07698798999999
16.930265774953295 -10.098621409999998 -4.099187350000001 6.794761920000003 -1.5328107800000004 -15.360572469999997 -14.689723189999997 -15.07755792999999
16.930395445637572 -10.097841669999998 -4.098222330000001 6.796227580000003 -1.5329390400000005 -15.361130129999998 -14.690464809999996 -15.07819318999999
16.959525324251047 -10.098606189999998 -4.0986619100000015 6.7956128000000025 -1.5329137400000006 -15.361305169999998 -14.690594169999997 -15.07834896999999
17.23159550899095 -10.098788049999998 -4.098690630000002 6.795611060000002 -1.5329171700000006 -15.361481849999997 -14.690768799999997 -15.07852477999999
17.231595525132125 -10.098987289999998 -4.098719350000002 6.795586990000002 -1.5328900600000006 -15.361684129999997 -14.690947039999998 -15.078716919999989
17.231596641369453 -10.09918913 -4.098748080000003 6.7955666200000024 -1.5328679700000005 -15.361887699999997 -14.691116789999997 -15.07890621999999
17.231596651462336 -10.099387089999999 -4.098776800000003 6.795548770000003 -1.5328493700000005 -15.362086409999996 -14.691288549999998 -15.07909355999999
17.257440564519097 -10.099860989999998 -4.098965860000003 6.795283290000002 -1.5328419700000004 -15.362302229999996 -14.691496829999998 -15.07930619999999
17.288923436234775 -10.099637169999998 -4.0984977400000036 6.795981250000002 -1.5328552700000004 -15.362763069999996 -14.691954669999998 -15.07976577999999
17.331446415940594 -10.100350009999998 -4.098984180000004 6.795362850000003 -1.5328347900000003 -15.362877969999996 -14.692041369999998 -15.07986877999999
17.435403948809842 -10.100579169999998 -4.099075550000004 6.795233580000002 -1.5328109700000003 -15.363001679999996 -14.692141259999998 -15.07998243999999
17.435403996127395 -10.100798939999997 -4.099166910000004 6.795116880000002 -1.5328043100000004 -15.363111399999996 -14.692238879999998 -15.08008705999999
17.43540671803995 -10.101032099999998 -4.0992582700000035 6.794987840000002 -1.5327807300000005 -15.363239099999996 -14.692333049999998 -15.08020061999999
17.43540674830702 -10.101262129999999 -4.099349630000003 6.794859180000002 -1.5327577000000006 -15.363363499999997 -14.692431029999998 -15.08031386999999
17.631886911598325 -10.101291889999999 -4.099110070000004 6.795161760000002 -1.5327690800000005 -15.363684459999996 -14.692744949999998 -15.08063186999999
17.64206158009006 -10.10194739 -4.099550290000003 6.794569040000002 -1.5327480600000005 -15.363768279999997 -14.692810129999998 -15.08070782999999
17.728157860131727 -10.102221259999999 -4.099710620000003 6.794354640000002 -1.5327271100000006 -15.363848699999997 -14.692868759999998 -15.08077905999999
17.72815790574649 -10.102495399999999 -4.099870940000003 6.794137830000001 -1.5327027500000006 -15.363930389999997 -14.692930009999998 -15.08085212999999
17.728160609541657 -10.102763379999999 -4.100031250000003 6.793926350000001 -1.5326855200000005 -15.364004119999997 -14.692992879999998 -15.08092127999999
17.728160640177656 -10.10302971 -4.100191570000003 6.793718740000001 -1.5326737200000005 -15.364074629999998 -14.69305313 -15.080987459999989
17.798415795880207 -10.102956899999999 -4.0999948300000035 6.794003330000001 -1.5326757300000005 -15.364284399999997 -14.693257879999999 -15.081195119999988
17.798415865688316 -10.102892409999999 -4.099798090000004 6.794277490000001 -1.5326637300000006 -15.364506069999997 -14.69346476 -15.081410549999989
17.798416963063172 -10.10281856 -4.099601350000004 6.794563060000001 -1.5326673300000007 -15.364714189999997 -14.69366975 -15.08161734999999
17.798417019918144 -10.102748889999999 -4.099404610000004 6.7948451500000004 -1.5326663400000007 -15.364927599999998 -14.69387454 -15.08182711999999
17.807696100392644 -10.10322293 -4.099556110000004 6.7945752100000005 -1.5325927200000007 -15.365205339999997 -14.6940777 -15.08207339999999
17.81110250844444 -10.103155769999999 -4.099210290000005 6.7950691700000005 -1.5326059000000007 -15.365618959999997 -14.6944927 -15.08248759999999
17.84036279195925 -10.10374849 -4.0996050500000045 6.79455755 -1.5325841000000007 -15.365721879999997 -14.69456926 -15.08257939999999
17.87976960789148 -10.103853419999998 -4.099588990000004 6.794585840000001 -1.5325932100000006 -15.365845999999998 -14.69469722 -15.08270513999999
17.879769653872753 -10.103964859999998 -4.099572940000004 6.794607330000001 -1.5325926500000007 -15.365979479999998 -14.69482521 -15.08283629999999
17.879771493198973 -10.104077319999998 -4.099556890000004 6.7946253400000005 -1.5325875800000006 -15.366115019999999 -14.69495615 -15.08296989999999
17.87977152299502 -10.104186969999999 -4.099540840000004 6.794640800000001 -1.5325789600000006 -15.366248749999999 -14.695094339999999 -15.083105509999989
17.9067560109396 -10.104808629999999 -4.099918760000004 6.794091140000001 -1.5325330600000007 -15.366366629999998 -14.695160999999999 -15.083201789999988
17.90752430110886 -10.104686269999998 -4.099552560000004 6.794576000000001 -1.5325688600000007 -15.366693329999999 -14.695502519999998 -15.083534729999988
17.921843681770326 -10.104744929999999 -4.099494790000004 6.794665760000001 -1.5325626400000008 -15.36684798 -14.695645219999998 -15.083684339999987
17.92184374946378 -10.10480398 -4.099437020000004 6.794755310000001 -1.5325560900000008 -15.367003129999999 -14.695787709999998 -15.083834149999987
17.921844859568285 -10.10490546 -4.099321480000004 6.794952150000001 -1.5325671700000008 -15.36729037 -14.696072449999997 -15.084120329999987
17.938737430356248 -10.10536188 -4.099526420000004 6.794657790000001 -1.5325540700000007 -15.367465529999999 -14.696228029999997 -15.084287229999987
17.97478024579154 -10.1051021 -4.099110700000003 6.7952959700000015 -1.5326553900000006 -15.367742629999999 -14.696574909999997 -15.084593769999987
17.998901006050314 -10.105177359999999 -4.099047230000004 6.795368400000002 -1.5326397900000006 -15.367905919999998 -14.696719299999998 -15.084749079999987
17.99890102180382 -10.10524987 -4.098983760000004 6.795442310000002 -1.5326262900000005 -15.368065839999998 -14.696865619999999 -15.084903259999987
17.99890362628945 -10.10531918 -4.098920300000004 6.795522090000002 -1.5326211100000005 -15.368220109999998 -14.697009519999998 -15.085053159999987
17.998903635637554 -10.10539913 -4.098856840000004 6.795593480000002 -1.5326041600000004 -15.368388389999998 -14.697148709999999 -15.085209169999986
18.067309350675327 -10.10541291 -4.098619820000004 6.795881800000002 -1.5325946200000005 -15.368700029999998 -14.69743739 -15.085511109999986
18.067309417429374 -10.10543431 -4.098382820000004 6.7961700600000015 -1.5325857600000004 -15.369018549999998 -14.697718089999999 -15.085813669999986
18.068303457005015 -10.10539957 -4.098107040000004 6.796518180000001 -1.5325924800000004 -15.369325209999998 -14.698022689999998 -15.086119449999986
18.08257186051416 -10.105765909999999 -4.098237280000004 6.796263220000001 -1.5325646200000003 -15.369464449999997 -14.69813013 -15.086245289999987
18.10682468979288 -10.10571834 -4.098065390000004 6.796487490000001 -1.5325531000000003 -15.369652669999997 -14.698309069999999 -15.086429589999987
18.106824701906323 -10.10566729 -4.097893510000004 6.796719190000001 -1.5325520300000004 -15.369834389999998 -14.698484109999999 -15.086608489999987
18.106825905772144 -10.1056105 -4.097721630000004 6.796952590000001 -1.5325530100000004 -15.370010019999997 -14.698663909999999 -15.086785879999987
18.106825918564716 -10.105551029999999 -4.097549750000004 6.797192460000001 -1.5325627300000004 -15.370180699999997 -14.698838989999999 -15.086958419999986
18.143504622870825 -10.105499649999999 -4.097254450000004 6.797591720000001 -1.5325761700000005 -15.370515159999997 -14.699169849999999 -15.087291359999986
18.18887037728976 -10.10573833 -4.0972492500000035 6.797554700000001 -1.5325497100000005 -15.370743279999996 -14.699346629999999 -15.087497819999985
18.1888704385797 -10.105957949999999 -4.097244050000003 6.797515780000001 -1.5325206500000006 -15.370953039999996 -14.69955207 -15.087705759999984
18.342637662826256 -10.10606977 -4.097243950000003 6.797510930000001 -1.5325114600000005 -15.371069199999996 -14.69964607 -15.087812569999985
18.342637707864537 -10.10617868 -4.097243850000003 6.7975050600000015 -1.5325006000000005 -15.371183089999995 -14.69974446 -15.087919919999985
18.342640269440327 -10.10628568 -4.097243750000002 6.797501300000001 -1.5324930100000005 -15.371293919999996 -14.69984362 -15.088025819999984
18.342640298206202 -10.10639226 -4.097243650000002 6.797495750000001 -1.5324825400000004 -15.371405419999995 -14.699944729999999 -15.088132939999984
18.416614944968845 -10.10696208 -4.097618730000002 6.796927710000001 -1.5324796000000005 -15.371410139999995 -14.699953209999999 -15.088139239999984
18.42241701629805 -10.10704304 -4.097564170000003 6.797071590000002 -1.5325678000000005 -15.371546779999994 -14.700145049999998 -15.088299159999984
18.448130036498895 -10.106919860000001 -4.097216990000002 6.797558470000002 -1.5325806000000004 -15.371897679999995 -14.700495509999998 -15.088649879999984
18.49526349966686 -10.106274220000001 -4.0963987100000026 6.798718110000002 -1.5326165000000005 -15.372375759999995 -14.700992669999998 -15.089136019999984
18.54260717401357 -10.106520320000001 -4.096409470000003 6.798638270000002 -1.5325498400000004 -15.372608679999995 -14.701158029999998 -15.089340439999983
18.55807330425707 -10.107036460000002 -4.096749290000003 6.798159250000002 -1.5325841400000004 -15.372611499999996 -14.701180529999998 -15.089351559999983
18.56076474560414 -10.10730782 -4.0968668100000025 6.7980298500000025 -1.5325681600000005 -15.372769439999995 -14.701314069999999 -15.089499219999983
