4.38165304261412 -1.84744 -1.2873306 1.1262814 -0.1449907 -2.8287307 -2.772428 -2.804978
4.689718751012225 -2.44914536 -1.6468685 1.7978297 -0.20586239 -4.04111267 -3.9678690000000003 -4.010213
4.689718793492955 -3.05085403 -2.0064088 2.4693685 -0.26672562 -5.253496910000001 -5.163314000000001 -5.215451
4.689720349898126 -3.65257708 -2.3659473 3.1409000999999996 -0.32757727 -6.465899910000001 -6.358757000000001 -6.420699
4.689720404504576 -4.25428314 -2.7254833 3.8124461999999997 -0.38844472999999996 -7.678284610000001 -7.5541990000000006 -7.625935999999999
4.8542918473850225 -5.52119326 -3.7087797 4.667844 -0.48690756999999996 -9.702129690000001 -9.5407556 -9.634049999999998
4.879875191366439 -6.17931555 -4.185103 4.9025851 -0.52915947 -10.552741180000002 -10.3660077 -10.473962999999998
4.879875284071528 -6.83743884 -4.6614301 5.1373282 -0.5714130199999999 -11.403354020000002 -11.191262700000001 -11.313877999999997
4.879876783261088 -7.4955566 -5.137751099999999 5.3720722 -0.6136687299999999 -12.253960070000002 -12.016507800000001 -12.153784899999998
4.879876784204481 -8.15367846 -5.614075999999999 5.6068168 -0.6559239299999999 -13.104571330000002 -12.841756900000002 -12.993696499999999
6.064820747978854 -8.4311868 -5.4714038999999985 5.9890457999999995 -0.70535131 -13.714881290000003 -13.476247100000002 -13.6142075
6.602802553139406 -8.612740220000001 -5.566586939999999 5.903853499999999 -0.70277265 -13.813821050000003 -13.575677280000003 -13.71335416
6.810811507043177 -8.792020480000001 -5.665288319999998 5.804073099999999 -0.70049401 -13.895599530000004 -13.656788680000002 -13.79485122
7.324543867648097 -8.830125350000001 -5.672443679999998 5.798234909999999 -0.70049247 -13.927867750000004 -13.689386830000002 -13.82725863
7.324543907536211 -8.868207320000002 -5.679598659999998 5.792422019999999 -0.70051912 -13.960110180000004 -13.721984810000002 -13.85965106
7.324546685996958 -8.90628773 -5.6867536099999985 5.786609089999999 -0.70054561 -13.992351170000005 -13.754583770000002 -13.89204307
7.3245467079324795 -8.94436954 -5.693908929999998 5.780795699999999 -0.70057206 -14.024593140000004 -13.787182860000001 -13.9244357
7.64669015623292 -8.97070274 -5.700380339999998 5.7743960099999985 -0.7004611700000001 -14.044637540000004 -13.807359500000002 -13.944535890000001
7.646690203091246 -8.99703371 -5.706851579999998 5.768004499999998 -0.7003560900000001 -14.064682080000004 -13.827536070000003 -13.96463613
7.64669296991229 -9.02336402 -5.713322549999997 5.761611399999998 -0.7002499500000001 -14.084725430000004 -13.847713650000003 -13.98473611
7.646692981710969 -9.049692480000001 -5.719793679999998 5.755221099999998 -0.7001458900000002 -14.104767650000005 -13.867893210000004 -14.00483627
7.918115177639053 -9.08828092 -5.721255419999998 5.7546412999999985 -0.7002305900000002 -14.142691590000005 -13.905984410000004 -14.04283077
7.9370587750867125 -9.11601905 -5.727882019999997 5.747974049999999 -0.7002033300000002 -14.163789730000005 -13.927044050000005 -14.06391267
7.937058818163156 -9.14376395 -5.734509049999997 5.741297469999999 -0.7001680600000002 -14.184893320000004 -13.948103380000004 -14.08499759
7.937059651198265 -9.171510490000001 -5.741136099999997 5.734617209999999 -0.7001301400000002 -14.205997530000005 -13.969163170000005 -14.10608306
7.937059665509641 -9.19925794 -5.747762709999996 5.7279375099999985 -0.7000921400000002 -14.227103280000005 -13.990221680000005 -14.12716888
7.94785401225415 -9.238187340000001 -5.754781229999996 5.717985209999998 -0.6999698000000002 -14.256202740000004 -14.019051680000004 -14.156154659999999
8.165893982210708 -9.271069640000002 -5.744412269999996 5.736468609999998 -0.7006171400000002 -14.306921080000004 -14.070667480000004 -14.20725162
8.232858600601466 -9.288750200000003 -5.7471208399999965 5.733438969999998 -0.7006319600000002 -14.321557180000005 -14.085315570000004 -14.22189278
8.232858625612328 -9.306438990000002 -5.749829689999997 5.7304016199999985 -0.7006381600000001 -14.336202420000005 -14.099963700000004 -14.236539239999999
8.232859489005401 -9.324128300000002 -5.752538719999997 5.727360489999999 -0.7006414800000001 -14.350847280000005 -14.114612940000004 -14.251185949999998
8.232859518875284 -9.341825720000001 -5.755247479999997 5.724314649999998 -0.7006372200000002 -14.365503120000005 -14.129262190000004 -14.265839009999999
8.27527950048686 -9.35380488 -5.744996539999997 5.740544469999999 -0.7010467800000002 -14.393302560000006 -14.157380930000004 -14.293773149999998
8.293258355384793 -9.39307398 -5.760657019999997 5.721589349999999 -0.7006540800000002 -14.414009240000006 -14.177681190000005 -14.314308369999997
8.971985427673124 -9.41917856 -5.766405139999997 5.7142608899999985 -0.7006206400000001 -14.432818800000005 -14.196380390000005 -14.333071369999997
9.035177165497887 -9.44434788 -5.778695459999997 5.699233429999999 -0.7002813800000002 -14.443299920000005 -14.206520350000005 -14.343408549999998
9.153763844015145 -9.45065582 -5.767590079999997 5.713428589999999 -0.7006229600000001 -14.463461420000005 -14.227147330000005 -14.363766429999998
9.295490539077504 -9.453637819999999 -5.753199499999997 5.732211649999998 -0.7010714600000001 -14.484778000000006 -14.249232050000005 -14.385407069999998
9.361506889970096 -9.47844788 -5.764689119999997 5.716219689999998 -0.7007663600000001 -14.493901220000005 -14.257981030000005 -14.394372409999997
9.387373487374097 -9.464447199999999 -5.739317699999997 5.7501259299999985 -0.7015729200000002 -14.513000220000006 -14.277689270000005 -14.413728429999997
9.573570512557703 -9.47034787 -5.738704049999997 5.751166369999998 -0.7015964300000002 -14.519917820000005 -14.284619820000005 -14.420651489999997
9.573570545117207 -9.476246979999999 -5.7380905099999975 5.7522186999999985 -0.7016290900000002 -14.526836600000005 -14.291545650000005 -14.427573239999997
9.573572628954876 -9.48214073 -5.737477119999998 5.753261889999998 -0.7016614100000002 -14.533741220000005 -14.298471340000004 -14.434486749999998
9.573572643884125 -9.4880325 -5.736863619999998 5.754308339999998 -0.7016958500000001 -14.540645000000005 -14.305398240000004 -14.441400289999997
9.80780491502408 -9.50404736 -5.745469459999998 5.743726379999998 -0.7014200700000002 -14.546353680000005 -14.310900600000004 -14.447021909999997
9.903259070833585 -9.51617546 -5.747016959999998 5.742043959999998 -0.7014448300000001 -14.556774600000004 -14.321293620000004 -14.457431069999997
10.272462453065987 -9.517878139999999 -5.745373239999998 5.744274099999998 -0.7015175500000002 -14.560634710000004 -14.325200690000004 -14.461310989999996
10.27246247983005 -9.51960194 -5.743729599999998 5.7464757199999985 -0.7015609700000002 -14.564516710000005 -14.329105940000005 -14.465202799999997
10.272464555493372 -9.52130373 -5.742085989999998 5.748712279999999 -0.7016373800000002 -14.568378660000004 -14.333013240000005 -14.469083879999996
10.27246457253201 -9.523016179999999 -5.740442309999998 5.750926709999999 -0.7016936800000002 -14.572249250000004 -14.336921500000004 -14.472970359999996
10.479836115247128 -9.522501389999999 -5.736613809999998 5.755950639999999 -0.7018098600000002 -14.576642210000005 -14.341410310000004 -14.477403759999996
10.479836186966653 -9.521966929999998 -5.732785299999998 5.760988089999999 -0.7019465500000003 -14.581008510000004 -14.345902950000005 -14.481823359999996
10.47983678588932 -9.521455949999998 -5.728956779999998 5.766008749999998 -0.7020587600000002 -14.585405980000004 -14.350390470000004 -14.486258819999996
10.479836843290183 -9.520956439999999 -5.725128259999998 5.7710136799999985 -0.7021550100000002 -14.589815150000005 -14.354877980000005 -14.490701039999996
10.506825541052299 -9.532912159999999 -5.731516079999998 5.762068099999999 -0.7019581500000003 -14.593022130000005 -14.357832700000005 -14.493801599999996
10.55227031009794 -9.53452563 -5.730121449999998 5.7639393499999985 -0.7019928100000002 -14.596472180000005 -14.361299160000005 -14.497258579999995
10.552270378746124 -9.536122769999999 -5.728726829999998 5.7658293999999986 -0.7020480000000002 -14.599904180000005 -14.364767860000006 -14.500706059999995
10.55227099737296 -9.537734059999998 -5.727332189999998 5.767694219999998 -0.7020781700000003 -14.603350120000005 -14.368240380000007 -14.504163209999994
10.552271056865091 -9.539346019999998 -5.725937549999998 5.769564059999999 -0.7021107700000003 -14.606799330000005 -14.371711520000007 -14.507621669999994
10.597767900119495 -9.539840519999998 -5.720475429999998 5.7763480399999985 -0.7022839100000003 -14.613904670000005 -14.378876900000007 -14.514752349999993
10.621615668329172 -9.547865259999998 -5.723627669999998 5.771910459999998 -0.7021802900000004 -14.617595430000005 -14.382510520000007 -14.518419009999993
10.88405459527898 -9.550881799999999 -5.7243331999999985 5.770833459999998 -0.7021479400000004 -14.619567320000005 -14.384432300000007 -14.520369759999994
10.88405462313503 -9.55389524 -5.725038669999998 5.769761269999997 -0.7021217900000004 -14.621534720000005 -14.386350650000008 -14.522316469999994
10.884057744900195 -9.55691257 -5.725744119999998 5.768682609999997 -0.7020885600000004 -14.623506620000004 -14.388271120000008 -14.524266669999994
10.884057758513 -9.55993365 -5.7264496299999985 5.7675918999999976 -0.7020471000000004 -14.625478450000005 -14.390189380000008 -14.526215899999993
11.227186363707679 -9.563620069999999 -5.7266513099999985 5.767326459999998 -0.7020202600000004 -14.628926270000004 -14.393615300000008 -14.529654479999992
11.227189480441503 -9.567302389999998 -5.726852889999998 5.767068179999998 -0.7019964400000004 -14.632374130000004 -14.397043600000007 -14.533094079999993
11.29424631152965 -9.575130409999998 -5.730654549999998 5.761910319999998 -0.7018398600000004 -14.635200850000004 -14.399724180000007 -14.535859139999992
11.31644354548893 -9.577781869999997 -5.729652249999998 5.763133739999998 -0.7018505600000005 -14.639065030000005 -14.403563120000006 -14.539712659999992
11.431705900717049 -9.578792789999998 -5.725893629999998 5.768418999999998 -0.7019816000000004 -14.645230150000005 -14.409834200000006 -14.545922479999993
11.511985300913397 -9.581003389999998 -5.725188249999998 5.769324939999998 -0.7019813000000005 -14.648346990000006 -14.412983440000007 -14.549052999999992
11.801089846871273 -9.582094929999997 -5.723094149999998 5.771930399999998 -0.7020316000000004 -14.651993690000005 -14.416625100000006 -14.552697579999991
11.854553024155814 -9.579564129999996 -5.717984869999998 5.778800719999998 -0.7021923800000004 -14.656172430000005 -14.420966480000006 -14.556944939999992
11.891151656917735 -9.580195369999997 -5.714871089999998 5.783154859999998 -0.7022722400000004 -14.661077970000004 -14.425940600000006 -14.561879399999992
11.892728247980974 -9.580739409999996 -5.714025189999998 5.784374939999998 -0.7023000700000004 -14.662814260000005 -14.427682680000006 -14.563618129999991
11.8927283170759 -9.581279369999995 -5.713179269999999 5.785595129999998 -0.7023280000000004 -14.664546480000004 -14.429430230000005 -14.565356819999991
11.892730010336884 -9.581826089999995 -5.712333319999998 5.786815989999998 -0.7023558800000004 -14.666286170000005 -14.431169610000005 -14.567096379999992
11.892730055033091 -9.582370289999995 -5.7114873899999985 5.788036729999998 -0.7023836600000004 -14.668023320000005 -14.432912570000004 -14.568835989999991
11.9138079772099 -9.582746129999995 -5.708448729999999 5.792054549999998 -0.7024568000000004 -14.672343840000005 -14.437293050000005 -14.57318180999999
11.9543527609583 -9.588519849999996 -5.7120551499999985 5.787467309999998 -0.7023583800000004 -14.673628740000005 -14.438466210000005 -14.574419569999991
12.081056531222636 -9.590583259999995 -5.713012179999999 5.786333029999998 -0.7023316800000003 -14.674584570000006 -14.439392330000006 -14.57536286999999
12.081056597548143 -9.592647219999995 -5.713969199999999 5.785197969999998 -0.7023044200000004 -14.675540730000005 -14.440318440000006 -14.57630634999999
12.081058295088953 -9.594709049999995 -5.714926169999999 5.784067839999998 -0.7022813500000004 -14.676495500000005 -14.441244380000006 -14.57724894999999
12.081058340631005 -9.596773209999995 -5.715883149999999 5.782933299999998 -0.7022543900000003 -14.677452070000005 -14.442170040000006 -14.578192479999991
12.129643244138835 -9.598429309999995 -5.716204469999999 5.782592709999998 -0.7022515700000004 -14.678770400000005 -14.443459710000006 -14.579498719999991
12.129643268335899 -9.600078269999996 -5.716525809999999 5.782252479999998 -0.7022491400000004 -14.680081550000004 -14.444758770000005 -14.580804769999991
12.12964376486562 -9.601723239999995 -5.7168471499999995 5.781905339999998 -0.7022454600000004 -14.681383070000004 -14.446056900000006 -14.582104859999992
12.129643778001537 -9.603370009999995 -5.71716847 5.781551049999998 -0.7022352800000005 -14.682685720000004 -14.447357360000005 -14.583406589999992
12.288125498378834 -9.604608729999995 -5.71726803 5.781298019999999 -0.7022374900000005 -14.683669200000004 -14.448332730000006 -14.584386649999992
12.288125561514361 -9.605856819999996 -5.717367599999999 5.781047519999999 -0.7022384800000004 -14.684665800000005 -14.449301550000007 -14.585371529999993
12.28812604120356 -9.607108149999997 -5.717467169999999 5.780789999999999 -0.7022305500000005 -14.685667530000005 -14.450275490000006 -14.586361539999993
12.288126088308935 -9.608351559999997 -5.717566729999999 5.780538289999999 -0.7022326900000004 -14.686657080000005 -14.451246110000007 -14.587343099999993
12.307337373733754 -9.612193959999997 -5.719539089999999 5.778075289999999 -0.7021827700000004 -14.688086400000005 -14.452630190000006 -14.588753339999993
12.382809884255245 -9.613676859999996 -5.718390109999999 5.779662569999999 -0.7021901500000004 -14.691149200000005 -14.455679050000006 -14.591810259999994
12.394697932541886 -9.614525739999996 -5.7180585499999985 5.780046509999999 -0.7021920500000004 -14.692380120000005 -14.456919900000006 -14.593045369999993
12.394697956586858 -9.615379189999995 -5.717726989999998 5.780437499999999 -0.7021998100000004 -14.693616790000005 -14.458152350000006 -14.594280259999993
12.394700658765307 -9.616232789999994 -5.717395469999999 5.780826969999999 -0.7022062700000005 -14.694853400000005 -14.459385690000007 -14.595515489999993
12.3947006712363 -9.617083669999994 -5.717063939999998 5.781210769999999 -0.7022079700000005 -14.696086380000004 -14.460624130000006 -14.596750779999994
12.43658415588797 -9.617845399999995 -5.716703399999998 5.781664339999999 -0.7022154800000004 -14.697294170000005 -14.461815470000007 -14.597951629999994
12.436584171531699 -9.618596689999995 -5.716342879999998 5.782122519999999 -0.7022264000000005 -14.698492720000004 -14.463018680000006 -14.599152149999993
12.436584770825997 -9.619351869999996 -5.715982409999998 5.782571069999999 -0.7022304900000005 -14.699692350000005 -14.464220730000006 -14.600352799999992
12.436584791502533 -9.620114479999996 -5.7156219299999975 5.783029019999999 -0.7022412600000005 -14.700902150000005 -14.465408610000006 -14.601553349999993
12.453271462979721 -9.617568799999995 -5.711042969999998 5.789021679999999 -0.7023643200000005 -14.704226070000004 -14.468794130000006 -14.604903269999992
12.470204952125625 -9.619814219999995 -5.712355849999998 5.787191089999999 -0.7023244000000005 -14.704680820000004 -14.469208100000007 -14.605340809999992
12.470205005668651 -9.622063949999996 -5.713668759999998 5.78536398 -0.7022828700000006 -14.705144970000005 -14.469624130000007 -14.605784659999992
12.470205547868273 -9.624305569999995 -5.7149816599999985 5.783534019999999 -0.7022436000000005 -14.705595900000004 -14.470042690000007 -14.606221929999993
12.470205602821212 -9.626549359999995 -5.716294539999999 5.781708009999999 -0.7022071000000005 -14.706050180000004 -14.470457250000006 -14.606659459999992
12.79837182131102 -9.627595059999996 -5.715510959999999 5.7826809699999995 -0.7022370600000005 -14.708038860000004 -14.472450810000007 -14.608650199999992
12.885391568406023 -9.631121499999995 -5.717640659999999 5.77989211 -0.7021607200000005 -14.708852780000004 -14.473159150000006 -14.609419579999992
13.146758985415401 -9.631995769999996 -5.717681809999999 5.77992509 -0.7021576700000005 -14.709763080000004 -14.474059570000007 -14.610325709999993
13.146759008149798 -9.632867649999996 -5.71772298 5.77996407 -0.7021595000000005 -14.710672100000004 -14.474959870000006 -14.611231049999992
13.146760502226227 -9.633741509999997 -5.71776419 5.7799987900000005 -0.7021575500000005 -14.711582630000004 -14.475860550000007 -14.612137429999992
13.146760513950442 -9.634612739999996 -5.71780538 5.780037610000001 -0.7021592200000004 -14.712491020000003 -14.476761930000007 -14.613042859999991
13.270954127893539 -9.634594559999996 -5.717124989999999 5.78095779 -0.7021777700000004 -14.713374470000003 -14.477656670000007 -14.61393106999999
13.270954148813216 -9.634578069999996 -5.716444609999999 5.7818854 -0.7021995700000003 -14.714263780000003 -14.478550890000006 -14.61482245999999
13.270956795149358 -9.634556769999996 -5.715764229999999 5.782812460000001 -0.7022235300000004 -14.715145580000003 -14.479445700000007 -14.61570974999999
13.270956808138601 -9.634538049999996 -5.715083849999998 5.783732810000001 -0.7022422500000004 -14.716028500000004 -14.480341000000006 -14.61659788999999
13.33517811851783 -9.637943029999995 -5.717291769999998 5.7807745100000005 -0.7021139100000005 -14.716603500000003 -14.480769460000007 -14.617111069999991
13.403536023604476 -9.638357229999995 -5.7170317599999985 5.781102590000001 -0.7021293000000004 -14.717330390000003 -14.481508440000006 -14.617843059999991
13.40353608509439 -9.638774579999994 -5.7167717599999985 5.7814236800000005 -0.7021393400000004 -14.718058790000002 -14.482247350000007 -14.61857589999999
13.403537552718758 -9.639201119999994 -5.716511759999999 5.781740760000001 -0.7021414600000004 -14.718800290000003 -14.482985970000007 -14.61931618999999
13.403537592330627 -9.639619309999993 -5.716251749999999 5.782061100000001 -0.7021508100000005 -14.719529470000003 -14.483724430000008 -14.620049279999991
13.481495287436344 -9.642348269999994 -5.718016849999999 5.779896280000001 -0.7020918700000005 -14.720152570000003 -14.484295810000008 -14.62065055999999
13.618504014059653 -9.642903889999994 -5.717103589999999 5.781198520000001 -0.7021325100000005 -14.721969790000003 -14.486157010000008 -14.622486339999991
13.655137237801833 -9.644831809999994 -5.717945049999999 5.780115060000001 -0.7021028100000005 -14.722843970000003 -14.486946350000009 -14.62332471999999
13.895301154027159 -9.646309409999994 -5.718995279999999 5.778734120000001 -0.7020659800000005 -14.722977460000003 -14.48704277000001 -14.623442569999991
13.895301207361287 -9.647803029999993 -5.720045519999998 5.7773471600000015 -0.7020174000000006 -14.723132690000003 -14.48713340000001 -14.623570549999991
13.895302701389518 -9.649272529999994 -5.721095749999998 5.775987220000001 -0.7019998900000005 -14.723259760000003 -14.48722346000001 -14.62368200999999
13.895302745331305 -9.650750329999994 -5.722145959999998 5.7746061100000015 -0.7019628500000005 -14.723393480000002 -14.48731980000001 -14.62379995999999
13.936494404007645 -9.652849689999995 -5.723334699999998 5.773072590000002 -0.7019268500000004 -14.723995300000002 -14.487882380000011 -14.62438521999999
13.947039752824194 -9.654821129999995 -5.7244096399999975 5.771526810000002 -0.7018936300000005 -14.724454180000002 -14.488305220000012 -14.62482889999999
13.95033872608004 -9.657371429999994 -5.725968199999998 5.7693392700000015 -0.7018518900000005 -14.724858700000002 -14.488665860000012 -14.62521489999999
13.96639031723012 -9.657255529999993 -5.724798199999998 5.770797150000002 -0.7018984300000005 -14.726154160000002 -14.489984100000012 -14.62651995999999
13.973774098217433 -9.657135119999994 -5.724154429999998 5.771639750000002 -0.7019254600000006 -14.726849320000001 -14.490706740000011 -14.627226709999992
13.973774114765796 -9.657020139999995 -5.723510679999998 5.772483980000002 -0.7019512800000005 -14.727552750000001 -14.491427120000012 -14.627937289999991
13.973775652525275 -9.656901869999995 -5.7228669599999975 5.773327150000002 -0.7019787300000006 -14.728250200000002 -14.492146630000011 -14.628644049999991
13.973775668235369 -9.656786199999996 -5.722223229999997 5.774161710000002 -0.7019993000000005 -14.728948510000002 -14.492868420000011 -14.629352269999991
13.981812193654894 -9.658874939999995 -5.723508929999998 5.7724782500000025 -0.7019599800000006 -14.729393110000002 -14.493294600000011 -14.62978908999999
14.091118059605131 -9.660646999999996 -5.724268949999998 5.771479270000002 -0.7019357800000006 -14.730190390000002 -14.49404240000001 -14.63056548999999
14.134034187848806 -9.661831379999995 -5.724697049999998 5.771007570000002 -0.7019307600000005 -14.730908070000002 -14.49474244000001 -14.63127572999999
14.221424004532233 -9.663522979999994 -5.725415909999998 5.770045510000002 -0.7019111800000005 -14.731657190000002 -14.495455200000011 -14.632009509999989
14.358581523304705 -9.664006509999995 -5.725508439999998 5.769969210000002 -0.7019114900000005 -14.732064100000002 -14.495861140000011 -14.63241600999999
14.35858158144169 -9.664491199999995 -5.725600959999998 5.769882820000002 -0.7019047000000005 -14.732469190000002 -14.496266730000011 -14.63282130999999
14.358583934969959 -9.664973289999995 -5.725693459999998 5.769806150000002 -0.7019045800000004 -14.73287473 -14.49667507000001 -14.63322802999999
14.358583971060447 -9.665462299999996 -5.725785969999998 5.769730410000002 -0.7019027400000004 -14.733289840000001 -14.49707946000001 -14.63363861999999
14.408746943252993 -9.667462199999996 -5.727011389999998 5.768104130000002 -0.7018682000000004 -14.73369798 -14.497450920000011 -14.63403127999999
14.414839975025055 -9.667297059999996 -5.725933649999997 5.769411010000002 -0.7018674200000004 -14.73484048 -14.498581180000011 -14.63516861999999
14.460065059886931 -9.668287499999996 -5.726069549999997 5.7692356500000015 -0.7018668600000003 -14.735656140000001 -14.499389040000011 -14.635980979999989
14.508945052929375 -9.666929059999996 -5.723926969999997 5.7720868900000015 -0.7019390000000003 -14.737076800000002 -14.500870820000012 -14.63742741999999
14.571058685783044 -9.668873539999996 -5.725115529999997 5.770436830000001 -0.7019081400000003 -14.737402080000003 -14.501170400000012 -14.63774185999999
14.600754609128417 -9.670669479999995 -5.7263311299999975 5.7689394100000015 -0.7018730000000003 -14.737735740000003 -14.501471680000012 -14.63806185999999
14.614832315906765 -9.672326119999996 -5.727334289999997 5.767689830000002 -0.7018049400000003 -14.738210860000004 -14.501876760000012 -14.638507439999989
14.614834715053357 -9.673947139999996 -5.7283373699999975 5.766479550000002 -0.7017803200000002 -14.738646220000005 -14.502284780000013 -14.638931259999989
14.707869000789374 -9.674427689999996 -5.728465759999998 5.766265650000002 -0.7017718000000003 -14.738921390000005 -14.502540900000012 -14.639198399999989
14.707869020585198 -9.674909539999996 -5.728594139999998 5.766049440000002 -0.7017596100000003 -14.739199220000005 -14.502798930000012 -14.639467879999989
14.707872266198896 -9.675395299999996 -5.728722509999997 5.765833760000002 -0.7017452700000003 -14.739483650000006 -14.50305758000001 -14.639741429999988
14.707872277066322 -9.675879109999997 -5.728850899999998 5.765624820000002 -0.7017371700000004 -14.739766630000005 -14.50331280000001 -14.640012699999989
14.764799907068557 -9.676359449999996 -5.7285345199999975 5.766044160000002 -0.7017508700000004 -14.740652590000005 -14.50420274000001 -14.64090033999999
14.79948159907602 -9.676097889999996 -5.727414079999997 5.767487500000001 -0.7017758100000003 -14.741809430000005 -14.505367940000012 -14.64206071999999
14.810869609804305 -9.675696729999997 -5.726381279999997 5.768835540000001 -0.7018196700000003 -14.742712450000006 -14.506341160000012 -14.64299335999999
14.836365077938146 -9.677499989999998 -5.727566499999997 5.7671504800000015 -0.7017840100000003 -14.742866290000006 -14.506480940000012 -14.64314127999999
15.001851744848004 -9.677940149999998 -5.7273650799999976 5.767396040000001 -0.7017967300000003 -14.743539270000005 -14.507162500000012 -14.64381787999999
15.032015891296195 -9.678087309999997 -5.726980559999998 5.767965340000002 -0.7018130700000003 -14.744239390000004 -14.507898860000012 -14.64453327999999
15.056582997603156 -9.678641109999997 -5.726969539999998 5.767973020000002 -0.7018246700000003 -14.744789270000004 -14.508444020000011 -14.64508115999999
15.056586226714083 -9.679195609999997 -5.726958479999998 5.7679677000000025 -0.7018305500000003 -14.745332570000004 -14.508986660000012 -14.64562417999999
15.225568925229839 -9.679422929999998 -5.726826519999998 5.768142020000003 -0.7018074500000002 -14.745757310000004 -14.509386850000013 -14.64603855999999
15.225568944359074 -9.679637209999997 -5.726694569999998 5.768329410000002 -0.7018017700000002 -14.746164660000003 -14.509782880000012 -14.64644113999999
15.225571125474277 -9.679850459999997 -5.726562639999997 5.768516570000003 -0.7017958200000002 -14.746571020000003 -14.510180690000013 -14.64684389999999
15.225571136058868 -9.680073779999997 -5.726430699999997 5.768689880000003 -0.7017743200000002 -14.746989150000003 -14.510581040000012 -14.647254529999989
15.330218936991185 -9.680664109999997 -5.726750779999997 5.768234740000003 -0.7017717000000002 -14.747126960000003 -14.510714760000011 -14.64739060999999
15.330218987860805 -9.681256269999997 -5.727070869999997 5.767779520000003 -0.7017690000000002 -14.747266590000002 -14.510846060000011 -14.64752672999999
15.330219343675227 -9.681860339999997 -5.727390959999997 5.767306880000003 -0.7017475000000002 -14.747419520000003 -14.51098045000001 -14.64767183999999
15.330219381175105 -9.682459669999997 -5.727711039999996 5.766840730000003 -0.7017331000000002 -14.747567100000003 -14.51111448000001 -14.64781369999999
15.419560287236694 -9.682772389999997 -5.727330599999997 5.767391370000003 -0.7017407400000002 -14.748422820000004 -14.511948000000011 -14.64866005999999
15.468774368084398 -9.683586909999997 -5.7276757999999965 5.766888110000003 -0.7017321800000001 -14.748742660000003 -14.51224648000001 -14.64897087999999
15.539943753169773 -9.683770829999997 -5.727599979999996 5.766996260000003 -0.7017396300000002 -14.749027290000003 -14.512541110000011 -14.64925972999999
15.539943806822265 -9.683961079999996 -5.727524159999996 5.767105700000003 -0.7017444200000001 -14.749322200000002 -14.512835150000011 -14.64955426999999
15.539945950822178 -9.684146659999996 -5.727448339999996 5.767215250000003 -0.7017526300000001 -14.749609120000002 -14.513127760000012 -14.64984358999999
15.539945984331949 -9.684335159999996 -5.727372519999996 5.7673239200000035 -0.7017578800000001 -14.749901040000003 -14.513422160000012 -14.650136559999991
15.569951604743169 -9.685775679999995 -5.7283137399999955 5.765965280000003 -0.70167992 -14.750060880000003 -14.513510000000013 -14.650266019999991
15.569951645390432 -9.687220359999996 -5.729254979999996 5.764606500000003 -0.70160182 -14.750224880000003 -14.513592300000013 -14.650395539999991
15.592752709922282 -9.687562679999996 -5.728991239999996 5.764959460000003 -0.7015943800000001 -14.750927580000003 -14.514284060000014 -14.65109363999999
15.613282823897391 -9.688024059999996 -5.728902659999996 5.764992240000002 -0.7015229000000001 -14.751493220000002 -14.514794600000014 -14.65163603999999
15.628134422686914 -9.688779819999997 -5.7291970199999955 5.764511520000003 -0.7015169600000001 -14.751774200000002 -14.515048780000015 -14.651905719999991
15.669331298505606 -9.688694579999996 -5.728479439999996 5.765533800000003 -0.70155418 -14.752674020000002 -14.515992760000016 -14.65282415999999
15.712660654206568 -9.689979399999997 -5.729391919999996 5.764325360000003 -0.70154298 -14.752761600000003 -14.516096180000016 -14.65291841999999
15.769854211071495 -9.690198199999998 -5.729351479999996 5.764343840000002 -0.7015363 -14.753005560000004 -14.516327410000017 -14.65315700999999
15.769854229385077 -9.690409359999997 -5.729311039999995 5.764371520000002 -0.70154009 -14.753240610000004 -14.516559410000017 -14.65339076999999
15.769857224623605 -9.690628519999997 -5.729270609999995 5.764389420000001 -0.7015326399999999 -14.753485120000004 -14.516791000000017 -14.653629829999991
15.769857234949344 -9.690844409999997 -5.729230179999995 5.764409400000002 -0.7015276899999999 -14.753725940000004 -14.517024370000017 -14.65386750999999
15.955869446300113 -9.691915449999996 -5.729960859999995 5.7634957400000015 -0.7015074899999999 -14.753903500000003 -14.517174970000017 -14.654033709999991
16.099963822708663 -9.693116229999996 -5.730759239999995 5.762374740000001 -0.7014801299999999 -14.754010620000003 -14.517239990000016 -14.654123069999992
16.115286806651564 -9.693906509999996 -5.731195959999995 5.761818740000002 -0.7014654899999999 -14.754259540000003 -14.517466950000017 -14.654362729999992
16.148111292290668 -9.694189829999996 -5.731270149999995 5.7617117800000015 -0.70146634 -14.754435050000003 -14.517642820000017 -14.654538389999992
16.148111342680064 -9.694473679999996 -5.731344349999995 5.761604830000001 -0.70146721 -14.754611090000003 -14.517817960000016 -14.654714049999992
16.148112532585934 -9.694776299999996 -5.7314185499999954 5.761478670000002 -0.70144697 -14.754807790000003 -14.517989540000016 -14.654900149999992
16.148112566121075 -9.695064099999996 -5.731492739999996 5.761372350000001 -0.7014458100000001 -14.754990440000002 -14.518165110000016 -14.655079809999993
16.19657131788308 -9.695160319999996 -5.731073239999996 5.7619603700000015 -0.7014651900000001 -14.755655320000002 -14.518793510000016 -14.655729289999993
16.20698451677515 -9.695556299999996 -5.730974579999996 5.7620739300000015 -0.7014322500000001 -14.756197820000002 -14.519286550000016 -14.656250929999993
16.22426875876685 -9.696097759999997 -5.731059119999996 5.761962610000001 -0.7014195700000001 -14.756640640000002 -14.519715030000016 -14.656687709999993
16.22545885801144 -9.696218879999996 -5.730773199999996 5.762331550000002 -0.7014433100000002 -14.757106960000002 -14.520193890000016 -14.657159329999994
16.237643675274423 -9.696750779999997 -5.731151579999996 5.761854380000002 -0.7014343600000001 -14.757170640000002 -14.520246410000016 -14.657218299999993
16.237643722772045 -9.697284099999997 -5.731529959999996 5.761377430000001 -0.7014254800000002 -14.757235890000002 -14.520298430000016 -14.657277969999994
16.23764585352318 -9.697815679999998 -5.731908329999996 5.760900880000001 -0.7014170100000001 -14.757299390000002 -14.520352380000016 -14.657337439999994
16.237645889250558 -9.698363109999997 -5.732286699999996 5.760404740000001 -0.7013870100000001 -14.757380690000002 -14.520405840000016 -14.657406989999993
16.253063649174994 -9.698397149999996 -5.731988619999996 5.760851840000001 -0.7013955300000001 -14.757853310000002 -14.520897080000017 -14.657887469999993
16.269741392590333 -9.698338969999996 -5.731555939999995 5.7613698200000005 -0.70141165 -14.758296990000002 -14.521348780000016 -14.658334529999994
16.347790283422473 -9.699138349999997 -5.732020999999995 5.760768860000001 -0.70137311 -14.758533950000002 -14.521549460000017 -14.658556189999993
16.39567958814046 -9.698950349999997 -5.731642909999995 5.761275660000001 -0.7013931 -14.758832760000002 -14.521866390000017 -14.658862639999994
16.395679603273454 -9.698785709999997 -5.731264829999995 5.761759350000001 -0.70138466 -14.759160250000003 -14.522183360000017 -14.659185689999994
16.395681761713423 -9.698605159999998 -5.730886759999995 5.7622630400000014 -0.7013983699999999 -14.759469680000002 -14.522500230000018 -14.659498259999994
16.395681774054886 -9.698416679999998 -5.730508689999995 5.762773450000002 -0.7014205899999999 -14.759769400000001 -14.522818290000018 -14.659805719999994
16.45010944753709 -9.698262339999998 -5.729962689999995 5.763506250000002 -0.7014798699999999 -14.7602886 -14.523385650000018 -14.660345239999995
16.489701089274174 -9.697715699999998 -5.729047609999995 5.7646809700000015 -0.7015047299999999 -14.760891840000001 -14.524008710000018 -14.660956839999994
16.526428084654743 -9.698048479999999 -5.729007509999995 5.764802350000002 -0.7015654299999999 -14.7612853 -14.524456330000017 -14.661373159999993
16.555903966950844 -9.698246209999999 -5.729019159999996 5.764810410000002 -0.7015698899999999 -14.76148663 -14.524658960000018 -14.661575039999994
16.555903983217547 -9.69844916 -5.729030809999996 5.764818950000001 -0.7015721399999999 -14.76169587 -14.524860510000018 -14.661781029999993
16.555904316458015 -9.698644739999999 -5.729042459999996 5.764826840000001 -0.7015764999999999 -14.761894980000001 -14.525065020000017 -14.661982419999994
16.555904327484644 -9.69884694 -5.729054109999996 5.764835250000002 -0.7015780199999999 -14.762104070000001 -14.525268820000017 -14.662189279999994
16.57343671801886 -9.69958342 -5.729545289999996 5.7642428300000015 -0.7015636 -14.76226257 -14.525440720000017 -14.662353439999995
16.63752219189112 -9.69987602 -5.729504169999997 5.764304050000002 -0.7015792399999999 -14.76260077 -14.525779780000017 -14.662691999999995
16.692377424344517 -9.70073916 -5.730102929999997 5.763479730000001 -0.70156634 -14.76265249 -14.525844720000016 -14.662749299999994
16.72412479845399 -9.700710659999999 -5.729908899999996 5.763734670000001 -0.70156398 -14.762881290000001 -14.526068980000016 -14.662976179999994
16.724124814648594 -9.70067885 -5.729714859999996 5.76399428 -0.7015676599999999 -14.763105410000001 -14.526292560000016 -14.663200069999993
16.724127733673054 -9.70063708 -5.729520819999996 5.76426479 -0.7015830399999999 -14.763318770000001 -14.526516350000016 -14.663417829999993
16.724127744402512 -9.70059788 -5.729326779999996 5.76453199 -0.70159427 -14.763535540000001 -14.526741160000016 -14.663637989999993
16.819852895206044 -9.70104723 -5.729640399999996 5.76411224 -0.70158751 -14.763571910000001 -14.526764740000017 -14.663668959999992
16.819852936202597 -9.70149209 -5.729954029999996 5.76369177 -0.70158277 -14.763601040000001 -14.526787490000016 -14.663695399999991
16.819854186560722 -9.70193707 -5.7302676699999955 5.76327208 -0.70157886 -14.763630240000001 -14.526810270000016 -14.66372188999999
16.819854225967656 -9.7023862 -5.730581299999995 5.76285271 -0.70157254 -14.76366632 -14.526833620000016 -14.663752599999992
16.865244728118874 -9.702533019999999 -5.730360139999996 5.76311593 -0.7015425000000001 -14.764106420000001 -14.527249640000015 -14.664182539999992
16.86524473999244 -9.70264928 -5.730138979999996 5.76341637 -0.7015536800000001 -14.76451194 -14.527664020000016 -14.664591799999991
16.874626764865713 -9.70244608 -5.729580399999996 5.7642191899999995 -0.7016264400000001 -14.765038800000001 -14.528245580000016 -14.665141739999992
16.886708034604982 -9.70203486 -5.728814079999996 5.765217829999999 -0.7016413800000001 -14.765611280000002 -14.528839340000015 -14.665723199999992
16.886708104536137 -9.7016259 -5.728047739999996 5.766234389999999 -0.7016679000000001 -14.766192380000001 -14.529431100000016 -14.666308799999992
16.928006948810463 -9.70146338 -5.727483979999995 5.767018029999999 -0.7016870800000001 -14.7667943 -14.530052800000016 -14.666919079999992
16.93026570708809 -9.70121532 -5.7268904599999955 5.767799889999999 -0.7016954400000002 -14.767319740000001 -14.530582580000017 -14.667446339999993
16.930265774953295 -9.700957879999999 -5.726296939999996 5.768593489999999 -0.7017182600000001 -14.76783308 -14.531109000000017 -14.667965199999992
16.930395445637572 -9.70022448 -5.725259999999996 5.769969329999999 -0.7017509200000002 -14.76844286 -14.531772000000016 -14.668597419999992
16.959525324251047 -9.700948819999999 -5.725726279999996 5.769368749999998 -0.7017464400000002 -14.768571080000001 -14.531898020000016 -14.668724719999993
17.23159550899095 -9.701114079999998 -5.725746659999996 5.769372219999998 -0.7017501900000002 -14.76873606 -14.532067460000016 -14.668891579999993
17.231595525132125 -9.701280239999997 -5.725767039999996 5.7693761399999985 -0.7017543700000002 -14.76890195 -14.532236400000016 -14.669058759999993
17.231596641369453 -9.701446669999997 -5.725787429999996 5.769380409999998 -0.7017589700000002 -14.76906805 -14.532404440000017 -14.669225679999993
17.231596651462336 -9.701626469999997 -5.725807819999996 5.7693673699999986 -0.7017446900000002 -14.7692491 -14.532572870000017 -14.669401409999994
17.257440564519097 -9.702081929999997 -5.726009059999996 5.769097549999999 -0.7017381500000002 -14.7694413 -14.532764650000017 -14.669593429999994
17.288923436234775 -9.701816049999996 -5.725497299999996 5.769803769999998 -0.7017577100000002 -14.769862080000001 -14.533208070000017 -14.670023769999993
17.331446415940594 -9.702503549999996 -5.725995879999997 5.769203369999999 -0.7017543100000002 -14.769952580000002 -14.533290510000016 -14.670110869999993
17.435403948809842 -9.702712129999997 -5.726089119999997 5.769093129999999 -0.7017537300000002 -14.770051500000001 -14.533380040000017 -14.670205829999993
17.435403996127395 -9.702912109999996 -5.726182349999997 5.768984959999999 -0.7017571600000002 -14.77013988 -14.533474700000017 -14.670296859999993
17.43540671803995 -9.703122849999996 -5.726275579999997 5.7688748499999996 -0.7017533900000003 -14.77024428 -14.533568870000018 -14.670396949999994
17.43540674830702 -9.703328389999996 -5.726368809999997 5.7687648099999995 -0.7017530500000002 -14.77034011 -14.533662300000017 -14.670491769999993
17.631886911598325 -9.703356869999995 -5.726123749999997 5.76900257 -0.7017131700000002 -14.770646229999999 -14.533963960000017 -14.670796009999993
17.64206158009006 -9.703987469999994 -5.726584629999997 5.76843313 -0.7017164100000002 -14.770704149999998 -14.534021180000018 -14.670853629999993
17.728157860131727 -9.704256159999995 -5.726748939999997 5.76821944 -0.7016972300000002 -14.770778329999999 -14.534076880000018 -14.670920009999993
17.72815790574649 -9.704518179999994 -5.726913249999996 5.76801423 -0.7016870100000002 -14.77084536 -14.534131930000019 -14.670981989999992
17.728160609541657 -9.704774339999993 -5.727077549999996 5.76781723 -0.7016860400000002 -14.770905489999999 -14.53418649000002 -14.671039769999993
17.728160640177656 -9.705034449999992 -5.727241849999996 5.7676142100000005 -0.7016783200000002 -14.770970299999998 -14.534241490000019 -14.671100439999993
17.798415795880207 -9.704948169999993 -5.727028659999996 5.76790607 -0.7016825300000001 -14.771171679999998 -14.53444045000002 -14.671300799999992
17.798415865688316 -9.704854249999993 -5.726815469999996 5.7681983500000005 -0.7016910100000001 -14.771361569999998 -14.534640790000019 -14.671495099999992
17.798416963063172 -9.704777089999993 -5.726602269999995 5.76847197 -0.7016788900000002 -14.771570149999999 -14.53483984000002 -14.671699659999993
17.798417019918144 -9.704688159999993 -5.726389069999995 5.76876037 -0.7016831000000001 -14.771765409999999 -14.53503903000002 -14.671896579999993
17.807696100392644 -9.705101679999993 -5.726553349999995 5.76850361 -0.7016570800000002 -14.771948189999998 -14.53522529000002 -14.672080839999992
17.81110250844444 -9.704987839999994 -5.726182509999995 5.76901379 -0.7016890000000001 -14.772312609999998 -14.535619610000019 -14.672457879999993
17.84036279195925 -9.705564799999994 -5.7265886899999945 5.76852629 -0.7016845400000001 -14.772406529999998 -14.535692230000018 -14.672542799999993
17.87976960789148 -9.705664999999994 -5.726571919999994 5.76854788 -0.7016849800000001 -14.772527879999998 -14.535811530000018 -14.672663289999994
17.879769653872753 -9.705767189999994 -5.726555149999994 5.76856951 -0.7016854800000001 -14.772651189999998 -14.535928040000018 -14.672783739999995
17.879771493198973 -9.705857619999994 -5.726538389999994 5.7685911 -0.7016925300000001 -14.772756149999998 -14.536045340000017 -14.672893909999994
17.87977152299502 -9.705959379999994 -5.7265216199999935 5.76861279 -0.7016930700000001 -14.772879059999998 -14.536162410000017 -14.673014359999994
17.9067560109396 -9.706552359999995 -5.726924459999993 5.76805083 -0.7016595100000002 -14.772943639999998 -14.536221550000016 -14.673076639999994
17.90752430110886 -9.706409039999995 -5.726547899999993 5.7685359499999995 -0.7016877700000002 -14.773257179999998 -14.536544770000017 -14.673394259999995
17.921843681770326 -9.706452549999995 -5.726482089999993 5.768632429999999 -0.7016874600000002 -14.773397479999998 -14.536683310000017 -14.673533819999994
17.92184374946378 -9.706492329999994 -5.726416279999993 5.768723799999999 -0.7016860600000001 -14.773530029999998 -14.536819640000017 -14.673667959999994
17.921844859568285 -9.706569189999994 -5.726284639999993 5.768925639999999 -0.7016950800000001 -14.773799709999999 -14.537098220000017 -14.673941399999995
17.938737430356248 -9.707002269999995 -5.7265042399999935 5.768656939999999 -0.7017018000000002 -14.773957389999998 -14.537241880000018 -14.674093159999995
17.97478024579154 -9.706762669999994 -5.726068079999994 5.769206219999999 -0.7017200800000002 -14.774248789999998 -14.537573720000017 -14.674401619999994
17.998901006050314 -9.706825539999995 -5.726001399999994 5.769285589999999 -0.7017111600000002 -14.774399949999998 -14.537711640000017 -14.674547199999994
17.99890102180382 -9.706889619999995 -5.725934719999994 5.769364969999999 -0.7017022600000002 -14.774552309999997 -14.537847890000018 -14.674692759999994
17.99890362628945 -9.706939459999996 -5.7258680499999945 5.769454249999999 -0.7017074300000002 -14.774686249999997 -14.537984890000018 -14.674827989999994
17.998903635637554 -9.706993799999996 -5.725801379999995 5.769538609999999 -0.7017072000000002 -14.774825179999997 -14.538122570000018 -14.674966389999994
18.067309350675327 -9.706977699999996 -5.725557779999995 5.769838709999998 -0.7017120000000002 -14.775104379999997 -14.538398430000019 -14.675244189999994
18.067309417429374 -9.706951399999996 -5.7253141799999945 5.770146049999998 -0.7017248600000002 -14.775372539999996 -14.538677250000019 -14.675516849999994
18.068303457005015 -9.706879739999996 -5.725030619999995 5.7705131299999985 -0.7017493400000002 -14.775643479999996 -14.538965390000019 -14.675795049999994
18.08257186051416 -9.707203099999996 -5.725183779999995 5.770288149999999 -0.7017574800000003 -14.775733719999996 -14.539065390000019 -14.675889409999995
18.10682468979288 -9.707133719999996 -5.725001769999995 5.770530049999999 -0.7017672000000003 -14.775896509999995 -14.539229210000018 -14.676052639999995
18.106824701906323 -9.707061919999996 -5.7248197599999955 5.7707720999999985 -0.7017771000000003 -14.776056859999995 -14.539396160000019 -14.676215779999994
18.106825905772144 -9.706991809999996 -5.724637769999996 5.771014279999998 -0.7017871700000002 -14.776218869999996 -14.539560630000018 -14.676378829999994
18.106825918564716 -9.706920169999997 -5.724455769999996 5.771256489999998 -0.7017972600000002 -14.776379339999997 -14.539727170000019 -14.676541859999993
18.143504622870825 -9.706825649999997 -5.724145749999996 5.771671769999998 -0.7018275600000002 -14.776669799999997 -14.540044310000019 -14.676843579999993
18.18887037728976 -9.707012929999998 -5.724147589999997 5.771667889999998 -0.7018404600000002 -14.776840299999996 -14.540222650000018 -14.677017379999993
18.1888704385797 -9.707212909999997 -5.724149429999997 5.771649829999998 -0.7018379600000002 -14.777024719999996 -14.540401810000018 -14.677199579999993
18.342637662826256 -9.707302729999997 -5.724149029999997 5.771656029999997 -0.7018416500000002 -14.777117059999997 -14.540498040000019 -14.677293559999994
18.342637707864537 -9.707393919999996 -5.724148619999997 5.771662929999997 -0.7018461100000002 -14.777210689999997 -14.540590440000019 -14.677386669999994
18.342640269440327 -9.707492799999995 -5.7241482099999965 5.771659889999997 -0.7018392200000002 -14.777313409999996 -14.540684500000019 -14.677485739999993
18.342640298206202 -9.707589279999995 -5.724147799999996 5.771665929999997 -0.7018393300000002 -14.777415829999995 -14.540779930000019 -14.677585209999993
18.416614944968845 -9.708149999999995 -5.724561579999996 5.771103129999997 -0.7018459500000002 -14.777407129999995 -14.540776750000019 -14.677578849999993
18.42241701629805 -9.708273879999995 -5.724506859999996 5.771181869999997 -0.7018569700000001 -14.777598729999996 -14.540961010000018 -14.677767349999993
18.448130036498895 -9.708159179999996 -5.724137199999997 5.7716001899999965 -0.7018149900000001 -14.777944329999995 -14.541295550000019 -14.678108269999992
18.49526349966686 -9.707474779999995 -5.723263699999997 5.772774089999997 -0.7018582900000001 -14.778390529999996 -14.54178003000002 -14.678570629999992
18.54260717401357 -9.707644039999995 -5.723276819999997 5.772773229999997 -0.7018755700000001 -14.778541649999996 -14.54193809000002 -14.678724669999992
18.55807330425707 -9.708196859999994 -5.723651839999997 5.772211569999997 -0.7018373700000001 -14.778571009999995 -14.541950510000019 -14.678746889999992
18.56076474560414 -9.708463399999994 -5.723763799999997 5.772072529999997 -0.7018138900000002 -14.778722009999996 -14.542080970000018 -14.678889229999992
