shell0_X0_Y0_Z0_mono0_fix1/shell1_X1_Y0_Z0_mono0_fix1//test20tig_AVTZ// DONE 4.576817879131265 2	-0.91715981 -0.47987790 0.80512240 -0.15014040 -1.57214181 -1.55627500 -1.56544800
shell0_X0_Y0_Z0_mono0_fix1/shell0_X0_Y0_Z0_mono1_fix1//test20tig_AVTZ// DONE 4.832536863788855 1	-0.82125095 -0.44537950 0.83689950 -0.12909740 -1.52905305 -1.51576700 -1.52344800
shell0_X0_Y0_Z0_mono0_fix1/shell1_X0_Y1_Z0_mono1_fix1//test20tig_AVTZ// DONE 4.832537267337338 1	-0.82124968 -0.44537780 0.83689670 -0.12909660 -1.52904978 -1.51576200 -1.52344400
shell0_X0_Y0_Z0_mono0_fix1/shell1_X-1_Y1_Z-1_mono1_fix1//test20tig_AVTZ// DONE 4.832541657327352 1	-0.82125800 -0.44538390 0.83687590 -0.12909520 -1.52903870 -1.51574400 -1.52343000
shell0_X0_Y0_Z0_mono0_fix1/shell1_X-1_Y0_Z-1_mono1_fix1//test20tig_AVTZ// DONE 4.832541803661923 1	-0.82125108 -0.44537920 0.83687960 -0.12909490 -1.52903578 -1.51574800 -1.52343000
shell0_X0_Y0_Z0_mono0_fix1/shell1_X0_Y0_Z-1_mono1_fix1//test20tig_AVTZ// DONE 4.8748181239170645 1	-0.69208842 -0.25851900 0.73054230 -0.12410650 -1.29852422 -1.29446800 -1.29681300
shell0_X0_Y0_Z0_mono0_fix1/shell1_X0_Y1_Z-1_mono1_fix1//test20tig_AVTZ// DONE 4.8748182455824045 1	-0.69208616 -0.25851870 0.73054030 -0.12410970 -1.29851676 -1.29446400 -1.29680700
shell0_X0_Y0_Z0_mono0_fix1/shell1_X-1_Y1_Z0_mono1_fix1//test20tig_AVTZ// DONE 4.874819824994216 1	-0.69208889 -0.25852270 0.73053390 -0.12410930 -1.29851349 -1.29445900 -1.29680300
shell0_X0_Y0_Z0_mono0_fix1/shell1_X-1_Y0_Z0_mono1_fix1//test20tig_AVTZ// DONE 4.87481984938681 1	-0.69208466 -0.25851920 0.73053210 -0.12410900 -1.29850776 -1.29445500 -1.29679800
shell0_X0_Y0_Z0_mono0_fix1/shell1_X0_Y-1_Z0_mono0_fix1//test20tig_AVTZ// DONE 5.834800797021388 2	-0.31641997 -0.03847400 0.24539290 -0.05464218 -0.50717069 -0.51266950 -0.50949050
shell0_X0_Y0_Z0_mono0_fix1/shell1_X0_Y0_Z1_mono0_fix1//test20tig_AVTZ// DONE 6.052387884674758 2	-0.25892226 -0.04072749 0.10690890 -0.03057278 -0.33525838 -0.34299010 -0.33852020
shell0_X0_Y0_Z0_mono0_fix1/shell1_X-1_Y-1_Z0_mono0_fix1//test20tig_AVTZ// DONE 7.206164883641013 2	-0.05737868 -0.00645387 0.00366300 -0.00125285 -0.05978883 -0.06197583 -0.06071147
shell0_X0_Y0_Z0_mono0_fix1/shell1_X-1_Y1_Z0_mono0_fix1//test20tig_AVTZ// DONE 7.234555636358268 2	-0.04933085 -0.00194429 0.00144929 -0.00090209 -0.04987805 -0.05185546 -0.05071227
shell0_X0_Y0_Z0_mono0_fix1/shell1_X-1_Y0_Z-1_mono0_fix1//test20tig_AVTZ// DONE 7.357945972453686 2	-0.04843463 -0.00466469 0.00250505 -0.00091964 -0.05002003 -0.05185804 -0.05079544
shell0_X0_Y0_Z0_mono0_fix1/shell1_X1_Y0_Z-1_mono0_fix1//test20tig_AVTZ// DONE 7.432696933113306 2	-0.04067828 -0.00032136 0.00142052 -0.00063762 -0.04146118 -0.04317659 -0.04218487
shell0_X0_Y0_Z0_mono0_fix1/shell1_X1_Y0_Z0_mono1_fix1//test20tig_AVTZ// DONE 7.687882795249492 1	-0.03376383 -0.00145773 0.00031805 -0.00037559 -0.03370629 -0.03515231 -0.03431633
shell0_X0_Y0_Z0_mono0_fix1/shell1_X1_Y1_Z0_mono1_fix1//test20tig_AVTZ// DONE 7.6878830067580335 1	-0.03376359 -0.00145781 0.00031727 -0.00037543 -0.03370543 -0.03515266 -0.03431598
shell0_X0_Y0_Z0_mono0_fix1/shell2_X-2_Y1_Z-1_mono1_fix1//test20tig_AVTZ// DONE 7.687889776040406 1	-0.03376204 -0.00145764 0.00031783 -0.00037603 -0.03370384 -0.03515302 -0.03431521
shell0_X0_Y0_Z0_mono0_fix1/shell2_X-2_Y0_Z-1_mono1_fix1//test20tig_AVTZ// DONE 7.6878898668243245 1	-0.03376332 -0.00145778 0.00031703 -0.00037522 -0.03370514 -0.03515240 -0.03431570
shell0_X0_Y0_Z0_mono0_fix1/shell1_X1_Y0_Z-1_mono1_fix1//test20tig_AVTZ// DONE 7.741652423640557 1	-0.02619210 -0.00088449 -0.00002991 -0.00016000 -0.02600220 -0.02670438 -0.02629843
shell0_X0_Y0_Z0_mono0_fix1/shell1_X1_Y1_Z-1_mono1_fix1//test20tig_AVTZ// DONE 7.7416525542166985 1	-0.02617730 -0.00088442 -0.00000757 -0.00017940 -0.02599033 -0.02670500 -0.02629183
shell0_X0_Y0_Z0_mono0_fix1/shell2_X-2_Y1_Z0_mono1_fix1//test20tig_AVTZ// DONE 7.741657332883547 1	-0.02617832 -0.00088447 -0.00000952 -0.00017820 -0.02599060 -0.02670417 -0.02629164
shell0_X0_Y0_Z0_mono0_fix1/shell2_X-2_Y0_Z0_mono1_fix1//test20tig_AVTZ// DONE 7.7416573903537556 1	-0.02618010 -0.00088445 -0.00001159 -0.00017542 -0.02599310 -0.02670424 -0.02629311
shell0_X0_Y0_Z0_mono0_fix1/shell1_X0_Y-1_Z-1_mono0_fix1//test20tig_AVTZ// DONE 8.21547938783387 2	-0.02672932 -0.00030784 0.00260505 -0.00046150 -0.02887288 -0.02921493 -0.02901718
shell0_X0_Y0_Z0_mono0_fix1/shell1_X0_Y-1_Z1_mono0_fix1//test20tig_AVTZ// DONE 8.30173601819067 2	-0.01535142 0.00040273 0.00066553 -0.00006486 -0.01595209 -0.01632049 -0.01610751
shell0_X0_Y0_Z0_mono0_fix1/shell2_X-2_Y0_Z0_mono0_fix1//test20tig_AVTZ// DONE 8.63133829007425 2	-0.01261986 0.00017193 0.00036657 -0.00004966 -0.01293678 -0.01318389 -0.01304103
shell0_X0_Y0_Z0_mono0_fix1/shell1_X1_Y1_Z1_mono0_fix1//test20tig_AVTZ// DONE 9.220399005428115 2	-0.01173927 0.00023746 0.00063945 -0.00008351 -0.01229521 -0.01233055 -0.01231012
shell0_X0_Y0_Z0_mono0_fix1/shell1_X-1_Y1_Z1_mono0_fix1//test20tig_AVTZ// DONE 9.287303895161147 2	-0.00987366 0.00001976 0.00019290 -0.00004218 -0.01002438 -0.01011052 -0.01006072
shell0_X0_Y0_Z0_mono0_fix1/shell1_X-1_Y1_Z-1_mono0_fix1//test20tig_AVTZ// DONE 9.295639787140068 2	-0.00753188 -0.00002516 0.00001594 -0.00000635 -0.00754148 -0.00754794 -0.00754420
shell0_X0_Y0_Z0_mono0_fix1/shell1_X0_Y-1_Z0_mono1_fix1//test20tig_AVTZ// DONE 9.298074164631034 1	-0.01000308 -0.00033911 -0.00025343 -0.00001575 -0.00973390 -0.00993585 -0.00981910
shell0_X0_Y0_Z0_mono0_fix1/shell2_X0_Y2_Z0_mono1_fix1//test20tig_AVTZ// DONE 9.298074429663076 1	-0.01000345 -0.00033918 -0.00025295 -0.00001601 -0.00973449 -0.00993522 -0.00981917
shell0_X0_Y0_Z0_mono0_fix1/shell1_X-1_Y-1_Z-1_mono1_fix1//test20tig_AVTZ// DONE 9.298076751720414 1	-0.01000555 -0.00033928 -0.00025444 -0.00001372 -0.00973740 -0.00993551 -0.00982098
shell0_X0_Y0_Z0_mono0_fix1/shell2_X-1_Y2_Z-1_mono1_fix1//test20tig_AVTZ// DONE 9.298076765664975 1	-0.00999728 -0.00033918 -0.00024956 -0.00002159 -0.00972614 -0.00993548 -0.00981445
shell0_X0_Y0_Z0_mono0_fix1/shell1_X0_Y-1_Z-1_mono1_fix1//test20tig_AVTZ// DONE 9.31107587266543 1	-0.00923159 0.00019208 0.00037092 -0.00002800 -0.00957451 -0.00966664 -0.00961338
shell0_X0_Y0_Z0_mono0_fix1/shell2_X0_Y2_Z-1_mono1_fix1//test20tig_AVTZ// DONE 9.311076021291033 1	-0.00921758 0.00019214 0.00038063 -0.00004225 -0.00955596 -0.00966793 -0.00960320
shell0_X0_Y0_Z0_mono0_fix1/shell1_X-1_Y-1_Z0_mono1_fix1//test20tig_AVTZ// DONE 9.311076743517448 1	-0.00922030 0.00019216 0.00037877 -0.00004000 -0.00955907 -0.00966648 -0.00960438
shell0_X0_Y0_Z0_mono0_fix1/shell2_X-1_Y2_Z0_mono1_fix1//test20tig_AVTZ// DONE 9.311076854260124 1	-0.00921691 0.00019211 0.00038170 -0.00004372 -0.00955489 -0.00966671 -0.00960206
shell0_X0_Y0_Z0_mono0_fix1/shell1_X-1_Y-1_Z1_mono0_fix1//test20tig_AVTZ// DONE 9.333735909753628 2	-0.00733042 -0.00002048 0.00002126 -0.00000660 -0.00734508 -0.00734959 -0.00734698
shell0_X0_Y0_Z0_mono0_fix1/shell1_X0_Y0_Z1_mono1_fix1//test20tig_AVTZ// DONE 9.557279214796877 1	-0.00787880 0.00008680 0.00019904 -0.00002272 -0.00805512 -0.00810084 -0.00807441
shell0_X0_Y0_Z0_mono0_fix1/shell1_X0_Y1_Z1_mono1_fix1//test20tig_AVTZ// DONE 9.557279331757535 1	-0.00788148 0.00008683 0.00020007 -0.00002391 -0.00805765 -0.00809782 -0.00807459
shell0_X0_Y0_Z0_mono0_fix1/shell2_X-1_Y1_Z-2_mono1_fix1//test20tig_AVTZ// DONE 9.557283198503164 1	-0.00788192 0.00008678 0.00019823 -0.00002198 -0.00805818 -0.00809744 -0.00807474
shell0_X0_Y0_Z0_mono0_fix1/shell2_X-1_Y0_Z-2_mono1_fix1//test20tig_AVTZ// DONE 9.557283219271111 1	-0.00788900 0.00008688 0.00019301 -0.00001495 -0.00806706 -0.00809695 -0.00807967
shell0_X0_Y0_Z0_mono0_fix1/shell1_X-1_Y0_Z1_mono1_fix1//test20tig_AVTZ// DONE 9.59444338732299 1	-0.00775117 -0.00008973 -0.00004715 -0.00000452 -0.00769950 -0.00786193 -0.00776802
shell0_X0_Y0_Z0_mono0_fix1/shell1_X-1_Y1_Z1_mono1_fix1//test20tig_AVTZ// DONE 9.594443452897366 1	-0.00774612 -0.00008970 -0.00004401 -0.00001043 -0.00769168 -0.00786162 -0.00776338
shell0_X0_Y0_Z0_mono0_fix1/shell2_X0_Y0_Z-2_mono1_fix1//test20tig_AVTZ// DONE 9.594444158397373 1	-0.00774384 -0.00008965 -0.00004169 -0.00001314 -0.00768901 -0.00786130 -0.00776169
shell0_X0_Y0_Z0_mono0_fix1/shell2_X0_Y1_Z-2_mono1_fix1//test20tig_AVTZ// DONE 9.59444417465115 1	-0.00774479 -0.00008970 -0.00004179 -0.00001248 -0.00769052 -0.00786125 -0.00776255
shell0_X0_Y0_Z0_mono0_fix1/shell2_X2_Y1_Z0_mono0_fix1//test20tig_AVTZ// DONE 10.281259045415673 2	-0.00473319 -0.00015634 -0.00017490 0.00000540 -0.00456369 -0.00459112 -0.00457526
shell0_X0_Y0_Z0_mono0_fix1/shell2_X2_Y-1_Z0_mono0_fix1//test20tig_AVTZ// DONE 10.301594281051557 2	-0.00392923 0.00004575 0.00006038 -0.00000189 -0.00398773 -0.00398353 -0.00398596
shell0_X0_Y0_Z0_mono0_fix1/shell2_X2_Y0_Z1_mono0_fix1//test20tig_AVTZ// DONE 10.370397658874873 2	-0.00447211 -0.00014257 -0.00015939 0.00000388 -0.00431660 -0.00433678 -0.00432511
shell0_X0_Y0_Z0_mono0_fix1/shell2_X-2_Y0_Z1_mono0_fix1//test20tig_AVTZ// DONE 10.458272455392859 2	-0.00356341 0.00005884 0.00007118 0.00000039 -0.00363498 -0.00363789 -0.00363620
shell0_X0_Y0_Z0_mono0_fix1/shell1_X1_Y-1_Z0_mono1_fix1//test20tig_AVTZ// DONE 11.052017778653015 1	-0.00296275 -0.00004586 -0.00005519 0.00000223 -0.00290979 -0.00290922 -0.00290955
shell0_X0_Y0_Z0_mono0_fix1/shell2_X1_Y2_Z0_mono1_fix1//test20tig_AVTZ// DONE 11.052018052102293 1	-0.00296166 -0.00004587 -0.00005483 0.00000226 -0.00290909 -0.00291085 -0.00290983
shell0_X0_Y0_Z0_mono0_fix1/shell2_X-2_Y2_Z-1_mono1_fix1//test20tig_AVTZ// DONE 11.052022728494107 1	-0.00295137 -0.00004588 -0.00004861 -0.00000746 -0.00289529 -0.00291095 -0.00290190
shell0_X0_Y0_Z0_mono0_fix1/shell2_X-2_Y-1_Z-1_mono1_fix1//test20tig_AVTZ// DONE 11.052022770729785 1	-0.00296248 -0.00004590 -0.00005667 0.00000319 -0.00290900 -0.00291050 -0.00290963
shell0_X0_Y0_Z0_mono0_fix1/shell1_X1_Y-1_Z-1_mono1_fix1//test20tig_AVTZ// DONE 11.082269652642848 1	-0.00272863 0.00003599 0.00004965 -0.00000067 -0.00277762 -0.00277212 -0.00277530
shell0_X0_Y0_Z0_mono0_fix1/shell2_X1_Y2_Z-1_mono1_fix1//test20tig_AVTZ// DONE 11.08226985161873 1	-0.00272745 0.00003600 0.00005066 -0.00000243 -0.00277569 -0.00277190 -0.00277409
shell0_X0_Y0_Z0_mono0_fix1/shell2_X-2_Y-1_Z0_mono1_fix1//test20tig_AVTZ// DONE 11.082273202532251 1	-0.00272648 0.00003600 0.00004994 -0.00000252 -0.00277390 -0.00277254 -0.00277333
shell0_X0_Y0_Z0_mono0_fix1/shell2_X-2_Y2_Z0_mono1_fix1//test20tig_AVTZ// DONE 11.082273210978506 1	-0.00272737 0.00003599 0.00004973 -0.00000172 -0.00277539 -0.00277253 -0.00277418
shell0_X0_Y0_Z0_mono0_fix1/shell1_X1_Y0_Z1_mono1_fix1//test20tig_AVTZ// DONE 11.251269307167787 1	-0.00258695 0.00006340 0.00007848 -0.00000255 -0.00266288 -0.00266347 -0.00266313
shell0_X0_Y0_Z0_mono0_fix1/shell1_X1_Y1_Z1_mono1_fix1//test20tig_AVTZ// DONE 11.25126941695398 1	-0.00258683 0.00006340 0.00007846 -0.00000299 -0.00266230 -0.00266368 -0.00266288
shell0_X0_Y0_Z0_mono0_fix1/shell2_X-2_Y1_Z-2_mono1_fix1//test20tig_AVTZ// DONE 11.251275418678413 1	-0.00258654 0.00006339 0.00007960 -0.00000337 -0.00266276 -0.00266371 -0.00266316
shell0_X0_Y0_Z0_mono0_fix1/shell2_X-2_Y0_Z-2_mono1_fix1//test20tig_AVTZ// DONE 11.251275446026634 1	-0.00258651 0.00006342 0.00008038 -0.00000373 -0.00266316 -0.00266366 -0.00266337
shell0_X0_Y0_Z0_mono0_fix1/shell2_X1_Y0_Z-2_mono1_fix1//test20tig_AVTZ// DONE 11.339343574138503 1	-0.00233224 -0.00000227 -0.00000244 0.00000063 -0.00233043 -0.00233061 -0.00233051
shell0_X0_Y0_Z0_mono0_fix1/shell2_X1_Y1_Z-2_mono1_fix1//test20tig_AVTZ// DONE 11.33934361654418 1	-0.00233168 -0.00000227 -0.00000237 0.00000036 -0.00232967 -0.00233101 -0.00233024
shell0_X0_Y0_Z0_mono0_fix1/shell2_X-2_Y0_Z1_mono1_fix1//test20tig_AVTZ// DONE 11.339345607108898 1	-0.00233329 -0.00000228 -0.00000274 0.00000139 -0.00233194 -0.00233062 -0.00233138
shell0_X0_Y0_Z0_mono0_fix1/shell2_X-2_Y1_Z1_mono1_fix1//test20tig_AVTZ// DONE 11.339345627411392 1	-0.00233342 -0.00000228 -0.00000274 0.00000164 -0.00233232 -0.00233107 -0.00233179
shell0_X0_Y0_Z0_mono0_fix1/shell2_X0_Y-2_Z0_mono0_fix1//test20tig_AVTZ// DONE 11.351447454150398 2	-0.00273214 -0.00014059 -0.00016355 0.00000334 -0.00257193 -0.00258139 -0.00257592
shell0_X0_Y0_Z0_mono0_fix1/shell2_X2_Y0_Z0_mono1_fix1//test20tig_AVTZ// DONE 11.423339923096968 1	-0.00220983 0.00001089 0.00001452 -0.00000474 -0.00221961 -0.00222462 -0.00222172
shell0_X0_Y0_Z0_mono0_fix1/shell2_X2_Y1_Z0_mono1_fix1//test20tig_AVTZ// DONE 11.423340031243132 1	-0.00221096 0.00001089 0.00001447 -0.00000273 -0.00222270 -0.00222586 -0.00222403
shell0_X0_Y0_Z0_mono0_fix1/shell3_X-3_Y1_Z-1_mono1_fix1//test20tig_AVTZ// DONE 11.423347271609863 1	-0.00220901 0.00001091 0.00001475 -0.00000503 -0.00221874 -0.00222482 -0.00222131
shell0_X0_Y0_Z0_mono0_fix1/shell3_X-3_Y0_Z-1_mono1_fix1//test20tig_AVTZ// DONE 11.423347306878169 1	-0.00220950 0.00001090 0.00001923 -0.00000811 -0.00222062 -0.00222544 -0.00222266
shell0_X0_Y0_Z0_mono0_fix1/shell2_X2_Y0_Z-1_mono1_fix1//test20tig_AVTZ// DONE 11.47158597420565 1	-0.00199826 0.00000029 0.00000126 0.00000038 -0.00199990 -0.00199835 -0.00199925
shell0_X0_Y0_Z0_mono0_fix1/shell2_X2_Y1_Z-1_mono1_fix1//test20tig_AVTZ// DONE 11.471586058415966 1	-0.00199708 0.00000030 0.00000108 0.00000132 -0.00199948 -0.00200143 -0.00200030
shell0_X0_Y0_Z0_mono0_fix1/shell3_X-3_Y1_Z0_mono1_fix1//test20tig_AVTZ// DONE 11.471591945127729 1	-0.00199654 0.00000031 0.00000397 -0.00000279 -0.00199771 -0.00199838 -0.00199799
shell0_X0_Y0_Z0_mono0_fix1/shell3_X-3_Y0_Z0_mono1_fix1//test20tig_AVTZ// DONE 11.471591967247297 1	-0.00199593 0.00000030 0.00000393 -0.00000176 -0.00199810 -0.00200139 -0.00199949
shell0_X0_Y0_Z0_mono0_fix1/shell2_X-2_Y-1_Z-1_mono0_fix1//test20tig_AVTZ// DONE 11.772367791361654 2	-0.00227812 -0.00011808 -0.00012809 0.00000384 -0.00215386 -0.00215227 -0.00215319
shell0_X0_Y0_Z0_mono0_fix1/shell2_X0_Y0_Z2_mono0_fix1//test20tig_AVTZ// DONE 11.793340778908904 2	-0.00209339 -0.00010315 -0.00012473 0.00000445 -0.00197311 -0.00198224 -0.00197696
shell0_X0_Y0_Z0_mono0_fix1/shell2_X-2_Y1_Z-1_mono0_fix1//test20tig_AVTZ// DONE 11.815540326094641 2	-0.00162268 0.00003241 0.00004535 -0.00000594 -0.00166208 -0.00166594 -0.00166371
shell0_X0_Y0_Z0_mono0_fix1/shell2_X-2_Y1_Z1_mono0_fix1//test20tig_AVTZ// DONE 11.859669606156782 2	-0.00177165 -0.00003274 -0.00004181 0.00000062 -0.00173047 -0.00172982 -0.00173019
shell0_X0_Y0_Z0_mono0_fix1/shell2_X-2_Y-1_Z1_mono0_fix1//test20tig_AVTZ// DONE 11.875394026584075 2	-0.00157819 0.00002708 0.00003494 -0.00000232 -0.00161081 -0.00160848 -0.00160983
shell0_X0_Y0_Z0_mono0_fix1/shell2_X1_Y2_Z0_mono0_fix1//test20tig_AVTZ// DONE 12.110018745224941 2	-0.00171450 -0.00003918 -0.00004854 0.00000299 -0.00166895 -0.00167380 -0.00167099
shell0_X0_Y0_Z0_mono0_fix1/shell2_X-1_Y2_Z0_mono0_fix1//test20tig_AVTZ// DONE 12.12207805166879 2	-0.00167264 -0.00004564 -0.00006806 0.00001309 -0.00161767 -0.00161297 -0.00161569
shell0_X0_Y0_Z0_mono0_fix1/shell1_X0_Y-1_Z1_mono1_fix1//test20tig_AVTZ// DONE 12.433224601248487 1	-0.00143322 -0.00006617 -0.00008347 0.00000489 -0.00135464 -0.00135992 -0.00135687
shell0_X0_Y0_Z0_mono0_fix1/shell2_X0_Y2_Z1_mono1_fix1//test20tig_AVTZ// DONE 12.433224800131704 1	-0.00143216 -0.00006617 -0.00008356 0.00000471 -0.00135331 -0.00136044 -0.00135632
shell0_X0_Y0_Z0_mono0_fix1/shell2_X-1_Y-1_Z-2_mono1_fix1//test20tig_AVTZ// DONE 12.43322773560552 1	-0.00143555 -0.00006618 -0.00008461 0.00000815 -0.00135908 -0.00136041 -0.00135965
shell0_X0_Y0_Z0_mono0_fix1/shell2_X-1_Y2_Z-2_mono1_fix1//test20tig_AVTZ// DONE 12.433227743837751 1	-0.00143289 -0.00006620 -0.00008120 0.00000330 -0.00135500 -0.00135928 -0.00135680
shell0_X0_Y0_Z0_mono0_fix1/shell1_X-1_Y-1_Z1_mono1_fix1//test20tig_AVTZ// DONE 12.458889333749935 1	-0.00138352 -0.00005151 -0.00006455 0.00000244 -0.00132141 -0.00132647 -0.00132354
shell0_X0_Y0_Z0_mono0_fix1/shell2_X-1_Y2_Z1_mono1_fix1//test20tig_AVTZ// DONE 12.458889466528344 1	-0.00138491 -0.00005151 -0.00006448 0.00000335 -0.00132378 -0.00132632 -0.00132485
shell0_X0_Y0_Z0_mono0_fix1/shell2_X0_Y-1_Z-2_mono1_fix1//test20tig_AVTZ// DONE 12.458889951157254 1	-0.00138717 -0.00005152 -0.00006490 0.00000603 -0.00132830 -0.00132639 -0.00132749
shell0_X0_Y0_Z0_mono0_fix1/shell2_X0_Y2_Z-2_mono1_fix1//test20tig_AVTZ// DONE 12.458890012880294 1	-0.00138626 -0.00005152 -0.00006415 0.00000551 -0.00132761 -0.00132672 -0.00132723
shell0_X0_Y0_Z0_mono0_fix1/shell2_X-1_Y0_Z-2_mono0_fix1//test20tig_AVTZ// DONE 12.496676376434412 2	-0.00138786 -0.00003614 -0.00004300 -0.00000032 -0.00134454 -0.00135250 -0.00134790
shell0_X0_Y0_Z0_mono0_fix1/shell2_X-1_Y0_Z2_mono0_fix1//test20tig_AVTZ// DONE 12.564328271234713 2	-0.00130850 -0.00002936 -0.00003892 0.00000002 -0.00126960 -0.00127210 -0.00127065
shell0_X0_Y0_Z0_mono0_fix1/shell2_X0_Y-2_Z-1_mono0_fix1//test20tig_AVTZ// DONE 12.744924867435586 2	-0.00130311 0.00003782 0.00004746 0.00000167 -0.00135224 -0.00133557 -0.00134521
shell0_X0_Y0_Z0_mono0_fix1/shell2_X0_Y-2_Z1_mono0_fix1//test20tig_AVTZ// DONE 12.791458110517096 2	-0.00103150 0.00001510 0.00001460 0.00000297 -0.00104906 -0.00104515 -0.00104741
shell0_X0_Y0_Z0_mono0_fix1/shell3_X3_Y0_Z0_mono0_fix1//test20tig_AVTZ// DONE 12.798099519539354 2	-0.00099265 0.00003928 0.00004757 -0.00000151 -0.00103871 -0.00103777 -0.00103831
shell0_X0_Y0_Z0_mono0_fix1/shell2_X0_Y1_Z2_mono0_fix1//test20tig_AVTZ// DONE 13.043135175195543 2	-0.00114416 0.00000764 0.00000856 0.00000585 -0.00115857 -0.00112838 -0.00114583
shell0_X0_Y0_Z0_mono0_fix1/shell2_X0_Y-1_Z2_mono0_fix1//test20tig_AVTZ// DONE 13.086596636379184 2	-0.00089397 0.00001352 0.00001446 0.00000226 -0.00091069 -0.00090374 -0.00090776
shell0_X0_Y0_Z0_mono0_fix1/shell2_X-1_Y-2_Z-1_mono0_fix1//test20tig_AVTZ// DONE 13.411887247480243 2	-0.00090241 0.00006864 0.00008424 -0.00000366 -0.00098299 -0.00096247 -0.00097433
shell0_X0_Y0_Z0_mono0_fix1/shell2_X1_Y-2_Z-1_mono0_fix1//test20tig_AVTZ// DONE 13.45200066265478 2	-0.00091480 -0.00002295 -0.00002688 0.00000122 -0.00088913 -0.00088624 -0.00088791
shell0_X0_Y0_Z0_mono0_fix1/shell2_X1_Y-2_Z1_mono0_fix1//test20tig_AVTZ// DONE 13.46076868649561 2	-0.00072430 0.00002829 0.00003594 -0.00000417 -0.00075608 -0.00075666 -0.00075632
shell0_X0_Y0_Z0_mono0_fix1/shell2_X1_Y2_Z-1_mono0_fix1//test20tig_AVTZ// DONE 13.482761476203779 2	-0.00075318 -0.00000565 -0.00000729 -0.00000036 -0.00074553 -0.00074497 -0.00074530
shell0_X0_Y0_Z0_mono0_fix1/shell2_X1_Y1_Z2_mono0_fix1//test20tig_AVTZ// DONE 13.682479305864604 2	-0.00079808 0.00004621 0.00005420 0.00000104 -0.00085332 -0.00084422 -0.00084948
shell0_X0_Y0_Z0_mono0_fix1/shell2_X-1_Y1_Z-2_mono0_fix1//test20tig_AVTZ// DONE 13.724459765034897 2	-0.00067700 -0.00000433 -0.00000580 0.00000253 -0.00067373 -0.00066612 -0.00067052
shell0_X0_Y0_Z0_mono0_fix1/shell2_X-1_Y1_Z2_mono0_fix1//test20tig_AVTZ// DONE 13.747158208808976 2	-0.00081042 -0.00003226 -0.00004319 0.00000897 -0.00077620 -0.00076770 -0.00077261
shell0_X0_Y0_Z0_mono0_fix1/shell1_X1_Y-1_Z1_mono1_fix1//test20tig_AVTZ// DONE 13.777193087204802 1	-0.00074221 -0.00002696 -0.00003831 0.00000622 -0.00071012 -0.00070431 -0.00070767
shell0_X0_Y0_Z0_mono0_fix1/shell2_X1_Y2_Z1_mono1_fix1//test20tig_AVTZ// DONE 13.777193295278535 1	-0.00074271 -0.00002696 -0.00003367 0.00000690 -0.00071594 -0.00070432 -0.00071104
shell0_X0_Y0_Z0_mono0_fix1/shell2_X-2_Y2_Z-2_mono1_fix1//test20tig_AVTZ// DONE 13.77719814477162 1	-0.00073773 -0.00002697 -0.00003504 0.00000221 -0.00070490 -0.00070467 -0.00070480
shell0_X0_Y0_Z0_mono0_fix1/shell2_X-2_Y-1_Z-2_mono1_fix1//test20tig_AVTZ// DONE 13.777198163247713 1	-0.00073734 -0.00002697 -0.00003594 0.00000201 -0.00070341 -0.00070464 -0.00070393
shell0_X0_Y0_Z0_mono0_fix1/shell2_X1_Y1_Z-2_mono0_fix1//test20tig_AVTZ// DONE 13.780056567618942 2	-0.00062812 0.00002487 0.00003091 0.00000008 -0.00065911 -0.00065444 -0.00065714
shell0_X0_Y0_Z0_mono0_fix1/shell2_X1_Y-1_Z-2_mono1_fix1//test20tig_AVTZ// DONE 13.844418691482614 1	-0.00067843 -0.00001690 -0.00002062 0.00000086 -0.00065867 -0.00066156 -0.00065989
shell0_X0_Y0_Z0_mono0_fix1/shell2_X1_Y2_Z-2_mono1_fix1//test20tig_AVTZ// DONE 13.844418792112007 1	-0.00068191 -0.00001689 -0.00002428 0.00000411 -0.00066174 -0.00066058 -0.00066125
shell0_X0_Y0_Z0_mono0_fix1/shell2_X-2_Y-1_Z1_mono1_fix1//test20tig_AVTZ// DONE 13.844420375393245 1	-0.00068497 -0.00001689 -0.00002555 0.00000764 -0.00066706 -0.00066058 -0.00066433
shell0_X0_Y0_Z0_mono0_fix1/shell2_X-2_Y2_Z1_mono1_fix1//test20tig_AVTZ// DONE 13.844420441731238 1	-0.00068129 -0.00001689 -0.00002592 0.00000485 -0.00066022 -0.00066062 -0.00066039
shell0_X0_Y0_Z0_mono0_fix1/shell2_X2_Y-1_Z0_mono1_fix1//test20tig_AVTZ// DONE 13.912816698669776 1	-0.00065321 -0.00000494 -0.00000717 0.00000193 -0.00064798 -0.00064547 -0.00064692
shell0_X0_Y0_Z0_mono0_fix1/shell2_X2_Y2_Z0_mono1_fix1//test20tig_AVTZ// DONE 13.912816908397065 1	-0.00065293 -0.00000494 -0.00000769 0.00000117 -0.00064641 -0.00064539 -0.00064598
shell0_X0_Y0_Z0_mono0_fix1/shell3_X-3_Y2_Z-1_mono1_fix1//test20tig_AVTZ// DONE 13.912822806364776 1	-0.00065906 -0.00000494 -0.00001290 0.00000840 -0.00065457 -0.00064547 -0.00065073
shell0_X0_Y0_Z0_mono0_fix1/shell3_X-3_Y-1_Z-1_mono1_fix1//test20tig_AVTZ// DONE 13.912822837738087 1	-0.00065433 -0.00000495 -0.00000943 0.00000246 -0.00064736 -0.00064539 -0.00064653
shell0_X0_Y0_Z0_mono0_fix1/shell2_X2_Y-1_Z-1_mono1_fix1//test20tig_AVTZ// DONE 13.949794619310884 1	-0.00062024 0.00000061 0.00000027 0.00000250 -0.00062300 -0.00061652 -0.00062027
shell0_X0_Y0_Z0_mono0_fix1/shell2_X2_Y2_Z-1_mono1_fix1//test20tig_AVTZ// DONE 13.949794791396334 1	-0.00061796 0.00000062 0.00000035 0.00000133 -0.00061964 -0.00061644 -0.00061829
shell0_X0_Y0_Z0_mono0_fix1/shell3_X-3_Y2_Z0_mono1_fix1//test20tig_AVTZ// DONE 13.949799613652566 1	-0.00062206 0.00000061 -0.00000190 0.00000579 -0.00062595 -0.00061592 -0.00062172
shell0_X0_Y0_Z0_mono0_fix1/shell3_X-3_Y-1_Z0_mono1_fix1//test20tig_AVTZ// DONE 13.949799619674387 1	-0.00061720 0.00000061 0.00000139 -0.00000002 -0.00061857 -0.00061564 -0.00061733
shell0_X0_Y0_Z0_mono0_fix1/shell3_X-3_Y-1_Z0_mono0_fix1//test20tig_AVTZ// DONE 13.968835827795065 2	-0.00063577 -0.00000979 -0.00002512 0.00000761 -0.00061826 -0.00062531 -0.00062124
shell0_X0_Y0_Z0_mono0_fix1/shell3_X-3_Y1_Z0_mono0_fix1//test20tig_AVTZ// DONE 13.981021736543164 2	-0.00056795 0.00001927 0.00002446 0.00000180 -0.00059421 -0.00058152 -0.00058886
shell0_X0_Y0_Z0_mono0_fix1/shell3_X-3_Y0_Z-1_mono0_fix1//test20tig_AVTZ// DONE 14.021850901563948 2	-0.00062826 -0.00000850 -0.00001854 0.00000831 -0.00061803 -0.00061171 -0.00061536
shell0_X0_Y0_Z0_mono0_fix1/shell2_X2_Y0_Z1_mono1_fix1//test20tig_AVTZ// DONE 14.058337863242912 1	-0.00062828 -0.00000136 -0.00000182 0.00000157 -0.00062803 -0.00062335 -0.00062606
shell0_X0_Y0_Z0_mono0_fix1/shell2_X2_Y1_Z1_mono1_fix1//test20tig_AVTZ// DONE 14.058337943261828 1	-0.00062868 -0.00000136 -0.00000087 0.00000154 -0.00062935 -0.00062298 -0.00062666
shell0_X0_Y0_Z0_mono0_fix1/shell3_X-3_Y1_Z-2_mono1_fix1//test20tig_AVTZ// DONE 14.058344921838666 1	-0.00062806 -0.00000135 -0.00000028 0.00000083 -0.00062861 -0.00062287 -0.00062619
shell0_X0_Y0_Z0_mono0_fix1/shell3_X-3_Y0_Z-2_mono1_fix1//test20tig_AVTZ// DONE 14.05834493923858 1	-0.00063308 -0.00000135 -0.00000519 0.00000650 -0.00063438 -0.00062175 -0.00062905
shell0_X0_Y0_Z0_mono0_fix1/shell3_X3_Y0_Z-1_mono0_fix1//test20tig_AVTZ// DONE 14.109404550753924 2	-0.00053243 0.00002005 0.00002189 0.00000171 -0.00055603 -0.00055236 -0.00055448
shell0_X0_Y0_Z0_mono0_fix1/shell2_X-2_Y-2_Z0_mono0_fix1//test20tig_AVTZ// DONE 14.153381297036626 2	-0.00062418 -0.00001784 -0.00002233 0.00000036 -0.00060221 -0.00060025 -0.00060138
shell0_X0_Y0_Z0_mono0_fix1/shell2_X2_Y0_Z-2_mono1_fix1//test20tig_AVTZ// DONE 14.167412396148523 1	-0.00054385 0.00000454 0.00000125 0.00000311 -0.00054821 -0.00054713 -0.00054775
shell0_X0_Y0_Z0_mono0_fix1/shell2_X2_Y1_Z-2_mono1_fix1//test20tig_AVTZ// DONE 14.167412440583483 1	-0.00054293 0.00000454 0.00000265 0.00000161 -0.00054719 -0.00054707 -0.00054714
shell0_X0_Y0_Z0_mono0_fix1/shell3_X-3_Y0_Z1_mono1_fix1//test20tig_AVTZ// DONE 14.16741616673266 1	-0.00054403 0.00000453 0.00000266 0.00000202 -0.00054872 -0.00054680 -0.00054791
shell0_X0_Y0_Z0_mono0_fix1/shell3_X-3_Y1_Z1_mono1_fix1//test20tig_AVTZ// DONE 14.167416173772299 1	-0.00054790 0.00000453 0.00000038 0.00000652 -0.00055481 -0.00054776 -0.00055183
shell0_X0_Y0_Z0_mono0_fix1/shell2_X-2_Y2_Z0_mono0_fix1//test20tig_AVTZ// DONE 14.168717654755511 2	-0.00056893 -0.00000560 -0.00000695 -0.00000083 -0.00056115 -0.00056747 -0.00056382
shell0_X0_Y0_Z0_mono0_fix1/shell2_X-2_Y0_Z-2_mono0_fix1//test20tig_AVTZ// DONE 14.460573231904608 2	-0.00055032 -0.00001749 -0.00002742 0.00000563 -0.00052853 -0.00051986 -0.00052487
shell0_X0_Y0_Z0_mono0_fix1/shell2_X2_Y0_Z-2_mono0_fix1//test20tig_AVTZ// DONE 14.572578080578808 2	-0.00048202 -0.00000135 -0.00000486 0.00000498 -0.00048213 -0.00047417 -0.00047878
shell0_X0_Y0_Z0_mono0_fix1/shell2_X0_Y-2_Z0_mono1_fix1//test20tig_AVTZ// DONE 14.59134362932327 1	-0.00049613 0.00001965 0.00001879 0.00000176 -0.00051669 -0.00051811 -0.00051729
shell0_X0_Y0_Z0_mono0_fix1/shell3_X0_Y3_Z0_mono1_fix1//test20tig_AVTZ// DONE 14.591343824917036 1	-0.00049853 0.00001965 0.00002224 0.00000118 -0.00052195 -0.00051707 -0.00051989
shell0_X0_Y0_Z0_mono0_fix1/shell2_X-1_Y-2_Z-1_mono1_fix1//test20tig_AVTZ// DONE 14.591345247735877 1	-0.00049752 0.00001964 0.00002189 0.00000010 -0.00051951 -0.00051707 -0.00051848
shell0_X0_Y0_Z0_mono0_fix1/shell3_X-1_Y3_Z-1_mono1_fix1//test20tig_AVTZ// DONE 14.591345336037241 1	-0.00049836 0.00001965 0.00002207 0.00000040 -0.00052083 -0.00051705 -0.00051924
shell0_X0_Y0_Z0_mono0_fix1/shell2_X0_Y-2_Z-1_mono1_fix1//test20tig_AVTZ// DONE 14.598308421815199 1	-0.00048122 0.00003411 0.00003859 0.00000102 -0.00052083 -0.00051783 -0.00051956
shell0_X0_Y0_Z0_mono0_fix1/shell3_X0_Y3_Z-1_mono1_fix1//test20tig_AVTZ// DONE 14.598308569887953 2	-0.00048374 0.00003412 0.00003715 0.00000286 -0.00052376 -0.00051731 -0.00052104
shell0_X0_Y0_Z0_mono0_fix1/shell3_X-1_Y3_Z0_mono1_fix1//test20tig_AVTZ// DONE 14.598309094466963 1	-0.00048036 0.00003412 0.00003886 -0.00000013 -0.00051908 -0.00051760 -0.00051846
shell0_X0_Y0_Z0_mono0_fix1/shell3_X3_Y1_Z1_mono0_fix1//test20tig_AVTZ// DONE 15.09356638402583 2	-0.00044255 -0.00002679 -0.00003329 0.00000291 -0.00041217 -0.00040810 -0.00041045
shell0_X0_Y0_Z0_mono0_fix1/shell2_X0_Y0_Z2_mono1_fix1//test20tig_AVTZ// DONE 15.093727556071606 1	-0.00039613 0.00002024 0.00002329 -0.00000083 -0.00041858 -0.00041590 -0.00041745
shell0_X0_Y0_Z0_mono0_fix1/shell2_X0_Y1_Z2_mono1_fix1//test20tig_AVTZ// DONE 15.093727610024821 1	-0.00039730 0.00002024 0.00002441 -0.00000022 -0.00042149 -0.00041590 -0.00041913
shell0_X0_Y0_Z0_mono0_fix1/shell3_X-1_Y0_Z-3_mono1_fix1//test20tig_AVTZ// DONE 15.093731083075552 1	-0.00040015 0.00002025 0.00002116 0.00000365 -0.00042496 -0.00041643 -0.00042136
shell0_X0_Y0_Z0_mono0_fix1/shell3_X-1_Y1_Z-3_mono1_fix1//test20tig_AVTZ// DONE 15.093731085482489 1	-0.00039529 0.00002024 0.00002457 -0.00000214 -0.00041772 -0.00041569 -0.00041686
shell0_X0_Y0_Z0_mono0_fix1/shell3_X3_Y-1_Z1_mono0_fix1//test20tig_AVTZ// DONE 15.117284253464128 2	-0.00035269 0.00001376 0.00001642 0.00000055 -0.00036966 -0.00036026 -0.00036569
shell0_X0_Y0_Z0_mono0_fix1/shell2_X-1_Y0_Z2_mono1_fix1//test20tig_AVTZ// DONE 15.127038810024779 1	-0.00040649 0.00001076 0.00000500 0.00001117 -0.00042265 -0.00040390 -0.00041474
shell0_X0_Y0_Z0_mono0_fix1/shell2_X-1_Y1_Z2_mono1_fix1//test20tig_AVTZ// DONE 15.127038851548843 1	-0.00039762 0.00001076 0.00000972 0.00000170 -0.00040905 -0.00040392 -0.00040689
shell0_X0_Y0_Z0_mono0_fix1/shell3_X0_Y0_Z-3_mono1_fix1//test20tig_AVTZ// DONE 15.127040306503297 1	-0.00039606 0.00001077 0.00001134 0.00000021 -0.00040761 -0.00040393 -0.00040606
shell0_X0_Y0_Z0_mono0_fix1/shell3_X0_Y1_Z-3_mono1_fix1//test20tig_AVTZ// DONE 15.127040318750455 1	-0.00040314 0.00001077 0.00000621 0.00000905 -0.00041839 -0.00040619 -0.00041324
shell0_X0_Y0_Z0_mono0_fix1/shell3_X3_Y-1_Z-1_mono0_fix1//test20tig_AVTZ// DONE 15.183057395094917 2	-0.00036401 -0.00000291 -0.00000796 0.00000534 -0.00036139 -0.00035414 -0.00035833
shell0_X0_Y0_Z0_mono0_fix1/shell3_X3_Y1_Z-1_mono0_fix1//test20tig_AVTZ// DONE 15.187401848302851 2	-0.00034583 0.00001250 0.00000976 0.00000612 -0.00036172 -0.00035168 -0.00035748
shell0_X0_Y0_Z0_mono0_fix1/shell2_X-2_Y-2_Z-1_mono0_fix1//test20tig_AVTZ// DONE 15.27292087394375 2	-0.00040728 0.00000833 0.00001171 -0.00000100 -0.00041799 -0.00040004 -0.00041042
shell0_X0_Y0_Z0_mono0_fix1/shell2_X2_Y-2_Z1_mono0_fix1//test20tig_AVTZ// DONE 15.312232804640972 2	-0.00032276 0.00001659 0.00001737 0.00000185 -0.00034198 -0.00033590 -0.00033941
shell0_X0_Y0_Z0_mono0_fix1/shell2_X-2_Y2_Z1_mono0_fix1//test20tig_AVTZ// DONE 15.337781815354514 2	-0.00038556 -0.00001570 -0.00002183 0.00000554 -0.00036927 -0.00035486 -0.00036319
shell0_X0_Y0_Z0_mono0_fix1/shell2_X2_Y2_Z-1_mono0_fix1//test20tig_AVTZ// DONE 15.35247065735674 2	-0.00034066 -0.00000351 -0.00000632 0.00000302 -0.00033736 -0.00033148 -0.00033488
shell0_X0_Y0_Z0_mono0_fix1/shell3_X3_Y0_Z0_mono1_fix1//test20tig_AVTZ// DONE 15.412051574189235 1	-0.00033519 0.00000418 -0.00000131 0.00000714 -0.00034103 -0.00033150 -0.00033701
shell0_X0_Y0_Z0_mono0_fix1/shell3_X3_Y1_Z0_mono1_fix1//test20tig_AVTZ// DONE 15.412051640226991 1	-0.00033498 0.00000418 0.00000206 0.00000724 -0.00034428 -0.00033147 -0.00033888
shell0_X0_Y0_Z0_mono0_fix1/shell4_X-4_Y1_Z-1_mono1_fix1//test20tig_AVTZ// DONE 15.412058992806875 1	-0.00032932 0.00000419 0.00000250 0.00000076 -0.00033258 -0.00033150 -0.00033212
shell0_X0_Y0_Z0_mono0_fix1/shell4_X-4_Y0_Z-1_mono1_fix1//test20tig_AVTZ// DONE 15.412059005999586 1	-0.00033548 0.00000419 -0.00000002 0.00000650 -0.00034195 -0.00033139 -0.00033750
shell0_X0_Y0_Z0_mono0_fix1/shell3_X3_Y0_Z-1_mono1_fix1//test20tig_AVTZ// DONE 15.457550478113069 1	-0.00030986 0.00000482 0.00000397 0.00000031 -0.00031415 -0.00031422 -0.00031418
shell0_X0_Y0_Z0_mono0_fix1/shell3_X3_Y1_Z-1_mono1_fix1//test20tig_AVTZ// DONE 15.457550534702255 1	-0.00031228 0.00000483 0.00000255 0.00000181 -0.00031665 -0.00031339 -0.00031528
shell0_X0_Y0_Z0_mono0_fix1/shell4_X-4_Y1_Z0_mono1_fix1//test20tig_AVTZ// DONE 15.45755688358872 1	-0.00031835 0.00000483 -0.00000155 0.00000840 -0.00032519 -0.00031296 -0.00032003
shell0_X0_Y0_Z0_mono0_fix1/shell4_X-4_Y0_Z0_mono1_fix1//test20tig_AVTZ// DONE 15.45755689072989 1	-0.00031651 0.00000483 0.00000044 0.00000633 -0.00032328 -0.00031350 -0.00031915
shell0_X0_Y0_Z0_mono0_fix1/shell2_X-2_Y-1_Z-2_mono0_fix1//test20tig_AVTZ// DONE 15.499116197543099 2	-0.00037257 0.00000467 -0.00000038 0.00000599 -0.00037818 -0.00036744 -0.00037365
shell0_X0_Y0_Z0_mono0_fix1/shell2_X2_Y-1_Z2_mono0_fix1//test20tig_AVTZ// DONE 15.530997365349856 2	-0.00031672 -0.00000294 -0.00000678 0.00000262 -0.00031256 -0.00030916 -0.00031113
shell0_X0_Y0_Z0_mono0_fix1/shell2_X2_Y-1_Z-2_mono0_fix1//test20tig_AVTZ// DONE 15.608021672402947 2	-0.00034357 -0.00001611 -0.00001874 0.00000284 -0.00032767 -0.00032021 -0.00032452
shell0_X0_Y0_Z0_mono0_fix1/shell2_X-2_Y-1_Z2_mono0_fix1//test20tig_AVTZ// DONE 15.627619920346953 2	-0.00028442 0.00001482 0.00001530 0.00000193 -0.00030165 -0.00029609 -0.00029931
shell0_X0_Y0_Z0_mono0_fix1/shell2_X1_Y-2_Z0_mono1_fix1//test20tig_AVTZ// DONE 15.764698810610955 1	-0.00030886 0.00000208 0.00000200 -0.00000093 -0.00030992 -0.00030912 -0.00030958
shell0_X0_Y0_Z0_mono0_fix1/shell3_X1_Y3_Z0_mono1_fix1//test20tig_AVTZ// DONE 15.764699032714663 1	-0.00030918 0.00000207 0.00000213 -0.00000089 -0.00031043 -0.00030835 -0.00030955
shell0_X0_Y0_Z0_mono0_fix1/shell2_X-2_Y-2_Z-1_mono1_fix1//test20tig_AVTZ// DONE 15.764702286787522 1	-0.00031237 0.00000206 -0.00000057 0.00000294 -0.00031473 -0.00030857 -0.00031213
shell0_X0_Y0_Z0_mono0_fix1/shell3_X-2_Y3_Z-1_mono1_fix1//test20tig_AVTZ// DONE 15.764702327232705 1	-0.00030902 0.00000207 0.00000164 -0.00000074 -0.00030993 -0.00030871 -0.00030941
shell0_X0_Y0_Z0_mono0_fix1/shell2_X1_Y-2_Z-1_mono1_fix1//test20tig_AVTZ// DONE 15.783668587801683 1	-0.00029535 0.00001660 0.00001509 0.00000430 -0.00031474 -0.00030638 -0.00031121
shell0_X0_Y0_Z0_mono0_fix1/shell3_X1_Y3_Z-1_mono1_fix1//test20tig_AVTZ// DONE 15.783668770249594 1	-0.00029497 0.00001660 0.00001660 0.00000348 -0.00031505 -0.00030625 -0.00031133
shell0_X0_Y0_Z0_mono0_fix1/shell2_X-2_Y-2_Z0_mono1_fix1//test20tig_AVTZ// DONE 15.78367106649176 1	-0.00029444 0.00001660 0.00001634 0.00000341 -0.00031418 -0.00030624 -0.00031083
shell0_X0_Y0_Z0_mono0_fix1/shell3_X-2_Y3_Z0_mono1_fix1//test20tig_AVTZ// DONE 15.78367113987865 1	-0.00029143 0.00001660 0.00001866 0.00000016 -0.00031024 -0.00030637 -0.00030861
shell0_X0_Y0_Z0_mono0_fix1/shell2_X2_Y-1_Z1_mono1_fix1//test20tig_AVTZ// DONE 16.150133430376687 1	-0.00026589 -0.00000852 -0.00000904 -0.00000323 -0.00025361 -0.00025684 -0.00025497
shell0_X0_Y0_Z0_mono0_fix1/shell2_X2_Y2_Z1_mono1_fix1//test20tig_AVTZ// DONE 16.150133606815434 1	-0.00026574 -0.00000853 -0.00000756 -0.00000396 -0.00025422 -0.00025736 -0.00025554
shell0_X0_Y0_Z0_mono0_fix1/shell3_X-3_Y2_Z-2_mono1_fix1//test20tig_AVTZ// DONE 16.150139630207228 1	-0.00026689 -0.00000853 -0.00000870 -0.00000269 -0.00025550 -0.00025738 -0.00025629
shell0_X0_Y0_Z0_mono0_fix1/shell3_X-3_Y-1_Z-2_mono1_fix1//test20tig_AVTZ// DONE 16.15013964778405 1	-0.00026718 -0.00000853 -0.00000811 -0.00000244 -0.00025663 -0.00025684 -0.00025672
shell0_X0_Y0_Z0_mono0_fix1/shell2_X1_Y0_Z2_mono1_fix1//test20tig_AVTZ// DONE 16.206239839030296 1	-0.00024634 0.00001905 0.00002406 -0.00000256 -0.00026783 -0.00026561 -0.00026690
shell0_X0_Y0_Z0_mono0_fix1/shell2_X1_Y1_Z2_mono1_fix1//test20tig_AVTZ// DONE 16.206239895463657 1	-0.00024573 0.00001906 0.00002433 -0.00000252 -0.00026754 -0.00026671 -0.00026719
shell0_X0_Y0_Z0_mono0_fix1/shell3_X-2_Y1_Z-3_mono1_fix1//test20tig_AVTZ// DONE 16.206245010530747 1	-0.00024862 0.00001906 0.00002163 0.00000067 -0.00027092 -0.00026560 -0.00026868
shell0_X0_Y0_Z0_mono0_fix1/shell3_X-2_Y0_Z-3_mono1_fix1//test20tig_AVTZ// DONE 16.20624501348335 1	-0.00024664 0.00001906 0.00002362 -0.00000124 -0.00026901 -0.00026689 -0.00026812
shell0_X0_Y0_Z0_mono0_fix1/shell2_X2_Y-1_Z-2_mono1_fix1//test20tig_AVTZ// DONE 16.241962269556 1	-0.00024394 -0.00000442 -0.00000685 -0.00000015 -0.00023694 -0.00023702 -0.00023697
shell0_X0_Y0_Z0_mono0_fix1/shell2_X2_Y2_Z-2_mono1_fix1//test20tig_AVTZ// DONE 16.24196237734702 1	-0.00024371 -0.00000442 -0.00000707 0.00000008 -0.00023672 -0.00023754 -0.00023707
shell0_X0_Y0_Z0_mono0_fix1/shell3_X-3_Y-1_Z1_mono1_fix1//test20tig_AVTZ// DONE 16.241965591081094 1	-0.00025254 -0.00000442 -0.00001180 0.00000886 -0.00024960 -0.00023776 -0.00024461
shell0_X0_Y0_Z0_mono0_fix1/shell3_X-3_Y2_Z1_mono1_fix1//test20tig_AVTZ// DONE 16.241965624976793 1	-0.00024353 -0.00000443 -0.00000682 -0.00000016 -0.00023655 -0.00023755 -0.00023697
shell0_X0_Y0_Z0_mono0_fix1/shell2_X0_Y-2_Z-2_mono0_fix1//test20tig_AVTZ// DONE 16.272668838649775 2	-0.00025205 0.00003322 0.00004019 -0.00000032 -0.00029192 -0.00028545 -0.00028919
shell0_X0_Y0_Z0_mono0_fix1/shell3_X1_Y0_Z-3_mono1_fix1//test20tig_AVTZ// DONE 16.297644211550733 1	-0.00024313 0.00000507 0.00000471 0.00000042 -0.00024826 -0.00024470 -0.00024676
shell0_X0_Y0_Z0_mono0_fix1/shell3_X1_Y1_Z-3_mono1_fix1//test20tig_AVTZ// DONE 16.297644232599556 1	-0.00024489 0.00000506 0.00000636 0.00000166 -0.00025290 -0.00024477 -0.00024947
shell0_X0_Y0_Z0_mono0_fix1/shell2_X-2_Y0_Z2_mono1_fix1//test20tig_AVTZ// DONE 16.29764469256438 1	-0.00024225 0.00000506 0.00000457 -0.00000028 -0.00024654 -0.00024492 -0.00024586
shell0_X0_Y0_Z0_mono0_fix1/shell2_X-2_Y1_Z2_mono1_fix1//test20tig_AVTZ// DONE 16.297644719519482 1	-0.00024087 0.00000506 0.00000502 -0.00000121 -0.00024468 -0.00024507 -0.00024484
shell0_X0_Y0_Z0_mono0_fix1/shell2_X0_Y2_Z-2_mono0_fix1//test20tig_AVTZ// DONE 16.317395667215045 2	-0.00021619 0.00001186 0.00001088 0.00000133 -0.00022840 -0.00022505 -0.00022698
shell0_X0_Y0_Z0_mono0_fix1/shell2_X0_Y-2_Z1_mono1_fix1//test20tig_AVTZ// DONE 16.76461977550994 1	-0.00022429 -0.00001108 -0.00001580 0.00000322 -0.00021172 -0.00020697 -0.00020971
shell0_X0_Y0_Z0_mono0_fix1/shell3_X0_Y3_Z1_mono1_fix1//test20tig_AVTZ// DONE 16.764619964701854 1	-0.00022013 -0.00001108 -0.00001460 0.00000025 -0.00020577 -0.00020918 -0.00020721
shell0_X0_Y0_Z0_mono0_fix1/shell2_X-1_Y-2_Z-2_mono1_fix1//test20tig_AVTZ// DONE 16.764622099902773 1	-0.00022133 -0.00001109 -0.00001464 0.00000022 -0.00020691 -0.00020751 -0.00020716
shell0_X0_Y0_Z0_mono0_fix1/shell3_X-1_Y3_Z-2_mono1_fix1//test20tig_AVTZ// DONE 16.764622158707294 1	-0.00022073 -0.00001109 -0.00001447 -0.00000041 -0.00020585 -0.00020705 -0.00020636
shell0_X0_Y0_Z0_mono0_fix1/shell2_X-1_Y-2_Z1_mono1_fix1//test20tig_AVTZ// DONE 16.782220319452865 2	-0.00021378 -0.00000434 -0.00000664 0.00000086 -0.00020800 -0.00020564 -0.00020700
shell0_X0_Y0_Z0_mono0_fix1/shell3_X-1_Y3_Z1_mono1_fix1//test20tig_AVTZ// DONE 16.782220465778195 2	-0.00021167 -0.00000434 -0.00000628 -0.00000093 -0.00020446 -0.00020549 -0.00020489
shell0_X0_Y0_Z0_mono0_fix1/shell2_X-1_Y-2_Z-2_mono0_fix1//test20tig_AVTZ// DONE 16.789270797584614 2	-0.00019494 0.00003511 0.00005030 -0.00000859 -0.00023665 -0.00023743 -0.00023698
shell0_X0_Y0_Z0_mono0_fix1/shell2_X-1_Y2_Z-2_mono0_fix1//test20tig_AVTZ// DONE 16.83461809357462 2	-0.00018162 0.00000887 0.00000899 0.00000351 -0.00019412 -0.00018645 -0.00019089
shell0_X0_Y0_Z0_mono0_fix1/shell2_X-1_Y2_Z2_mono0_fix1//test20tig_AVTZ// DONE 16.84080761002032 2	-0.00021327 0.00000734 0.00000796 -0.00000001 -0.00022122 -0.00021887 -0.00022023
shell0_X0_Y0_Z0_mono0_fix1/shell2_X-1_Y-2_Z2_mono0_fix1//test20tig_AVTZ// DONE 16.876613074271265 2	-0.00017753 0.00000876 0.00001007 0.00000086 -0.00018847 -0.00018179 -0.00018565
shell0_X0_Y0_Z0_mono0_fix1/shell3_X0_Y-3_Z0_mono0_fix1//test20tig_AVTZ// DONE 16.93924341068324 2	-0.00021595 -0.00001431 -0.00001982 0.00000400 -0.00020012 -0.00019584 -0.00019832
shell0_X0_Y0_Z0_mono0_fix1/shell4_X4_Y0_Z0_mono0_fix1//test20tig_AVTZ// DONE 16.994219345451373 2	-0.00017791 0.00000847 0.00000564 0.00000644 -0.00018999 -0.00017617 -0.00018416
shell0_X0_Y0_Z0_mono0_fix1/shell3_X-3_Y-2_Z0_mono0_fix1//test20tig_AVTZ// DONE 17.02165391273096 2	-0.00020194 -0.00001067 -0.00001593 0.00000358 -0.00018958 -0.00018446 -0.00018742
shell0_X0_Y0_Z0_mono0_fix1/shell3_X-3_Y2_Z0_mono0_fix1//test20tig_AVTZ// DONE 17.03497888792243 2	-0.00017739 0.00000164 -0.00000025 0.00000235 -0.00017950 -0.00017551 -0.00017782
shell0_X0_Y0_Z0_mono0_fix1/shell2_X0_Y-1_Z2_mono1_fix1//test20tig_AVTZ// DONE 17.06051195125132 1	-0.00019200 -0.00000598 -0.00000427 -0.00000374 -0.00018399 -0.00018621 -0.00018492
shell0_X0_Y0_Z0_mono0_fix1/shell2_X0_Y2_Z2_mono1_fix1//test20tig_AVTZ// DONE 17.060512078793447 1	-0.00018715 -0.00000598 -0.00000077 -0.00000856 -0.00017782 -0.00018675 -0.00018159
shell0_X0_Y0_Z0_mono0_fix1/shell3_X-1_Y-1_Z-3_mono1_fix1//test20tig_AVTZ// DONE 17.060515106413515 1	-0.00018709 -0.00000598 -0.00000115 -0.00000857 -0.00017737 -0.00018621 -0.00018110
shell0_X0_Y0_Z0_mono0_fix1/shell3_X-1_Y2_Z-3_mono1_fix1//test20tig_AVTZ// DONE 17.060515126337876 1	-0.00018952 -0.00000599 -0.00000356 -0.00000582 -0.00018013 -0.00018633 -0.00018275
shell0_X0_Y0_Z0_mono0_fix1/shell2_X-1_Y-1_Z2_mono1_fix1//test20tig_AVTZ// DONE 17.08921749766778 1	-0.00019267 -0.00000850 -0.00001148 -0.00000036 -0.00018084 -0.00018262 -0.00018159
shell0_X0_Y0_Z0_mono0_fix1/shell2_X-1_Y2_Z2_mono1_fix1//test20tig_AVTZ// DONE 17.089217599965245 1	-0.00019255 -0.00000850 -0.00001085 -0.00000098 -0.00018072 -0.00018209 -0.00018130
shell0_X0_Y0_Z0_mono0_fix1/shell3_X0_Y-1_Z-3_mono1_fix1//test20tig_AVTZ// DONE 17.089218842377424 1	-0.00019481 -0.00000850 -0.00001178 0.00000135 -0.00018438 -0.00018263 -0.00018364
shell0_X0_Y0_Z0_mono0_fix1/shell3_X0_Y2_Z-3_mono1_fix1//test20tig_AVTZ// DONE 17.08921888320004 1	-0.00019303 -0.00000851 -0.00001146 -0.00000039 -0.00018119 -0.00018209 -0.00018157
shell0_X0_Y0_Z0_mono0_fix1/shell3_X3_Y0_Z2_mono0_fix1//test20tig_AVTZ// DONE 17.257103367899294 2	-0.00018378 -0.00001022 -0.00001326 0.00000095 -0.00017147 -0.00016816 -0.00017007
shell0_X0_Y0_Z0_mono0_fix1/shell3_X3_Y-1_Z0_mono1_fix1//test20tig_AVTZ// DONE 17.33926284341941 1	-0.00016544 -0.00000174 -0.00000410 0.00000116 -0.00016250 -0.00016085 -0.00016180
shell0_X0_Y0_Z0_mono0_fix1/shell3_X3_Y2_Z0_mono1_fix1//test20tig_AVTZ// DONE 17.339262997900725 1	-0.00016878 -0.00000174 -0.00000526 0.00000458 -0.00016811 -0.00016085 -0.00016505
shell0_X0_Y0_Z0_mono0_fix1/shell4_X-4_Y2_Z-1_mono1_fix1//test20tig_AVTZ// DONE 17.339269492472006 1	-0.00016605 -0.00000174 -0.00000524 0.00000224 -0.00016305 -0.00016085 -0.00016212
shell0_X0_Y0_Z0_mono0_fix1/shell4_X-4_Y-1_Z-1_mono1_fix1//test20tig_AVTZ// DONE 17.339269505706906 1	-0.00016407 -0.00000174 -0.00000299 -0.00000056 -0.00016052 -0.00016052 -0.00016052
shell0_X0_Y0_Z0_mono0_fix1/shell3_X3_Y-1_Z-1_mono1_fix1//test20tig_AVTZ// DONE 17.378688035956433 1	-0.00015870 -0.00000022 -0.00000140 0.00000191 -0.00015921 -0.00015559 -0.00015768
shell0_X0_Y0_Z0_mono0_fix1/shell3_X3_Y2_Z-1_mono1_fix1//test20tig_AVTZ// DONE 17.378688171148152 1	-0.00015723 -0.00000023 -0.00000053 -0.00000052 -0.00015619 -0.00015492 -0.00015565
shell0_X0_Y0_Z0_mono0_fix1/shell4_X-4_Y-1_Z0_mono1_fix1//test20tig_AVTZ// DONE 17.37869379066298 1	-0.00015592 -0.00000022 -0.00000072 -0.00000126 -0.00015394 -0.00015510 -0.00015443
shell0_X0_Y0_Z0_mono0_fix1/shell4_X-4_Y2_Z0_mono1_fix1//test20tig_AVTZ// DONE 17.37869379097992 1	-0.00015884 -0.00000022 -0.00000130 0.00000077 -0.00015831 -0.00015492 -0.00015688
shell0_X0_Y0_Z0_mono0_fix1/shell3_X-3_Y0_Z2_mono0_fix1//test20tig_AVTZ// DONE 17.392462182912364 2	-0.00015444 0.00000218 0.00000023 0.00000121 -0.00015588 -0.00015413 -0.00015514
shell0_X0_Y0_Z0_mono0_fix1/shell3_X3_Y0_Z1_mono1_fix1//test20tig_AVTZ// DONE 17.446391866860722 1	-0.00016216 -0.00000067 -0.00000327 0.00000067 -0.00015956 -0.00015831 -0.00015903
shell0_X0_Y0_Z0_mono0_fix1/shell3_X3_Y1_Z1_mono1_fix1//test20tig_AVTZ// DONE 17.44639192378318 1	-0.00016523 -0.00000066 -0.00000336 0.00000243 -0.00016429 -0.00015831 -0.00016177
shell0_X0_Y0_Z0_mono0_fix1/shell4_X-4_Y1_Z-2_mono1_fix1//test20tig_AVTZ// DONE 17.446399296696793 1	-0.00016179 -0.00000066 -0.00000326 0.00000071 -0.00015924 -0.00015883 -0.00015907
shell0_X0_Y0_Z0_mono0_fix1/shell4_X-4_Y0_Z-2_mono1_fix1//test20tig_AVTZ// DONE 17.446399305012605 1	-0.00016143 -0.00000066 -0.00000247 0.00000019 -0.00015915 -0.00015883 -0.00015902
shell0_X0_Y0_Z0_mono0_fix1/shell3_X-1_Y-3_Z0_mono0_fix1//test20tig_AVTZ// DONE 17.456545560169726 2	-0.00017272 -0.00000940 -0.00000922 -0.00000271 -0.00016080 -0.00016305 -0.00016175
shell0_X0_Y0_Z0_mono0_fix1/shell3_X-1_Y3_Z0_mono0_fix1//test20tig_AVTZ// DONE 17.462647450341052 2	-0.00017986 -0.00001096 -0.00001707 0.00000803 -0.00017082 -0.00015958 -0.00016608
shell0_X0_Y0_Z0_mono0_fix1/shell3_X3_Y0_Z-2_mono1_fix1//test20tig_AVTZ// DONE 17.56348282858409 1	-0.00013739 0.00000125 0.00000778 -0.00000689 -0.00013828 -0.00014257 -0.00014009
shell0_X0_Y0_Z0_mono0_fix1/shell3_X3_Y1_Z-2_mono1_fix1//test20tig_AVTZ// DONE 17.563482866841003 1	-0.00014061 0.00000125 0.00000538 -0.00000383 -0.00014216 -0.00014307 -0.00014254
shell0_X0_Y0_Z0_mono0_fix1/shell4_X-4_Y0_Z1_mono1_fix1//test20tig_AVTZ// DONE 17.563487601287264 1	-0.00013773 0.00000125 0.00000564 -0.00000628 -0.00013709 -0.00014256 -0.00013940
shell0_X0_Y0_Z0_mono0_fix1/shell4_X-4_Y1_Z1_mono1_fix1//test20tig_AVTZ// DONE 17.563487606204475 1	-0.00013538 0.00000125 0.00000910 -0.00000940 -0.00013508 -0.00014256 -0.00013824
shell0_X0_Y0_Z0_mono0_fix1/shell3_X0_Y0_Z-3_mono0_fix1//test20tig_AVTZ// DONE 17.603852993338965 2	-0.00016622 -0.00001123 -0.00001557 0.00000124 -0.00015189 -0.00015534 -0.00015335
shell0_X0_Y0_Z0_mono0_fix1/shell2_X1_Y-2_Z1_mono1_fix1//test20tig_AVTZ// DONE 17.783823841186564 1	-0.00014669 -0.00001030 -0.00000301 -0.00000981 -0.00013387 -0.00014202 -0.00013731
shell0_X0_Y0_Z0_mono0_fix1/shell3_X1_Y3_Z1_mono1_fix1//test20tig_AVTZ// DONE 17.78382404716563 1	-0.00014652 -0.00001030 -0.00000349 -0.00001027 -0.00013276 -0.00014202 -0.00013666
shell0_X0_Y0_Z0_mono0_fix1/shell2_X-2_Y-2_Z-2_mono1_fix1//test20tig_AVTZ// DONE 17.783827775701763 1	-0.00014472 -0.00001031 -0.00000348 -0.00001130 -0.00012994 -0.00014203 -0.00013504
shell0_X0_Y0_Z0_mono0_fix1/shell3_X-2_Y3_Z-2_mono1_fix1//test20tig_AVTZ// DONE 17.783827805299214 1	-0.00015091 -0.00001030 -0.00000550 -0.00000525 -0.00014016 -0.00014203 -0.00014095
shell0_X0_Y0_Z0_mono0_fix1/shell2_X1_Y-2_Z-2_mono1_fix1//test20tig_AVTZ// DONE 17.83298688179819 1	-0.00014239 -0.00000067 -0.00000178 0.00000001 -0.00014063 -0.00013905 -0.00013996
shell0_X0_Y0_Z0_mono0_fix1/shell3_X1_Y3_Z-2_mono1_fix1//test20tig_AVTZ// DONE 17.832987007016058 1	-0.00014527 -0.00000067 -0.00000120 0.00000432 -0.00014840 -0.00014143 -0.00014546
shell0_X0_Y0_Z0_mono0_fix1/shell2_X-2_Y-2_Z1_mono1_fix1//test20tig_AVTZ// DONE 17.832988189189777 1	-0.00014060 -0.00000067 -0.00000162 -0.00000110 -0.00013788 -0.00013930 -0.00013848
shell0_X0_Y0_Z0_mono0_fix1/shell3_X-2_Y3_Z1_mono1_fix1//test20tig_AVTZ// DONE 17.832988288656303 1	-0.00014153 -0.00000067 -0.00000119 -0.00000066 -0.00013968 -0.00013929 -0.00013952
shell0_X0_Y0_Z0_mono0_fix1/shell2_X2_Y-2_Z0_mono1_fix1//test20tig_AVTZ// DONE 17.885854597568418 1	-0.00013797 -0.00000142 0.00000039 -0.00000354 -0.00013483 -0.00013685 -0.00013568
shell0_X0_Y0_Z0_mono0_fix1/shell3_X2_Y3_Z0_mono1_fix1//test20tig_AVTZ// DONE 17.88585480746513 1	-0.00014149 -0.00000142 -0.00000231 0.00000105 -0.00014023 -0.00013740 -0.00013903
shell0_X0_Y0_Z0_mono0_fix1/shell3_X-3_Y-2_Z-1_mono1_fix1//test20tig_AVTZ// DONE 17.88585937690809 1	-0.00013900 -0.00000143 -0.00000068 -0.00000202 -0.00013630 -0.00013739 -0.00013676
shell0_X0_Y0_Z0_mono0_fix1/shell3_X-3_Y3_Z-1_mono1_fix1//test20tig_AVTZ// DONE 17.885859396811306 1	-0.00014000 -0.00000142 -0.00000069 -0.00000062 -0.00013869 -0.00013812 -0.00013845
shell0_X0_Y0_Z0_mono0_fix1/shell4_X-4_Y-1_Z0_mono0_fix1//test20tig_AVTZ// DONE 17.894579573864785 2	-0.00013977 -0.00000098 -0.00000354 0.00000334 -0.00013957 -0.00013034 -0.00013568
shell0_X0_Y0_Z0_mono0_fix1/shell4_X-4_Y1_Z0_mono0_fix1//test20tig_AVTZ// DONE 17.90228966739989 2	-0.00012280 0.00000645 0.00000674 0.00000100 -0.00013055 -0.00012751 -0.00012927
shell0_X0_Y0_Z0_mono0_fix1/shell3_X0_Y-3_Z-1_mono0_fix1//test20tig_AVTZ// DONE 17.90683450294329 2	-0.00015516 -0.00000055 -0.00000289 0.00000448 -0.00015675 -0.00014808 -0.00015309
shell0_X0_Y0_Z0_mono0_fix1/shell2_X2_Y-2_Z-1_mono1_fix1//test20tig_AVTZ// DONE 17.913006647752553 1	-0.00013313 0.00000367 0.00000399 -0.00000053 -0.00013659 -0.00013503 -0.00013593
shell0_X0_Y0_Z0_mono0_fix1/shell3_X2_Y3_Z-1_mono1_fix1//test20tig_AVTZ// DONE 17.913006829790067 1	-0.00013184 0.00000367 0.00000414 -0.00000161 -0.00013437 -0.00013488 -0.00013458
shell0_X0_Y0_Z0_mono0_fix1/shell3_X-3_Y-2_Z0_mono1_fix1//test20tig_AVTZ// DONE 17.91301054925451 1	-0.00013124 0.00000367 0.00000515 -0.00000237 -0.00013402 -0.00013484 -0.00013436
shell0_X0_Y0_Z0_mono0_fix1/shell3_X-3_Y3_Z0_mono1_fix1//test20tig_AVTZ// DONE 17.91301059107973 1	-0.00013199 0.00000367 0.00000380 -0.00000122 -0.00013457 -0.00013506 -0.00013478
shell0_X0_Y0_Z0_mono0_fix1/shell4_X-4_Y0_Z-1_mono0_fix1//test20tig_AVTZ// DONE 17.926124391015094 2	-0.00013438 -0.00000079 -0.00000379 0.00000353 -0.00013413 -0.00013035 -0.00013253
shell0_X0_Y0_Z0_mono0_fix1/shell3_X0_Y3_Z-1_mono0_fix1//test20tig_AVTZ// DONE 17.932047795096327 2	-0.00013857 -0.00000280 -0.00000650 0.00000550 -0.00013756 -0.00012986 -0.00013431
shell0_X0_Y0_Z0_mono0_fix1/shell3_X-3_Y-2_Z-1_mono0_fix1//test20tig_AVTZ// DONE 17.956093291416007 2	-0.00015401 -0.00000712 -0.00000957 0.00000144 -0.00014588 -0.00013807 -0.00014259
shell0_X0_Y0_Z0_mono0_fix1/shell3_X-3_Y2_Z-1_mono0_fix1//test20tig_AVTZ// DONE 17.984128008341266 2	-0.00012198 0.00000695 0.00000826 0.00000387 -0.00013412 -0.00012366 -0.00012971
shell0_X0_Y0_Z0_mono0_fix1/shell4_X-4_Y0_Z1_mono0_fix1//test20tig_AVTZ// DONE 18.01255644153694 2	-0.00011856 0.00000635 0.00000861 0.00000003 -0.00012719 -0.00012272 -0.00012530
shell0_X0_Y0_Z0_mono0_fix1/shell3_X3_Y-2_Z-1_mono0_fix1//test20tig_AVTZ// DONE 18.032236765553595 2	-0.00013498 -0.00000596 -0.00000836 0.00000085 -0.00012747 -0.00012446 -0.00012620
shell0_X0_Y0_Z0_mono0_fix1/shell3_X-3_Y-2_Z1_mono0_fix1//test20tig_AVTZ// DONE 18.03750656078242 2	-0.00013057 -0.00000171 -0.00000660 0.00000529 -0.00012926 -0.00012215 -0.00012626
shell0_X0_Y0_Z0_mono0_fix1/shell2_X1_Y-1_Z2_mono1_fix1//test20tig_AVTZ// DONE 18.052251555202233 1	-0.00013058 -0.00000206 0.00000251 -0.00000651 -0.00012658 -0.00013133 -0.00012858
shell0_X0_Y0_Z0_mono0_fix1/shell2_X1_Y2_Z2_mono1_fix1//test20tig_AVTZ// DONE 18.0522516905312 1	-0.00013591 -0.00000206 -0.00000069 -0.00000054 -0.00013468 -0.00013133 -0.00013327
shell0_X0_Y0_Z0_mono0_fix1/shell3_X-2_Y-1_Z-3_mono1_fix1//test20tig_AVTZ// DONE 18.052256241096654 1	-0.00013355 -0.00000206 -0.00000005 -0.00000254 -0.00013097 -0.00013133 -0.00013112
shell0_X0_Y0_Z0_mono0_fix1/shell3_X-2_Y2_Z-3_mono1_fix1//test20tig_AVTZ// DONE 18.052256247072375 1	-0.00012947 -0.00000206 0.00000235 -0.00000682 -0.00012501 -0.00013188 -0.00012790
shell0_X0_Y0_Z0_mono0_fix1/shell3_X-1_Y0_Z-3_mono0_fix1//test20tig_AVTZ// DONE 18.072816097284473 2	-0.00014309 -0.00000839 -0.00001136 0.00000139 -0.00013311 -0.00012999 -0.00013180
shell0_X0_Y0_Z0_mono0_fix1/shell3_X1_Y-1_Z-3_mono1_fix1//test20tig_AVTZ// DONE 18.13265886124098 1	-0.00013489 -0.00000550 -0.00000902 0.00000320 -0.00012908 -0.00012358 -0.00012676
shell0_X0_Y0_Z0_mono0_fix1/shell3_X1_Y2_Z-3_mono1_fix1//test20tig_AVTZ// DONE 18.13265892031806 1	-0.00013148 -0.00000550 -0.00000810 -0.00000017 -0.00012321 -0.00012358 -0.00012337
shell0_X0_Y0_Z0_mono0_fix1/shell2_X-2_Y-1_Z2_mono1_fix1//test20tig_AVTZ// DONE 18.132659290800937 1	-0.00013235 -0.00000550 -0.00000805 0.00000030 -0.00012459 -0.00012358 -0.00012417
shell0_X0_Y0_Z0_mono0_fix1/shell2_X-2_Y2_Z2_mono1_fix1//test20tig_AVTZ// DONE 18.132659363181688 1	-0.00013698 -0.00000550 -0.00000979 0.00000499 -0.00013218 -0.00012357 -0.00012855
shell0_X0_Y0_Z0_mono0_fix1/shell3_X1_Y0_Z-3_mono0_fix1//test20tig_AVTZ// DONE 18.137042079712298 2	-0.00013758 -0.00000834 -0.00001237 0.00000162 -0.00012683 -0.00012562 -0.00012632
shell0_X0_Y0_Z0_mono0_fix1/shell3_X-3_Y-1_Z-2_mono0_fix1//test20tig_AVTZ// DONE 18.138746987255445 2	-0.00014332 -0.00000721 -0.00001056 0.00000351 -0.00013627 -0.00013342 -0.00013507
shell0_X0_Y0_Z0_mono0_fix1/shell3_X-3_Y1_Z-2_mono0_fix1//test20tig_AVTZ// DONE 18.160493652395644 2	-0.00012455 -0.00000145 -0.00000191 0.00000127 -0.00012391 -0.00011517 -0.00012022
shell0_X0_Y0_Z0_mono0_fix1/shell2_X2_Y0_Z2_mono1_fix1//test20tig_AVTZ// DONE 18.255420261330492 1	-0.00011914 0.00000654 0.00000646 0.00000115 -0.00012675 -0.00012712 -0.00012691
shell0_X0_Y0_Z0_mono0_fix1/shell2_X2_Y1_Z2_mono1_fix1//test20tig_AVTZ// DONE 18.255420311875344 1	-0.00012028 0.00000654 0.00000840 -0.00000018 -0.00012849 -0.00012466 -0.00012687
shell0_X0_Y0_Z0_mono0_fix1/shell3_X-3_Y1_Z-3_mono1_fix1//test20tig_AVTZ// DONE 18.255426523607348 1	-0.00012000 0.00000654 0.00000786 -0.00000046 -0.00012740 -0.00012465 -0.00012624
shell0_X0_Y0_Z0_mono0_fix1/shell3_X-3_Y0_Z-3_mono1_fix1//test20tig_AVTZ// DONE 18.25542652699564 1	-0.00011944 0.00000655 0.00000847 -0.00000112 -0.00012679 -0.00012465 -0.00012589
shell0_X0_Y0_Z0_mono0_fix1/shell3_X3_Y-1_Z-2_mono0_fix1//test20tig_AVTZ// DONE 18.27203362680824 2	-0.00012559 -0.00000546 -0.00000824 0.00000208 -0.00011943 -0.00011515 -0.00011763
shell0_X0_Y0_Z0_mono0_fix1/shell3_X3_Y1_Z-2_mono0_fix1//test20tig_AVTZ// DONE 18.282451952606156 2	-0.00011176 0.00000629 0.00000311 0.00000513 -0.00011999 -0.00011196 -0.00011660
shell0_X0_Y0_Z0_mono0_fix1/shell2_X2_Y2_Z2_mono0_fix1//test20tig_AVTZ// DONE 18.298855193465208 2	-0.00012020 0.00001292 0.00001722 -0.00000311 -0.00013431 -0.00013492 -0.00013457
shell0_X0_Y0_Z0_mono0_fix1/shell2_X2_Y-2_Z2_mono0_fix1//test20tig_AVTZ// DONE 18.33748972206679 2	-0.00010469 0.00000478 0.00001308 -0.00000517 -0.00011260 -0.00010989 -0.00011146
shell0_X0_Y0_Z0_mono0_fix1/shell3_X-1_Y-3_Z-1_mono0_fix1//test20tig_AVTZ// DONE 18.387208879056125 2	-0.00012771 0.00000473 -0.00000095 0.00000638 -0.00013315 -0.00012796 -0.00013096
shell0_X0_Y0_Z0_mono0_fix1/shell3_X2_Y0_Z-3_mono1_fix1//test20tig_AVTZ// DONE 18.387471379702575 1	-0.00011005 0.00000139 0.00000329 -0.00000272 -0.00011062 -0.00011293 -0.00011159
shell0_X0_Y0_Z0_mono0_fix1/shell3_X2_Y1_Z-3_mono1_fix1//test20tig_AVTZ// DONE 18.387471404713555 1	-0.00011148 0.00000139 0.00000244 -0.00000185 -0.00011207 -0.00011199 -0.00011203
shell0_X0_Y0_Z0_mono0_fix1/shell3_X-3_Y0_Z2_mono1_fix1//test20tig_AVTZ// DONE 18.38747345970597 1	-0.00011039 0.00000139 0.00000222 -0.00000252 -0.00011008 -0.00011199 -0.00011089
shell0_X0_Y0_Z0_mono0_fix1/shell3_X-3_Y1_Z2_mono1_fix1//test20tig_AVTZ// DONE 18.38747347673232 1	-0.00010964 0.00000139 0.00000307 -0.00000338 -0.00010933 -0.00011199 -0.00011045
shell0_X0_Y0_Z0_mono0_fix1/shell2_X-2_Y2_Z2_mono0_fix1//test20tig_AVTZ// DONE 18.39052560604513 2	-0.00012558 -0.00000445 -0.00000756 0.00000117 -0.00011919 -0.00012022 -0.00011963
shell0_X0_Y0_Z0_mono0_fix1/shell3_X-1_Y3_Z1_mono0_fix1//test20tig_AVTZ// DONE 18.413518757321036 2	-0.00012800 -0.00000626 -0.00000640 -0.00000025 -0.00012134 -0.00012223 -0.00012172
shell0_X0_Y0_Z0_mono0_fix1/shell2_X-2_Y-2_Z2_mono0_fix1//test20tig_AVTZ// DONE 18.41452014895402 2	-0.00010824 0.00000460 0.00000207 0.00000559 -0.00011591 -0.00010738 -0.00011231
shell0_X0_Y0_Z0_mono0_fix1/shell3_X-1_Y3_Z-1_mono0_fix1//test20tig_AVTZ// DONE 18.415723224721724 2	-0.00011253 0.00000048 -0.00000253 0.00000333 -0.00011334 -0.00010890 -0.00011146
shell0_X0_Y0_Z0_mono0_fix1/shell3_X-1_Y-3_Z1_mono0_fix1//test20tig_AVTZ// DONE 18.43150862086905 2	-0.00011539 -0.00000451 -0.00000674 0.00000066 -0.00010931 -0.00010949 -0.00010939
shell0_X0_Y0_Z0_mono0_fix1/shell3_X0_Y-1_Z-3_mono0_fix1//test20tig_AVTZ// DONE 18.468469111637024 2	-0.00012685 -0.00000309 -0.00000446 0.00000086 -0.00012325 -0.00012033 -0.00012202
shell0_X0_Y0_Z0_mono0_fix1/shell3_X0_Y-1_Z3_mono0_fix1//test20tig_AVTZ// DONE 18.491465852031354 2	-0.00011349 -0.00000219 -0.00000506 0.00000363 -0.00011207 -0.00010820 -0.00011044
shell0_X0_Y0_Z0_mono0_fix1/shell4_X-4_Y-1_Z-1_mono0_fix1//test20tig_AVTZ// DONE 18.779207578285654 2	-0.00010902 -0.00000713 -0.00000955 0.00000181 -0.00010127 -0.00010098 -0.00010115
shell0_X0_Y0_Z0_mono0_fix1/shell4_X4_Y-1_Z1_mono0_fix1//test20tig_AVTZ// DONE 18.793177374456285 2	-0.00009534 0.00000423 0.00000349 0.00000277 -0.00010160 -0.00009562 -0.00009908
shell0_X0_Y0_Z0_mono0_fix1/shell4_X-4_Y1_Z1_mono0_fix1//test20tig_AVTZ// DONE 18.86772966466207 2	-0.00009212 0.00000147 0.00000136 -0.00000090 -0.00009258 -0.00009055 -0.00009173
shell0_X0_Y0_Z0_mono0_fix1/shell4_X-4_Y-1_Z1_mono0_fix1//test20tig_AVTZ// DONE 18.868358203252292 2	-0.00009130 0.00000394 0.00000320 0.00000213 -0.00009663 -0.00009317 -0.00009517
shell0_X0_Y0_Z0_mono0_fix1/shell3_X-1_Y-1_Z-3_mono0_fix1//test20tig_AVTZ// DONE 18.91586957939676 2	-0.00011097 0.00000127 -0.00000109 0.00000542 -0.00011531 -0.00010454 -0.00011077
shell0_X0_Y0_Z0_mono0_fix1/shell3_X-2_Y-3_Z0_mono0_fix1//test20tig_AVTZ// DONE 18.9295907782092 2	-0.00010780 -0.00000526 -0.00000805 0.00000241 -0.00010216 -0.00009767 -0.00010027
shell0_X0_Y0_Z0_mono0_fix1/shell3_X1_Y-1_Z3_mono0_fix1//test20tig_AVTZ// DONE 18.938904612480332 2	-0.00010638 -0.00000362 -0.00001228 0.00001093 -0.00010503 -0.00009375 -0.00010027
shell0_X0_Y0_Z0_mono0_fix1/shell3_X-2_Y3_Z0_mono0_fix1//test20tig_AVTZ// DONE 18.939206126365953 2	-0.00010420 -0.00000512 -0.00000787 0.00000513 -0.00010146 -0.00009435 -0.00009846
shell0_X0_Y0_Z0_mono0_fix1/shell3_X-1_Y1_Z3_mono0_fix1//test20tig_AVTZ// DONE 18.97847926435146 2	-0.00010746 -0.00000680 -0.00000984 0.00000110 -0.00009871 -0.00009944 -0.00009902
shell0_X0_Y0_Z0_mono0_fix1/shell3_X1_Y1_Z-3_mono0_fix1//test20tig_AVTZ// DONE 18.998060718247125 2	-0.00009817 0.00000037 -0.00000595 0.00000941 -0.00010163 -0.00009146 -0.00009734
shell0_X0_Y0_Z0_mono0_fix1/shell3_X3_Y-1_Z1_mono1_fix1//test20tig_AVTZ// DONE 19.17184453224208 1	-0.00009802 -0.00000299 -0.00000646 0.00000505 -0.00009661 -0.00008743 -0.00009274
shell0_X0_Y0_Z0_mono0_fix1/shell3_X3_Y2_Z1_mono1_fix1//test20tig_AVTZ// DONE 19.171844671865212 1	-0.00009843 -0.00000299 -0.00000674 0.00000564 -0.00009733 -0.00008743 -0.00009315
shell0_X0_Y0_Z0_mono0_fix1/shell4_X-4_Y2_Z-2_mono1_fix1//test20tig_AVTZ// DONE 19.171851339484217 1	-0.00009115 -0.00000299 -0.00000346 -0.00000146 -0.00008623 -0.00008840 -0.00008715
shell0_X0_Y0_Z0_mono0_fix1/shell4_X-4_Y-1_Z-2_mono1_fix1//test20tig_AVTZ// DONE 19.171851347839794 1	-0.00009120 -0.00000299 -0.00000273 -0.00000226 -0.00008621 -0.00008743 -0.00008672
shell0_X0_Y0_Z0_mono0_fix1/shell3_X3_Y-1_Z-2_mono1_fix1//test20tig_AVTZ// DONE 19.27672453538316 1	-0.00008092 -0.00000100 0.00000054 -0.00000360 -0.00007786 -0.00008145 -0.00007937
shell0_X0_Y0_Z0_mono0_fix1/shell3_X3_Y2_Z-2_mono1_fix1//test20tig_AVTZ// DONE 19.27672463361971 1	-0.00008252 -0.00000099 0.00000001 -0.00000253 -0.00008000 -0.00008112 -0.00008047
shell0_X0_Y0_Z0_mono0_fix1/shell4_X-4_Y-1_Z1_mono1_fix1//test20tig_AVTZ// DONE 19.27672891411977 1	-0.00008206 -0.00000100 -0.00000036 -0.00000258 -0.00007912 -0.00008111 -0.00007996
shell0_X0_Y0_Z0_mono0_fix1/shell4_X-4_Y2_Z1_mono1_fix1//test20tig_AVTZ// DONE 19.276728936794196 1	-0.00008053 -0.00000100 0.00000130 -0.00000410 -0.00007774 -0.00008146 -0.00007931
shell0_X0_Y0_Z0_mono0_fix1/shell3_X-2_Y0_Z-3_mono0_fix1//test20tig_AVTZ// DONE 19.47187968444408 2	-0.00009050 -0.00000498 -0.00001020 0.00000503 -0.00008533 -0.00008395 -0.00008475
shell0_X0_Y0_Z0_mono0_fix1/shell4_X4_Y0_Z0_mono1_fix1//test20tig_AVTZ// DONE 19.500252759034677 1	-0.00007654 0.00000079 0.00000111 -0.00000056 -0.00007710 -0.00007897 -0.00007789
shell0_X0_Y0_Z0_mono0_fix1/shell4_X4_Y1_Z0_mono1_fix1//test20tig_AVTZ// DONE 19.50025280450849 1	-0.00008092 0.00000079 -0.00000149 0.00000469 -0.00008412 -0.00007896 -0.00008195
