shell0_X0_Y0_Z0_mono0_fix1/shell1_X1_Y0_Z0_mono0_fix1//test20tig_AVTZ// DONE 4.576817879131265 2	-0.96212881 -0.25061240 0.84223730 -0.19077530 -1.61359081 -1.55337200 -1.58818600
shell0_X0_Y0_Z0_mono0_fix1/shell0_X0_Y0_Z0_mono1_fix1//test20tig_AVTZ// DONE 4.832536863788855 1	-0.86272711 -0.14001170 0.88149610 -0.17911610 -1.56510711 -1.50794300 -1.54099100
shell0_X0_Y0_Z0_mono0_fix1/shell1_X0_Y1_Z0_mono1_fix1//test20tig_AVTZ// DONE 4.832537267337338 1	-0.86272841 -0.14000990 0.88149020 -0.17911350 -1.56510511 -1.50794100 -1.54098900
shell0_X0_Y0_Z0_mono0_fix1/shell1_X-1_Y1_Z-1_mono1_fix1//test20tig_AVTZ// DONE 4.832541657327352 1	-0.86272995 -0.14002000 0.88146950 -0.17911180 -1.56508765 -1.50792700 -1.54097300
shell0_X0_Y0_Z0_mono0_fix1/shell1_X-1_Y0_Z-1_mono1_fix1//test20tig_AVTZ// DONE 4.832541803661923 1	-0.86273248 -0.14001450 0.88146570 -0.17910880 -1.56508938 -1.50792700 -1.54097400
shell0_X0_Y0_Z0_mono0_fix1/shell1_X0_Y0_Z-1_mono1_fix1//test20tig_AVTZ// DONE 4.8748181239170645 1	-0.73012263 -0.18837550 0.78097590 -0.17196710 -1.33913143 -1.29818700 -1.32185800
shell0_X0_Y0_Z0_mono0_fix1/shell1_X0_Y1_Z-1_mono1_fix1//test20tig_AVTZ// DONE 4.8748182455824045 1	-0.73012366 -0.18837570 0.78097110 -0.17196660 -1.33912816 -1.29818200 -1.32185400
shell0_X0_Y0_Z0_mono0_fix1/shell1_X-1_Y1_Z0_mono1_fix1//test20tig_AVTZ// DONE 4.874819824994216 1	-0.73011877 -0.18837910 0.78097060 -0.17197040 -1.33911897 -1.29817800 -1.32184700
shell0_X0_Y0_Z0_mono0_fix1/shell1_X-1_Y0_Z0_mono1_fix1//test20tig_AVTZ// DONE 4.87481984938681 1	-0.73012093 -0.18837780 0.78096270 -0.17196620 -1.33911743 -1.29817300 -1.32184400
shell0_X0_Y0_Z0_mono0_fix1/shell1_X0_Y-1_Z0_mono0_fix1//test20tig_AVTZ// DONE 5.834800797021388 2	-0.33656875 -0.18988750 0.28989590 -0.08817347 -0.53829118 -0.53030190 -0.53492070
shell0_X0_Y0_Z0_mono0_fix1/shell1_X0_Y0_Z1_mono0_fix1//test20tig_AVTZ// DONE 6.052387884674758 2	-0.27183478 -0.16303940 0.14186300 -0.05604332 -0.35765446 -0.35609840 -0.35699800
shell0_X0_Y0_Z0_mono0_fix1/shell1_X-1_Y-1_Z0_mono0_fix1//test20tig_AVTZ// DONE 7.206164883641013 2	-0.06062452 -0.01532570 0.01099928 -0.00616349 -0.06546031 -0.06638442 -0.06585017
shell0_X0_Y0_Z0_mono0_fix1/shell1_X-1_Y1_Z0_mono0_fix1//test20tig_AVTZ// DONE 7.234555636358268 2	-0.05169409 -0.01164104 0.00696784 -0.00459881 -0.05406312 -0.05467941 -0.05432312
shell0_X0_Y0_Z0_mono0_fix1/shell1_X-1_Y0_Z-1_mono0_fix1//test20tig_AVTZ// DONE 7.357945972453686 2	-0.05153062 -0.01103893 0.00814176 -0.00466422 -0.05500816 -0.05571780 -0.05530754
shell0_X0_Y0_Z0_mono0_fix1/shell1_X1_Y0_Z-1_mono0_fix1//test20tig_AVTZ// DONE 7.432696933113306 2	-0.04258881 -0.00797871 0.00574850 -0.00351746 -0.04481985 -0.04538473 -0.04505816
shell0_X0_Y0_Z0_mono0_fix1/shell1_X1_Y0_Z0_mono1_fix1//test20tig_AVTZ// DONE 7.687882795249492 1	-0.03592233 -0.00573014 0.00338505 -0.00240315 -0.03690423 -0.03724992 -0.03705007
shell0_X0_Y0_Z0_mono0_fix1/shell1_X1_Y1_Z0_mono1_fix1//test20tig_AVTZ// DONE 7.6878830067580335 1	-0.03592427 -0.00573021 0.00338158 -0.00240139 -0.03690447 -0.03724960 -0.03705007
shell0_X0_Y0_Z0_mono0_fix1/shell2_X-2_Y1_Z-1_mono1_fix1//test20tig_AVTZ// DONE 7.687889776040406 1	-0.03592476 -0.00572993 0.00338383 -0.00239821 -0.03691038 -0.03724671 -0.03705227
shell0_X0_Y0_Z0_mono0_fix1/shell2_X-2_Y0_Z-1_mono1_fix1//test20tig_AVTZ// DONE 7.6878898668243245 1	-0.03592448 -0.00573007 0.00337961 -0.00239853 -0.03690556 -0.03724914 -0.03705051
shell0_X0_Y0_Z0_mono0_fix1/shell1_X1_Y0_Z-1_mono1_fix1//test20tig_AVTZ// DONE 7.741652423640557 1	-0.02829011 -0.00211833 0.00117212 -0.00095131 -0.02851091 -0.02869008 -0.02858650
shell0_X0_Y0_Z0_mono0_fix1/shell1_X1_Y1_Z-1_mono1_fix1//test20tig_AVTZ// DONE 7.7416525542166985 1	-0.02829254 -0.00211827 0.00117218 -0.00095117 -0.02851356 -0.02868831 -0.02858728
shell0_X0_Y0_Z0_mono0_fix1/shell2_X-2_Y1_Z0_mono1_fix1//test20tig_AVTZ// DONE 7.741657332883547 1	-0.02829593 -0.00211829 0.00117042 -0.00094759 -0.02851876 -0.02868954 -0.02859081
shell0_X0_Y0_Z0_mono0_fix1/shell2_X-2_Y0_Z0_mono1_fix1//test20tig_AVTZ// DONE 7.7416573903537556 1	-0.02828518 -0.00211826 0.00118050 -0.00096285 -0.02850283 -0.02869068 -0.02858208
shell0_X0_Y0_Z0_mono0_fix1/shell1_X0_Y-1_Z-1_mono0_fix1//test20tig_AVTZ// DONE 8.21547938783387 2	-0.02908833 -0.00160900 0.00457146 -0.00172889 -0.03193090 -0.03211147 -0.03200708
shell0_X0_Y0_Z0_mono0_fix1/shell1_X0_Y-1_Z1_mono0_fix1//test20tig_AVTZ// DONE 8.30173601819067 2	-0.01671160 0.00009559 0.00104581 -0.00032329 -0.01743412 -0.01751455 -0.01746805
shell0_X0_Y0_Z0_mono0_fix1/shell2_X-2_Y0_Z0_mono0_fix1//test20tig_AVTZ// DONE 8.63133829007425 2	-0.01373352 -0.00003391 0.00063430 -0.00022554 -0.01414228 -0.01419402 -0.01416411
shell0_X0_Y0_Z0_mono0_fix1/shell1_X1_Y1_Z1_mono0_fix1//test20tig_AVTZ// DONE 9.220399005428115 2	-0.01285787 0.00009804 0.00094010 -0.00027163 -0.01352634 -0.01353395 -0.01352955
shell0_X0_Y0_Z0_mono0_fix1/shell1_X-1_Y1_Z1_mono0_fix1//test20tig_AVTZ// DONE 9.287303895161147 2	-0.01076888 -0.00014247 0.00040483 -0.00017613 -0.01099759 -0.01104668 -0.01101830
shell0_X0_Y0_Z0_mono0_fix1/shell1_X-1_Y1_Z-1_mono0_fix1//test20tig_AVTZ// DONE 9.295639787140068 2	-0.00818525 -0.00002945 0.00004724 -0.00002602 -0.00820648 -0.00820472 -0.00820574
shell0_X0_Y0_Z0_mono0_fix1/shell1_X0_Y-1_Z0_mono1_fix1//test20tig_AVTZ// DONE 9.298074164631034 1	-0.01089571 -0.00052903 -0.00004626 -0.00014283 -0.01070662 -0.01072205 -0.01071313
shell0_X0_Y0_Z0_mono0_fix1/shell2_X0_Y2_Z0_mono1_fix1//test20tig_AVTZ// DONE 9.298074429663076 1	-0.01087631 -0.00052910 -0.00002180 -0.00016758 -0.01068693 -0.01072203 -0.01070174
shell0_X0_Y0_Z0_mono0_fix1/shell1_X-1_Y-1_Z-1_mono1_fix1//test20tig_AVTZ// DONE 9.298076751720414 1	-0.01087702 -0.00052919 -0.00002394 -0.00016766 -0.01068542 -0.01072190 -0.01070081
shell0_X0_Y0_Z0_mono0_fix1/shell2_X-1_Y2_Z-1_mono1_fix1//test20tig_AVTZ// DONE 9.298076765664975 1	-0.01089528 -0.00052910 -0.00004721 -0.00014390 -0.01070417 -0.01072192 -0.01071166
shell0_X0_Y0_Z0_mono0_fix1/shell1_X0_Y-1_Z-1_mono1_fix1//test20tig_AVTZ// DONE 9.31107587266543 1	-0.01007528 0.00007704 0.00057185 -0.00016548 -0.01048165 -0.01050299 -0.01049065
shell0_X0_Y0_Z0_mono0_fix1/shell2_X0_Y2_Z-1_mono1_fix1//test20tig_AVTZ// DONE 9.311076021291033 1	-0.01007573 0.00007711 0.00057025 -0.00016468 -0.01048130 -0.01050297 -0.01049044
shell0_X0_Y0_Z0_mono0_fix1/shell1_X-1_Y-1_Z0_mono1_fix1//test20tig_AVTZ// DONE 9.311076743517448 1	-0.01007627 0.00007713 0.00056951 -0.00016677 -0.01047902 -0.01050268 -0.01048900
shell0_X0_Y0_Z0_mono0_fix1/shell2_X-1_Y2_Z0_mono1_fix1//test20tig_AVTZ// DONE 9.311076854260124 1	-0.01007639 0.00007707 0.00056889 -0.00016623 -0.01047905 -0.01050306 -0.01048918
shell0_X0_Y0_Z0_mono0_fix1/shell1_X-1_Y-1_Z1_mono0_fix1//test20tig_AVTZ// DONE 9.333735909753628 2	-0.00796337 -0.00002328 0.00005040 -0.00002867 -0.00798510 -0.00799309 -0.00798847
shell0_X0_Y0_Z0_mono0_fix1/shell1_X0_Y0_Z1_mono1_fix1//test20tig_AVTZ// DONE 9.557279214796877 1	-0.00861092 0.00003751 0.00028799 -0.00007756 -0.00882135 -0.00883368 -0.00882655
shell0_X0_Y0_Z0_mono0_fix1/shell1_X0_Y1_Z1_mono1_fix1//test20tig_AVTZ// DONE 9.557279331757535 1	-0.00861006 0.00003757 0.00029741 -0.00008700 -0.00882047 -0.00883381 -0.00882610
shell0_X0_Y0_Z0_mono0_fix1/shell2_X-1_Y1_Z-2_mono1_fix1//test20tig_AVTZ// DONE 9.557283198503164 1	-0.00860646 0.00003750 0.00030472 -0.00009384 -0.00881734 -0.00883617 -0.00882529
shell0_X0_Y0_Z0_mono0_fix1/shell2_X-1_Y0_Z-2_mono1_fix1//test20tig_AVTZ// DONE 9.557283219271111 1	-0.00860032 0.00003763 0.00031100 -0.00009377 -0.00881754 -0.00883391 -0.00882445
shell0_X0_Y0_Z0_mono0_fix1/shell1_X-1_Y0_Z1_mono1_fix1//test20tig_AVTZ// DONE 9.59444338732299 1	-0.00845283 -0.00021171 0.00009241 -0.00009714 -0.00844811 -0.00846857 -0.00845674
shell0_X0_Y0_Z0_mono0_fix1/shell1_X-1_Y1_Z1_mono1_fix1//test20tig_AVTZ// DONE 9.594443452897366 1	-0.00845470 -0.00021167 0.00008668 -0.00009403 -0.00844735 -0.00846964 -0.00845675
shell0_X0_Y0_Z0_mono0_fix1/shell2_X0_Y0_Z-2_mono1_fix1//test20tig_AVTZ// DONE 9.594444158397373 1	-0.00845670 -0.00021162 0.00008640 -0.00009522 -0.00844788 -0.00846747 -0.00845614
shell0_X0_Y0_Z0_mono0_fix1/shell2_X0_Y1_Z-2_mono1_fix1//test20tig_AVTZ// DONE 9.59444417465115 1	-0.00845172 -0.00021168 0.00009555 -0.00009813 -0.00844915 -0.00846828 -0.00845722
shell0_X0_Y0_Z0_mono0_fix1/shell2_X2_Y1_Z0_mono0_fix1//test20tig_AVTZ// DONE 10.281259045415673 2	-0.00514440 -0.00018673 -0.00015310 -0.00000762 -0.00498368 -0.00498973 -0.00498623
shell0_X0_Y0_Z0_mono0_fix1/shell2_X2_Y-1_Z0_mono0_fix1//test20tig_AVTZ// DONE 10.301594281051557 2	-0.00426121 0.00004986 0.00007890 -0.00001257 -0.00432755 -0.00433756 -0.00433177
shell0_X0_Y0_Z0_mono0_fix1/shell2_X2_Y0_Z1_mono0_fix1//test20tig_AVTZ// DONE 10.370397658874873 2	-0.00485270 -0.00017039 -0.00014374 -0.00000700 -0.00470197 -0.00472538 -0.00471185
shell0_X0_Y0_Z0_mono0_fix1/shell2_X-2_Y0_Z1_mono0_fix1//test20tig_AVTZ// DONE 10.458272455392859 2	-0.00387267 0.00006401 0.00008112 -0.00000576 -0.00394803 -0.00395365 -0.00395040
shell0_X0_Y0_Z0_mono0_fix1/shell1_X1_Y-1_Z0_mono1_fix1//test20tig_AVTZ// DONE 11.052017778653015 1	-0.00321367 -0.00005801 -0.00005749 0.00000212 -0.00315830 -0.00318231 -0.00316843
shell0_X0_Y0_Z0_mono0_fix1/shell2_X1_Y2_Z0_mono1_fix1//test20tig_AVTZ// DONE 11.052018052102293 1	-0.00320823 -0.00005803 -0.00005296 0.00000006 -0.00315533 -0.00318558 -0.00316809
shell0_X0_Y0_Z0_mono0_fix1/shell2_X-2_Y2_Z-1_mono1_fix1//test20tig_AVTZ// DONE 11.052022728494107 1	-0.00320986 -0.00005804 -0.00005283 0.00000022 -0.00315726 -0.00318570 -0.00316925
shell0_X0_Y0_Z0_mono0_fix1/shell2_X-2_Y-1_Z-1_mono1_fix1//test20tig_AVTZ// DONE 11.052022770729785 1	-0.00320897 -0.00005807 -0.00005055 -0.00000224 -0.00315618 -0.00318563 -0.00316860
shell0_X0_Y0_Z0_mono0_fix1/shell1_X1_Y-1_Z-1_mono1_fix1//test20tig_AVTZ// DONE 11.082269652642848 1	-0.00296151 0.00003912 0.00005650 -0.00000984 -0.00300816 -0.00302379 -0.00301476
shell0_X0_Y0_Z0_mono0_fix1/shell2_X1_Y2_Z-1_mono1_fix1//test20tig_AVTZ// DONE 11.08226985161873 1	-0.00296456 0.00003914 0.00005969 -0.00001183 -0.00301241 -0.00302278 -0.00301679
shell0_X0_Y0_Z0_mono0_fix1/shell2_X-2_Y-1_Z0_mono1_fix1//test20tig_AVTZ// DONE 11.082273202532251 1	-0.00296379 0.00003913 0.00005294 -0.00000578 -0.00301096 -0.00302272 -0.00301592
shell0_X0_Y0_Z0_mono0_fix1/shell2_X-2_Y2_Z0_mono1_fix1//test20tig_AVTZ// DONE 11.082273210978506 1	-0.00296360 0.00003913 0.00006033 -0.00001327 -0.00301066 -0.00302359 -0.00301611
shell0_X0_Y0_Z0_mono0_fix1/shell1_X1_Y0_Z1_mono1_fix1//test20tig_AVTZ// DONE 11.251269307167787 1	-0.00282295 0.00006788 0.00008997 -0.00000600 -0.00290692 -0.00290226 -0.00290496
shell0_X0_Y0_Z0_mono0_fix1/shell1_X1_Y1_Z1_mono1_fix1//test20tig_AVTZ// DONE 11.25126941695398 1	-0.00282085 0.00006792 0.00008997 -0.00000611 -0.00290471 -0.00290504 -0.00290485
shell0_X0_Y0_Z0_mono0_fix1/shell2_X-2_Y1_Z-2_mono1_fix1//test20tig_AVTZ// DONE 11.251275418678413 1	-0.00281925 0.00006788 0.00008919 -0.00000620 -0.00290224 -0.00290444 -0.00290317
shell0_X0_Y0_Z0_mono0_fix1/shell2_X-2_Y0_Z-2_mono1_fix1//test20tig_AVTZ// DONE 11.251275446026634 1	-0.00282323 0.00006794 0.00008689 -0.00000408 -0.00290604 -0.00290360 -0.00290501
shell0_X0_Y0_Z0_mono0_fix1/shell2_X1_Y0_Z-2_mono1_fix1//test20tig_AVTZ// DONE 11.339343574138503 1	-0.00253305 -0.00000348 -0.00000569 0.00000719 -0.00253455 -0.00254658 -0.00253963
shell0_X0_Y0_Z0_mono0_fix1/shell2_X1_Y1_Z-2_mono1_fix1//test20tig_AVTZ// DONE 11.33934361654418 1	-0.00252974 -0.00000347 0.00000626 -0.00001161 -0.00252439 -0.00253961 -0.00253081
shell0_X0_Y0_Z0_mono0_fix1/shell2_X-2_Y0_Z1_mono1_fix1//test20tig_AVTZ// DONE 11.339345607108898 1	-0.00253608 -0.00000349 -0.00000522 0.00000267 -0.00253354 -0.00254035 -0.00253641
shell0_X0_Y0_Z0_mono0_fix1/shell2_X-2_Y1_Z1_mono1_fix1//test20tig_AVTZ// DONE 11.339345627411392 1	-0.00252740 -0.00000348 0.00000303 -0.00000808 -0.00252236 -0.00254463 -0.00253176
shell0_X0_Y0_Z0_mono0_fix1/shell2_X0_Y-2_Z0_mono0_fix1//test20tig_AVTZ// DONE 11.351447454150398 2	-0.00296939 -0.00016055 -0.00016650 0.00000579 -0.00280868 -0.00282069 -0.00281375
shell0_X0_Y0_Z0_mono0_fix1/shell2_X2_Y0_Z0_mono1_fix1//test20tig_AVTZ// DONE 11.423339923096968 1	-0.00240184 0.00000875 0.00001410 -0.00000321 -0.00241272 -0.00242490 -0.00241786
shell0_X0_Y0_Z0_mono0_fix1/shell2_X2_Y1_Z0_mono1_fix1//test20tig_AVTZ// DONE 11.423340031243132 1	-0.00240164 0.00000874 0.00001696 -0.00000386 -0.00241475 -0.00242483 -0.00241900
shell0_X0_Y0_Z0_mono0_fix1/shell3_X-3_Y1_Z-1_mono1_fix1//test20tig_AVTZ// DONE 11.423347271609863 1	-0.00240073 0.00000877 0.00001757 -0.00000456 -0.00241374 -0.00242555 -0.00241872
shell0_X0_Y0_Z0_mono0_fix1/shell3_X-3_Y0_Z-1_mono1_fix1//test20tig_AVTZ// DONE 11.423347306878169 1	-0.00240096 0.00000876 0.00001951 -0.00001295 -0.00240753 -0.00242478 -0.00241481
shell0_X0_Y0_Z0_mono0_fix1/shell2_X2_Y0_Z-1_mono1_fix1//test20tig_AVTZ// DONE 11.47158597420565 1	-0.00216447 0.00000141 0.00000513 -0.00000346 -0.00216613 -0.00217350 -0.00216924
shell0_X0_Y0_Z0_mono0_fix1/shell2_X2_Y1_Z-1_mono1_fix1//test20tig_AVTZ// DONE 11.471586058415966 1	-0.00216664 0.00000141 0.00000182 0.00000268 -0.00217114 -0.00217315 -0.00217198
shell0_X0_Y0_Z0_mono0_fix1/shell3_X-3_Y1_Z0_mono1_fix1//test20tig_AVTZ// DONE 11.471591945127729 1	-0.00216486 0.00000142 0.00000460 -0.00000087 -0.00216859 -0.00217351 -0.00217066
shell0_X0_Y0_Z0_mono0_fix1/shell3_X-3_Y0_Z0_mono1_fix1//test20tig_AVTZ// DONE 11.471591967247297 1	-0.00216432 0.00000141 0.00000650 -0.00000370 -0.00216712 -0.00217314 -0.00216966
shell0_X0_Y0_Z0_mono0_fix1/shell2_X-2_Y-1_Z-1_mono0_fix1//test20tig_AVTZ// DONE 11.772367791361654 2	-0.00247432 -0.00012712 -0.00013880 0.00000808 -0.00234360 -0.00235803 -0.00234969
shell0_X0_Y0_Z0_mono0_fix1/shell2_X0_Y0_Z2_mono0_fix1//test20tig_AVTZ// DONE 11.793340778908904 2	-0.00227425 -0.00011734 -0.00012452 0.00000513 -0.00215486 -0.00216439 -0.00215888
shell0_X0_Y0_Z0_mono0_fix1/shell2_X-2_Y1_Z-1_mono0_fix1//test20tig_AVTZ// DONE 11.815540326094641 2	-0.00176801 0.00003765 0.00004309 0.00000245 -0.00181355 -0.00180693 -0.00181076
shell0_X0_Y0_Z0_mono0_fix1/shell2_X-2_Y1_Z1_mono0_fix1//test20tig_AVTZ// DONE 11.859669606156782 2	-0.00190805 -0.00004074 -0.00004021 -0.00000368 -0.00186415 -0.00189905 -0.00187887
shell0_X0_Y0_Z0_mono0_fix1/shell2_X-2_Y-1_Z1_mono0_fix1//test20tig_AVTZ// DONE 11.875394026584075 2	-0.00171606 0.00003229 0.00003499 -0.00000151 -0.00174954 -0.00174866 -0.00174917
shell0_X0_Y0_Z0_mono0_fix1/shell2_X1_Y2_Z0_mono0_fix1//test20tig_AVTZ// DONE 12.110018745224941 2	-0.00185761 -0.00004771 -0.00004345 -0.00000335 -0.00181080 -0.00182464 -0.00181664
shell0_X0_Y0_Z0_mono0_fix1/shell2_X-1_Y2_Z0_mono0_fix1//test20tig_AVTZ// DONE 12.12207805166879 2	-0.00179201 -0.00005620 -0.00004163 -0.00001355 -0.00173684 -0.00175997 -0.00174660
shell0_X0_Y0_Z0_mono0_fix1/shell1_X0_Y-1_Z1_mono1_fix1//test20tig_AVTZ// DONE 12.433224601248487 1	-0.00155131 -0.00007673 -0.00008271 0.00000467 -0.00147327 -0.00147980 -0.00147603
shell0_X0_Y0_Z0_mono0_fix1/shell2_X0_Y2_Z1_mono1_fix1//test20tig_AVTZ// DONE 12.433224800131704 1	-0.00155163 -0.00007673 -0.00008425 0.00000368 -0.00147106 -0.00148020 -0.00147492
shell0_X0_Y0_Z0_mono0_fix1/shell2_X-1_Y-1_Z-2_mono1_fix1//test20tig_AVTZ// DONE 12.43322773560552 1	-0.00155176 -0.00007674 -0.00008454 0.00000482 -0.00147204 -0.00148004 -0.00147542
shell0_X0_Y0_Z0_mono0_fix1/shell2_X-1_Y2_Z-2_mono1_fix1//test20tig_AVTZ// DONE 12.433227743837751 1	-0.00155126 -0.00007676 -0.00008275 0.00000467 -0.00147318 -0.00147990 -0.00147601
shell0_X0_Y0_Z0_mono0_fix1/shell1_X-1_Y-1_Z1_mono1_fix1//test20tig_AVTZ// DONE 12.458889333749935 1	-0.00149446 -0.00006045 -0.00006346 0.00000127 -0.00143228 -0.00144801 -0.00143891
shell0_X0_Y0_Z0_mono0_fix1/shell2_X-1_Y2_Z1_mono1_fix1//test20tig_AVTZ// DONE 12.458889466528344 1	-0.00149716 -0.00006045 -0.00006726 0.00000324 -0.00143314 -0.00144628 -0.00143869
shell0_X0_Y0_Z0_mono0_fix1/shell2_X0_Y-1_Z-2_mono1_fix1//test20tig_AVTZ// DONE 12.458889951157254 1	-0.00149699 -0.00006046 -0.00006729 0.00000086 -0.00143056 -0.00144663 -0.00143734
shell0_X0_Y0_Z0_mono0_fix1/shell2_X0_Y2_Z-2_mono1_fix1//test20tig_AVTZ// DONE 12.458890012880294 1	-0.00149558 -0.00006046 -0.00006164 -0.00000058 -0.00143336 -0.00144576 -0.00143859
shell0_X0_Y0_Z0_mono0_fix1/shell2_X-1_Y0_Z-2_mono0_fix1//test20tig_AVTZ// DONE 12.496676376434412 2	-0.00150649 -0.00004353 -0.00004286 0.00000577 -0.00146941 -0.00147341 -0.00147109
shell0_X0_Y0_Z0_mono0_fix1/shell2_X-1_Y0_Z2_mono0_fix1//test20tig_AVTZ// DONE 12.564328271234713 2	-0.00141677 -0.00003777 -0.00004085 0.00000142 -0.00137734 -0.00139505 -0.00138481
shell0_X0_Y0_Z0_mono0_fix1/shell2_X0_Y-2_Z-1_mono0_fix1//test20tig_AVTZ// DONE 12.744924867435586 2	-0.00141052 0.00004362 0.00006047 -0.00001148 -0.00145950 -0.00146423 -0.00146150
shell0_X0_Y0_Z0_mono0_fix1/shell2_X0_Y-2_Z1_mono0_fix1//test20tig_AVTZ// DONE 12.791458110517096 2	-0.00111149 0.00001673 0.00002964 -0.00001028 -0.00113085 -0.00113553 -0.00113282
shell0_X0_Y0_Z0_mono0_fix1/shell3_X3_Y0_Z0_mono0_fix1//test20tig_AVTZ// DONE 12.798099519539354 2	-0.00107528 0.00004286 0.00005422 -0.00001390 -0.00111561 -0.00112798 -0.00112083
shell0_X0_Y0_Z0_mono0_fix1/shell2_X0_Y1_Z2_mono0_fix1//test20tig_AVTZ// DONE 13.043135175195543 2	-0.00123320 0.00001044 0.00001131 0.00000106 -0.00124558 -0.00124726 -0.00124629
shell0_X0_Y0_Z0_mono0_fix1/shell2_X0_Y-1_Z2_mono0_fix1//test20tig_AVTZ// DONE 13.086596636379184 2	-0.00096759 0.00001494 0.00001337 0.00000083 -0.00098178 -0.00097937 -0.00098076
shell0_X0_Y0_Z0_mono0_fix1/shell2_X-1_Y-2_Z-1_mono0_fix1//test20tig_AVTZ// DONE 13.411887247480243 2	-0.00097315 0.00007664 0.00009810 -0.00002299 -0.00104827 -0.00105852 -0.00105259
shell0_X0_Y0_Z0_mono0_fix1/shell2_X1_Y-2_Z-1_mono0_fix1//test20tig_AVTZ// DONE 13.45200066265478 2	-0.00099210 -0.00002663 -0.00002305 -0.00000219 -0.00096687 -0.00096619 -0.00096658
shell0_X0_Y0_Z0_mono0_fix1/shell2_X1_Y-2_Z1_mono0_fix1//test20tig_AVTZ// DONE 13.46076868649561 2	-0.00078750 0.00003157 0.00003699 -0.00000410 -0.00082038 -0.00082446 -0.00082210
shell0_X0_Y0_Z0_mono0_fix1/shell2_X1_Y2_Z-1_mono0_fix1//test20tig_AVTZ// DONE 13.482761476203779 2	-0.00080678 -0.00000640 0.00000411 -0.00001219 -0.00079869 -0.00081411 -0.00080520
shell0_X0_Y0_Z0_mono0_fix1/shell2_X1_Y1_Z2_mono0_fix1//test20tig_AVTZ// DONE 13.682479305864604 2	-0.00089303 0.00005179 0.00002572 0.00002948 -0.00094822 -0.00092132 -0.00093687
shell0_X0_Y0_Z0_mono0_fix1/shell2_X-1_Y1_Z-2_mono0_fix1//test20tig_AVTZ// DONE 13.724459765034897 2	-0.00072838 -0.00000483 -0.00000466 0.00000006 -0.00072378 -0.00072584 -0.00072465
shell0_X0_Y0_Z0_mono0_fix1/shell2_X-1_Y1_Z2_mono0_fix1//test20tig_AVTZ// DONE 13.747158208808976 2	-0.00087136 -0.00003574 -0.00003469 -0.00000154 -0.00083513 -0.00083809 -0.00083638
shell0_X0_Y0_Z0_mono0_fix1/shell1_X1_Y-1_Z1_mono1_fix1//test20tig_AVTZ// DONE 13.777193087204802 1	-0.00079453 -0.00003181 -0.00003347 0.00000557 -0.00076663 -0.00076791 -0.00076717
shell0_X0_Y0_Z0_mono0_fix1/shell2_X1_Y2_Z1_mono1_fix1//test20tig_AVTZ// DONE 13.777193295278535 1	-0.00079467 -0.00003181 -0.00003172 0.00000474 -0.00076770 -0.00076662 -0.00076724
shell0_X0_Y0_Z0_mono0_fix1/shell2_X-2_Y2_Z-2_mono1_fix1//test20tig_AVTZ// DONE 13.77719814477162 1	-0.00079414 -0.00003182 -0.00003218 0.00000528 -0.00076725 -0.00076779 -0.00076748
shell0_X0_Y0_Z0_mono0_fix1/shell2_X-2_Y-1_Z-2_mono1_fix1//test20tig_AVTZ// DONE 13.777198163247713 1	-0.00079632 -0.00003182 -0.00003267 0.00000584 -0.00076949 -0.00076662 -0.00076828
shell0_X0_Y0_Z0_mono0_fix1/shell2_X1_Y1_Z-2_mono0_fix1//test20tig_AVTZ// DONE 13.780056567618942 2	-0.00067857 0.00002754 0.00003819 -0.00000924 -0.00070753 -0.00071254 -0.00070964
shell0_X0_Y0_Z0_mono0_fix1/shell2_X1_Y-1_Z-2_mono1_fix1//test20tig_AVTZ// DONE 13.844418691482614 1	-0.00073536 -0.00001930 -0.00002657 0.00001091 -0.00071969 -0.00071941 -0.00071957
shell0_X0_Y0_Z0_mono0_fix1/shell2_X1_Y2_Z-2_mono1_fix1//test20tig_AVTZ// DONE 13.844418792112007 1	-0.00073761 -0.00001930 -0.00001825 -0.00000669 -0.00071268 -0.00071818 -0.00071500
shell0_X0_Y0_Z0_mono0_fix1/shell2_X-2_Y-1_Z1_mono1_fix1//test20tig_AVTZ// DONE 13.844420375393245 1	-0.00073239 -0.00001930 -0.00001784 -0.00000250 -0.00071204 -0.00071820 -0.00071464
shell0_X0_Y0_Z0_mono0_fix1/shell2_X-2_Y2_Z1_mono1_fix1//test20tig_AVTZ// DONE 13.844420441731238 1	-0.00073320 -0.00001930 -0.00002035 0.00000045 -0.00071330 -0.00071942 -0.00071588
shell0_X0_Y0_Z0_mono0_fix1/shell2_X2_Y-1_Z0_mono1_fix1//test20tig_AVTZ// DONE 13.912816698669776 1	-0.00070707 -0.00000701 -0.00000816 0.00000261 -0.00070152 -0.00070159 -0.00070155
shell0_X0_Y0_Z0_mono0_fix1/shell2_X2_Y2_Z0_mono1_fix1//test20tig_AVTZ// DONE 13.912816908397065 1	-0.00070565 -0.00000701 -0.00000683 0.00000255 -0.00070137 -0.00070273 -0.00070195
shell0_X0_Y0_Z0_mono0_fix1/shell3_X-3_Y2_Z-1_mono1_fix1//test20tig_AVTZ// DONE 13.912822806364776 1	-0.00070680 -0.00000701 -0.00000712 0.00000118 -0.00070086 -0.00070166 -0.00070120
shell0_X0_Y0_Z0_mono0_fix1/shell3_X-3_Y-1_Z-1_mono1_fix1//test20tig_AVTZ// DONE 13.912822837738087 1	-0.00070698 -0.00000702 -0.00000745 0.00000251 -0.00070204 -0.00070126 -0.00070171
shell0_X0_Y0_Z0_mono0_fix1/shell2_X2_Y-1_Z-1_mono1_fix1//test20tig_AVTZ// DONE 13.949794619310884 1	-0.00067060 0.00000082 0.00000205 -0.00000297 -0.00066968 -0.00067001 -0.00066982
shell0_X0_Y0_Z0_mono0_fix1/shell2_X2_Y2_Z-1_mono1_fix1//test20tig_AVTZ// DONE 13.949794791396334 1	-0.00066801 0.00000082 0.00000201 -0.00000144 -0.00066858 -0.00067298 -0.00067044
shell0_X0_Y0_Z0_mono0_fix1/shell3_X-3_Y2_Z0_mono1_fix1//test20tig_AVTZ// DONE 13.949799613652566 1	-0.00067157 0.00000082 -0.00000997 0.00000955 -0.00067115 -0.00066998 -0.00067066
shell0_X0_Y0_Z0_mono0_fix1/shell3_X-3_Y-1_Z0_mono1_fix1//test20tig_AVTZ// DONE 13.949799619674387 1	-0.00067094 0.00000082 0.00000030 0.00000042 -0.00067166 -0.00066874 -0.00067043
shell0_X0_Y0_Z0_mono0_fix1/shell3_X-3_Y-1_Z0_mono0_fix1//test20tig_AVTZ// DONE 13.968835827795065 2	-0.00069133 -0.00001215 -0.00001536 0.00000208 -0.00067804 -0.00067996 -0.00067885
shell0_X0_Y0_Z0_mono0_fix1/shell3_X-3_Y1_Z0_mono0_fix1//test20tig_AVTZ// DONE 13.981021736543164 2	-0.00060971 0.00002239 0.00002793 -0.00000143 -0.00063621 -0.00063376 -0.00063518
shell0_X0_Y0_Z0_mono0_fix1/shell3_X-3_Y0_Z-1_mono0_fix1//test20tig_AVTZ// DONE 14.021850901563948 2	-0.00067881 -0.00001077 -0.00002031 0.00001128 -0.00066978 -0.00066191 -0.00066646
shell0_X0_Y0_Z0_mono0_fix1/shell2_X2_Y0_Z1_mono1_fix1//test20tig_AVTZ// DONE 14.058337863242912 1	-0.00068070 -0.00000095 -0.00000228 0.00000043 -0.00067885 -0.00067905 -0.00067893
shell0_X0_Y0_Z0_mono0_fix1/shell2_X2_Y1_Z1_mono1_fix1//test20tig_AVTZ// DONE 14.058337943261828 1	-0.00068206 -0.00000095 -0.00000331 -0.00000121 -0.00067753 -0.00067804 -0.00067775
shell0_X0_Y0_Z0_mono0_fix1/shell3_X-3_Y1_Z-2_mono1_fix1//test20tig_AVTZ// DONE 14.058344921838666 1	-0.00068051 -0.00000094 -0.00000336 0.00000076 -0.00067791 -0.00067905 -0.00067839
shell0_X0_Y0_Z0_mono0_fix1/shell3_X-3_Y0_Z-2_mono1_fix1//test20tig_AVTZ// DONE 14.05834493923858 1	-0.00068065 -0.00000094 -0.00000117 0.00000045 -0.00067992 -0.00067804 -0.00067913
shell0_X0_Y0_Z0_mono0_fix1/shell3_X3_Y0_Z-1_mono0_fix1//test20tig_AVTZ// DONE 14.109404550753924 2	-0.00057436 0.00002325 0.00002333 -0.00000033 -0.00059737 -0.00060201 -0.00059932
shell0_X0_Y0_Z0_mono0_fix1/shell2_X-2_Y-2_Z0_mono0_fix1//test20tig_AVTZ// DONE 14.153381297036626 2	-0.00067930 -0.00002203 -0.00002869 0.00000470 -0.00065530 -0.00065675 -0.00065592
shell0_X0_Y0_Z0_mono0_fix1/shell2_X2_Y0_Z-2_mono1_fix1//test20tig_AVTZ// DONE 14.167412396148523 1	-0.00058847 0.00000478 0.00000738 -0.00000172 -0.00059412 -0.00059110 -0.00059285
shell0_X0_Y0_Z0_mono0_fix1/shell2_X2_Y1_Z-2_mono1_fix1//test20tig_AVTZ// DONE 14.167412440583483 1	-0.00058884 0.00000479 0.00000811 -0.00000274 -0.00059421 -0.00059056 -0.00059267
shell0_X0_Y0_Z0_mono0_fix1/shell3_X-3_Y0_Z1_mono1_fix1//test20tig_AVTZ// DONE 14.16741616673266 1	-0.00058796 0.00000479 0.00001124 -0.00000363 -0.00059557 -0.00059081 -0.00059356
shell0_X0_Y0_Z0_mono0_fix1/shell3_X-3_Y1_Z1_mono1_fix1//test20tig_AVTZ// DONE 14.167416173772299 1	-0.00058829 0.00000478 0.00001069 -0.00000277 -0.00059620 -0.00059145 -0.00059420
shell0_X0_Y0_Z0_mono0_fix1/shell2_X-2_Y2_Z0_mono0_fix1//test20tig_AVTZ// DONE 14.168717654755511 2	-0.00061815 -0.00000726 -0.00000824 0.00000042 -0.00061032 -0.00061586 -0.00061266
shell0_X0_Y0_Z0_mono0_fix1/shell2_X-2_Y0_Z-2_mono0_fix1//test20tig_AVTZ// DONE 14.460573231904608 2	-0.00059015 -0.00002148 -0.00002494 0.00000210 -0.00056731 -0.00056981 -0.00056836
shell0_X0_Y0_Z0_mono0_fix1/shell2_X2_Y0_Z-2_mono0_fix1//test20tig_AVTZ// DONE 14.572578080578808 2	-0.00051851 -0.00000255 -0.00000881 0.00000988 -0.00051957 -0.00051596 -0.00051805
shell0_X0_Y0_Z0_mono0_fix1/shell2_X0_Y-2_Z0_mono1_fix1//test20tig_AVTZ// DONE 14.59134362932327 1	-0.00054141 0.00002230 0.00002169 0.00000297 -0.00056608 -0.00056439 -0.00056537
shell0_X0_Y0_Z0_mono0_fix1/shell3_X0_Y3_Z0_mono1_fix1//test20tig_AVTZ// DONE 14.591343824917036 1	-0.00054192 0.00002229 0.00002601 -0.00000081 -0.00056712 -0.00056369 -0.00056567
shell0_X0_Y0_Z0_mono0_fix1/shell2_X-1_Y-2_Z-1_mono1_fix1//test20tig_AVTZ// DONE 14.591345247735877 1	-0.00054887 0.00002228 -0.00000557 0.00003784 -0.00058114 -0.00056365 -0.00057376
shell0_X0_Y0_Z0_mono0_fix1/shell3_X-1_Y3_Z-1_mono1_fix1//test20tig_AVTZ// DONE 14.591345336037241 1	-0.00054180 0.00002229 0.00002615 -0.00000125 -0.00056670 -0.00056384 -0.00056549
shell0_X0_Y0_Z0_mono0_fix1/shell2_X0_Y-2_Z-1_mono1_fix1//test20tig_AVTZ// DONE 14.598308421815199 1	-0.00052058 0.00003779 0.00004683 -0.00000866 -0.00055875 -0.00056320 -0.00056063
shell0_X0_Y0_Z0_mono0_fix1/shell3_X0_Y3_Z-1_mono1_fix1//test20tig_AVTZ// DONE 14.598308569887953 2	-0.00051969 0.00003780 0.00004833 -0.00000971 -0.00055831 -0.00056337 -0.00056044
shell0_X0_Y0_Z0_mono0_fix1/shell3_X-1_Y3_Z0_mono1_fix1//test20tig_AVTZ// DONE 14.598309094466963 1	-0.00052053 0.00003780 0.00004248 -0.00000486 -0.00055815 -0.00056322 -0.00056029
shell0_X0_Y0_Z0_mono0_fix1/shell3_X3_Y1_Z1_mono0_fix1//test20tig_AVTZ// DONE 15.09356638402583 2	-0.00047758 -0.00003047 -0.00003512 0.00000463 -0.00044709 -0.00044758 -0.00044729
shell0_X0_Y0_Z0_mono0_fix1/shell2_X0_Y0_Z2_mono1_fix1//test20tig_AVTZ// DONE 15.093727556071606 1	-0.00042897 0.00002327 0.00002825 -0.00000745 -0.00044977 -0.00045420 -0.00045164
shell0_X0_Y0_Z0_mono0_fix1/shell2_X0_Y1_Z2_mono1_fix1//test20tig_AVTZ// DONE 15.093727610024821 1	-0.00042859 0.00002328 0.00002734 -0.00000443 -0.00045150 -0.00045514 -0.00045304
shell0_X0_Y0_Z0_mono0_fix1/shell3_X-1_Y0_Z-3_mono1_fix1//test20tig_AVTZ// DONE 15.093731083075552 1	-0.00042953 0.00002329 0.00002704 -0.00000486 -0.00045171 -0.00045403 -0.00045269
shell0_X0_Y0_Z0_mono0_fix1/shell3_X-1_Y1_Z-3_mono1_fix1//test20tig_AVTZ// DONE 15.093731085482489 1	-0.00042875 0.00002328 0.00002873 -0.00000476 -0.00045273 -0.00045427 -0.00045338
shell0_X0_Y0_Z0_mono0_fix1/shell3_X3_Y-1_Z1_mono0_fix1//test20tig_AVTZ// DONE 15.117284253464128 2	-0.00038209 0.00001579 0.00001801 -0.00000165 -0.00039845 -0.00039167 -0.00039559
shell0_X0_Y0_Z0_mono0_fix1/shell2_X-1_Y0_Z2_mono1_fix1//test20tig_AVTZ// DONE 15.127038810024779 1	-0.00042761 0.00001209 0.00001074 0.00000113 -0.00043948 -0.00044170 -0.00044042
shell0_X0_Y0_Z0_mono0_fix1/shell2_X-1_Y1_Z2_mono1_fix1//test20tig_AVTZ// DONE 15.127038851548843 1	-0.00042995 0.00001209 0.00001276 -0.00000066 -0.00044206 -0.00044138 -0.00044177
shell0_X0_Y0_Z0_mono0_fix1/shell3_X0_Y0_Z-3_mono1_fix1//test20tig_AVTZ// DONE 15.127040306503297 1	-0.00043019 0.00001211 0.00001085 0.00000113 -0.00044217 -0.00044109 -0.00044171
shell0_X0_Y0_Z0_mono0_fix1/shell3_X0_Y1_Z-3_mono1_fix1//test20tig_AVTZ// DONE 15.127040318750455 1	-0.00042596 0.00001210 0.00001308 -0.00000089 -0.00043815 -0.00044680 -0.00044180
shell0_X0_Y0_Z0_mono0_fix1/shell3_X3_Y-1_Z-1_mono0_fix1//test20tig_AVTZ// DONE 15.183057395094917 2	-0.00039281 -0.00000286 -0.00001368 0.00000761 -0.00038674 -0.00038570 -0.00038630
shell0_X0_Y0_Z0_mono0_fix1/shell3_X3_Y1_Z-1_mono0_fix1//test20tig_AVTZ// DONE 15.187401848302851 2	-0.00036806 0.00001443 0.00001805 -0.00000185 -0.00038426 -0.00038186 -0.00038325
shell0_X0_Y0_Z0_mono0_fix1/shell2_X-2_Y-2_Z-1_mono0_fix1//test20tig_AVTZ// DONE 15.27292087394375 2	-0.00044312 0.00000994 -0.00000004 0.00001062 -0.00045371 -0.00044478 -0.00044994
shell0_X0_Y0_Z0_mono0_fix1/shell2_X2_Y-2_Z1_mono0_fix1//test20tig_AVTZ// DONE 15.312232804640972 2	-0.00035637 0.00001881 0.00001129 0.00001089 -0.00037855 -0.00036487 -0.00037277
shell0_X0_Y0_Z0_mono0_fix1/shell2_X-2_Y2_Z1_mono0_fix1//test20tig_AVTZ// DONE 15.337781815354514 2	-0.00040818 -0.00001852 -0.00001998 0.00000135 -0.00038955 -0.00039192 -0.00039055
shell0_X0_Y0_Z0_mono0_fix1/shell2_X2_Y2_Z-1_mono0_fix1//test20tig_AVTZ// DONE 15.35247065735674 2	-0.00036400 -0.00000404 -0.00000117 -0.00000450 -0.00035833 -0.00035949 -0.00035882
shell0_X0_Y0_Z0_mono0_fix1/shell3_X3_Y0_Z0_mono1_fix1//test20tig_AVTZ// DONE 15.412051574189235 1	-0.00034705 0.00000451 0.00000353 0.00000654 -0.00035711 -0.00036250 -0.00035939
shell0_X0_Y0_Z0_mono0_fix1/shell3_X3_Y1_Z0_mono1_fix1//test20tig_AVTZ// DONE 15.412051640226991 1	-0.00035445 0.00000451 0.00000609 0.00000042 -0.00036096 -0.00036097 -0.00036096
shell0_X0_Y0_Z0_mono0_fix1/shell4_X-4_Y1_Z-1_mono1_fix1//test20tig_AVTZ// DONE 15.412058992806875 1	-0.00035621 0.00000452 0.00000382 0.00000925 -0.00036928 -0.00036147 -0.00036599
shell0_X0_Y0_Z0_mono0_fix1/shell4_X-4_Y0_Z-1_mono1_fix1//test20tig_AVTZ// DONE 15.412059005999586 1	-0.00035422 0.00000451 0.00000624 0.00000045 -0.00036091 -0.00036116 -0.00036101
shell0_X0_Y0_Z0_mono0_fix1/shell3_X3_Y0_Z-1_mono1_fix1//test20tig_AVTZ// DONE 15.457550478113069 1	-0.00033499 0.00000555 0.00000713 0.00000113 -0.00034325 -0.00033982 -0.00034180
shell0_X0_Y0_Z0_mono0_fix1/shell3_X3_Y1_Z-1_mono1_fix1//test20tig_AVTZ// DONE 15.457550534702255 1	-0.00033499 0.00000555 0.00000715 0.00000113 -0.00034327 -0.00033980 -0.00034181
shell0_X0_Y0_Z0_mono0_fix1/shell4_X-4_Y1_Z0_mono1_fix1//test20tig_AVTZ// DONE 15.45755688358872 1	-0.00033406 0.00000556 0.00001210 -0.00000220 -0.00034396 -0.00033971 -0.00034217
shell0_X0_Y0_Z0_mono0_fix1/shell4_X-4_Y0_Z0_mono1_fix1//test20tig_AVTZ// DONE 15.45755689072989 1	-0.00033380 0.00000555 0.00000718 0.00000114 -0.00034212 -0.00034140 -0.00034182
shell0_X0_Y0_Z0_mono0_fix1/shell2_X-2_Y-1_Z-2_mono0_fix1//test20tig_AVTZ// DONE 15.499116197543099 2	-0.00039774 0.00000575 0.00000635 0.00000002 -0.00040411 -0.00040452 -0.00040428
shell0_X0_Y0_Z0_mono0_fix1/shell2_X2_Y-1_Z2_mono0_fix1//test20tig_AVTZ// DONE 15.530997365349856 2	-0.00033959 -0.00000328 -0.00000167 -0.00000063 -0.00033729 -0.00033507 -0.00033635
shell0_X0_Y0_Z0_mono0_fix1/shell2_X2_Y-1_Z-2_mono0_fix1//test20tig_AVTZ// DONE 15.608021672402947 2	-0.00037137 -0.00001864 -0.00002365 0.00000669 -0.00035441 -0.00035154 -0.00035320
shell0_X0_Y0_Z0_mono0_fix1/shell2_X-2_Y-1_Z2_mono0_fix1//test20tig_AVTZ// DONE 15.627619920346953 2	-0.00030660 0.00001699 0.00001744 -0.00000257 -0.00032147 -0.00032462 -0.00032280
shell0_X0_Y0_Z0_mono0_fix1/shell2_X1_Y-2_Z0_mono1_fix1//test20tig_AVTZ// DONE 15.764698810610955 1	-0.00033619 0.00000263 0.00000056 0.00000646 -0.00034322 -0.00034070 -0.00034215
shell0_X0_Y0_Z0_mono0_fix1/shell3_X1_Y3_Z0_mono1_fix1//test20tig_AVTZ// DONE 15.764699032714663 1	-0.00033581 0.00000263 0.00000512 0.00000069 -0.00034162 -0.00033335 -0.00033813
shell0_X0_Y0_Z0_mono0_fix1/shell2_X-2_Y-2_Z-1_mono1_fix1//test20tig_AVTZ// DONE 15.764702286787522 1	-0.00033934 0.00000262 0.00000155 0.00000502 -0.00034590 -0.00033428 -0.00034100
shell0_X0_Y0_Z0_mono0_fix1/shell3_X-2_Y3_Z-1_mono1_fix1//test20tig_AVTZ// DONE 15.764702327232705 1	-0.00033621 0.00000262 0.00000320 0.00000299 -0.00034240 -0.00033639 -0.00033987
shell0_X0_Y0_Z0_mono0_fix1/shell2_X1_Y-2_Z-1_mono1_fix1//test20tig_AVTZ// DONE 15.783668587801683 1	-0.00031742 0.00001852 0.00001993 0.00000193 -0.00033928 -0.00033404 -0.00033707
shell0_X0_Y0_Z0_mono0_fix1/shell3_X1_Y3_Z-1_mono1_fix1//test20tig_AVTZ// DONE 15.783668770249594 1	-0.00031562 0.00001852 0.00002001 0.00000165 -0.00033729 -0.00033501 -0.00033633
shell0_X0_Y0_Z0_mono0_fix1/shell2_X-2_Y-2_Z0_mono1_fix1//test20tig_AVTZ// DONE 15.78367106649176 1	-0.00031740 0.00001853 0.00001854 0.00000281 -0.00033875 -0.00033364 -0.00033659
shell0_X0_Y0_Z0_mono0_fix1/shell3_X-2_Y3_Z0_mono1_fix1//test20tig_AVTZ// DONE 15.78367113987865 1	-0.00031871 0.00001853 0.00001889 0.00000280 -0.00034040 -0.00033349 -0.00033748
shell0_X0_Y0_Z0_mono0_fix1/shell2_X2_Y-1_Z1_mono1_fix1//test20tig_AVTZ// DONE 16.150133430376687 1	-0.00029053 -0.00000974 -0.00000744 -0.00000081 -0.00028227 -0.00027773 -0.00028036
shell0_X0_Y0_Z0_mono0_fix1/shell2_X2_Y2_Z1_mono1_fix1//test20tig_AVTZ// DONE 16.150133606815434 1	-0.00029162 -0.00000974 -0.00000911 -0.00000062 -0.00028188 -0.00027732 -0.00027996
shell0_X0_Y0_Z0_mono0_fix1/shell3_X-3_Y2_Z-2_mono1_fix1//test20tig_AVTZ// DONE 16.150139630207228 1	-0.00029152 -0.00000974 -0.00000851 0.00000124 -0.00028426 -0.00027766 -0.00028148
shell0_X0_Y0_Z0_mono0_fix1/shell3_X-3_Y-1_Z-2_mono1_fix1//test20tig_AVTZ// DONE 16.15013964778405 1	-0.00029219 -0.00000974 -0.00000971 -0.00000033 -0.00028215 -0.00027708 -0.00028001
shell0_X0_Y0_Z0_mono0_fix1/shell2_X1_Y0_Z2_mono1_fix1//test20tig_AVTZ// DONE 16.206239839030296 1	-0.00026768 0.00002138 0.00003273 -0.00000555 -0.00029486 -0.00028914 -0.00029245
shell0_X0_Y0_Z0_mono0_fix1/shell2_X1_Y1_Z2_mono1_fix1//test20tig_AVTZ// DONE 16.206239895463657 1	-0.00026679 0.00002138 0.00003878 -0.00000419 -0.00030138 -0.00028867 -0.00029602
shell0_X0_Y0_Z0_mono0_fix1/shell3_X-2_Y1_Z-3_mono1_fix1//test20tig_AVTZ// DONE 16.206245010530747 1	-0.00026679 0.00002138 0.00002585 -0.00000288 -0.00028975 -0.00028916 -0.00028950
shell0_X0_Y0_Z0_mono0_fix1/shell3_X-2_Y0_Z-3_mono1_fix1//test20tig_AVTZ// DONE 16.20624501348335 1	-0.00026846 0.00002139 0.00002484 0.00000178 -0.00029508 -0.00028868 -0.00029238
shell0_X0_Y0_Z0_mono0_fix1/shell2_X2_Y-1_Z-2_mono1_fix1//test20tig_AVTZ// DONE 16.241962269556 1	-0.00026572 -0.00000456 -0.00000525 0.00000334 -0.00026380 -0.00025481 -0.00026001
shell0_X0_Y0_Z0_mono0_fix1/shell2_X2_Y2_Z-2_mono1_fix1//test20tig_AVTZ// DONE 16.24196237734702 1	-0.00026615 -0.00000455 -0.00000517 0.00000389 -0.00026488 -0.00025468 -0.00026057
shell0_X0_Y0_Z0_mono0_fix1/shell3_X-3_Y-1_Z1_mono1_fix1//test20tig_AVTZ// DONE 16.241965591081094 1	-0.00026965 -0.00000455 -0.00001490 0.00001708 -0.00027183 -0.00025514 -0.00026479
shell0_X0_Y0_Z0_mono0_fix1/shell3_X-3_Y2_Z1_mono1_fix1//test20tig_AVTZ// DONE 16.241965624976793 1	-0.00026434 -0.00000455 -0.00000587 0.00001049 -0.00026897 -0.00025531 -0.00026320
shell0_X0_Y0_Z0_mono0_fix1/shell2_X0_Y-2_Z-2_mono0_fix1//test20tig_AVTZ// DONE 16.272668838649775 2	-0.00027571 0.00003751 0.00004186 -0.00000420 -0.00031337 -0.00030746 -0.00031088
shell0_X0_Y0_Z0_mono0_fix1/shell3_X1_Y0_Z-3_mono1_fix1//test20tig_AVTZ// DONE 16.297644211550733 1	-0.00025493 0.00000549 0.00001569 -0.00001399 -0.00025662 -0.00026675 -0.00026090
shell0_X0_Y0_Z0_mono0_fix1/shell3_X1_Y1_Z-3_mono1_fix1//test20tig_AVTZ// DONE 16.297644232599556 1	-0.00026489 0.00000549 0.00000269 0.00000476 -0.00027235 -0.00026605 -0.00026969
shell0_X0_Y0_Z0_mono0_fix1/shell2_X-2_Y0_Z2_mono1_fix1//test20tig_AVTZ// DONE 16.29764469256438 1	-0.00026819 0.00000548 0.00000221 0.00000588 -0.00027629 -0.00026605 -0.00027197
shell0_X0_Y0_Z0_mono0_fix1/shell2_X-2_Y1_Z2_mono1_fix1//test20tig_AVTZ// DONE 16.297644719519482 1	-0.00026713 0.00000548 0.00000133 0.00000674 -0.00027520 -0.00026675 -0.00027164
shell0_X0_Y0_Z0_mono0_fix1/shell2_X0_Y2_Z-2_mono0_fix1//test20tig_AVTZ// DONE 16.317395667215045 2	-0.00023605 0.00001385 0.00001087 0.00000626 -0.00025318 -0.00024283 -0.00024882
shell0_X0_Y0_Z0_mono0_fix1/shell2_X0_Y-2_Z1_mono1_fix1//test20tig_AVTZ// DONE 16.76461977550994 1	-0.00024042 -0.00001232 -0.00001297 0.00000093 -0.00022838 -0.00022233 -0.00022583
shell0_X0_Y0_Z0_mono0_fix1/shell3_X0_Y3_Z1_mono1_fix1//test20tig_AVTZ// DONE 16.764619964701854 1	-0.00024072 -0.00001232 -0.00001337 0.00000095 -0.00022829 -0.00022221 -0.00022573
shell0_X0_Y0_Z0_mono0_fix1/shell2_X-1_Y-2_Z-2_mono1_fix1//test20tig_AVTZ// DONE 16.764622099902773 1	-0.00024066 -0.00001233 -0.00001318 0.00000054 -0.00022803 -0.00022184 -0.00022541
shell0_X0_Y0_Z0_mono0_fix1/shell3_X-1_Y3_Z-2_mono1_fix1//test20tig_AVTZ// DONE 16.764622158707294 1	-0.00024093 -0.00001233 -0.00001400 0.00000119 -0.00022812 -0.00022195 -0.00022552
shell0_X0_Y0_Z0_mono0_fix1/shell2_X-1_Y-2_Z1_mono1_fix1//test20tig_AVTZ// DONE 16.782220319452865 2	-0.00023072 -0.00000491 -0.00000335 -0.00000017 -0.00022721 -0.00022127 -0.00022471
shell0_X0_Y0_Z0_mono0_fix1/shell3_X-1_Y3_Z1_mono1_fix1//test20tig_AVTZ// DONE 16.782220465778195 2	-0.00023140 -0.00000491 -0.00000490 0.00000029 -0.00022679 -0.00022143 -0.00022453
shell0_X0_Y0_Z0_mono0_fix1/shell2_X-1_Y-2_Z-2_mono0_fix1//test20tig_AVTZ// DONE 16.789270797584614 2	-0.00022013 0.00003993 0.00004316 -0.00000327 -0.00026003 -0.00026014 -0.00026008
shell0_X0_Y0_Z0_mono0_fix1/shell2_X-1_Y2_Z-2_mono0_fix1//test20tig_AVTZ// DONE 16.83461809357462 2	-0.00019433 0.00001045 0.00000999 0.00000173 -0.00020604 -0.00019996 -0.00020348
shell0_X0_Y0_Z0_mono0_fix1/shell2_X-1_Y2_Z2_mono0_fix1//test20tig_AVTZ// DONE 16.84080761002032 2	-0.00023186 0.00000814 0.00000991 -0.00000351 -0.00023826 -0.00023622 -0.00023740
shell0_X0_Y0_Z0_mono0_fix1/shell2_X-1_Y-2_Z2_mono0_fix1//test20tig_AVTZ// DONE 16.876613074271265 2	-0.00019256 0.00001027 0.00000948 0.00000156 -0.00020359 -0.00019772 -0.00020111
shell0_X0_Y0_Z0_mono0_fix1/shell3_X0_Y-3_Z0_mono0_fix1//test20tig_AVTZ// DONE 16.93924341068324 2	-0.00023177 -0.00001602 -0.00001494 -0.00000262 -0.00021421 -0.00021241 -0.00021345
shell0_X0_Y0_Z0_mono0_fix1/shell4_X4_Y0_Z0_mono0_fix1//test20tig_AVTZ// DONE 16.994219345451373 2	-0.00018526 0.00000956 0.00000750 0.00000230 -0.00019506 -0.00019502 -0.00019505
shell0_X0_Y0_Z0_mono0_fix1/shell3_X-3_Y-2_Z0_mono0_fix1//test20tig_AVTZ// DONE 17.02165391273096 2	-0.00021333 -0.00001206 -0.00001331 -0.00000147 -0.00019855 -0.00020120 -0.00019967
shell0_X0_Y0_Z0_mono0_fix1/shell3_X-3_Y2_Z0_mono0_fix1//test20tig_AVTZ// DONE 17.03497888792243 2	-0.00019051 0.00000195 0.00000010 0.00000152 -0.00019213 -0.00018943 -0.00019099
shell0_X0_Y0_Z0_mono0_fix1/shell2_X0_Y-1_Z2_mono1_fix1//test20tig_AVTZ// DONE 17.06051195125132 1	-0.00020913 -0.00000673 -0.00000555 -0.00000155 -0.00020203 -0.00020336 -0.00020259
shell0_X0_Y0_Z0_mono0_fix1/shell2_X0_Y2_Z2_mono1_fix1//test20tig_AVTZ// DONE 17.060512078793447 1	-0.00020901 -0.00000673 -0.00000549 -0.00000164 -0.00020188 -0.00020337 -0.00020251
shell0_X0_Y0_Z0_mono0_fix1/shell3_X-1_Y-1_Z-3_mono1_fix1//test20tig_AVTZ// DONE 17.060515106413515 1	-0.00020912 -0.00000673 -0.00000557 -0.00000156 -0.00020199 -0.00020338 -0.00020258
shell0_X0_Y0_Z0_mono0_fix1/shell3_X-1_Y2_Z-3_mono1_fix1//test20tig_AVTZ// DONE 17.060515126337876 1	-0.00020943 -0.00000673 -0.00000750 0.00000015 -0.00020208 -0.00020336 -0.00020262
shell0_X0_Y0_Z0_mono0_fix1/shell2_X-1_Y-1_Z2_mono1_fix1//test20tig_AVTZ// DONE 17.08921749766778 1	-0.00020583 -0.00000943 -0.00000813 -0.00000236 -0.00019533 -0.00019966 -0.00019716
shell0_X0_Y0_Z0_mono0_fix1/shell2_X-1_Y2_Z2_mono1_fix1//test20tig_AVTZ// DONE 17.089217599965245 1	-0.00020839 -0.00000943 -0.00001238 0.00000289 -0.00019890 -0.00019948 -0.00019915
shell0_X0_Y0_Z0_mono0_fix1/shell3_X0_Y-1_Z-3_mono1_fix1//test20tig_AVTZ// DONE 17.089218842377424 1	-0.00020722 -0.00000943 -0.00001061 0.00000002 -0.00019663 -0.00019949 -0.00019784
shell0_X0_Y0_Z0_mono0_fix1/shell3_X0_Y2_Z-3_mono1_fix1//test20tig_AVTZ// DONE 17.08921888320004 1	-0.00020727 -0.00000943 -0.00001106 0.00000094 -0.00019716 -0.00019966 -0.00019821
shell0_X0_Y0_Z0_mono0_fix1/shell3_X3_Y0_Z2_mono0_fix1//test20tig_AVTZ// DONE 17.257103367899294 2	-0.00019726 -0.00001149 -0.00001433 0.00000309 -0.00018602 -0.00018423 -0.00018527
shell0_X0_Y0_Z0_mono0_fix1/shell3_X3_Y-1_Z0_mono1_fix1//test20tig_AVTZ// DONE 17.33926284341941 1	-0.00017798 -0.00000200 -0.00000153 -0.00000071 -0.00017575 -0.00017265 -0.00017444
shell0_X0_Y0_Z0_mono0_fix1/shell3_X3_Y2_Z0_mono1_fix1//test20tig_AVTZ// DONE 17.339262997900725 1	-0.00017655 -0.00000200 -0.00000061 -0.00000132 -0.00017461 -0.00017386 -0.00017429
shell0_X0_Y0_Z0_mono0_fix1/shell4_X-4_Y2_Z-1_mono1_fix1//test20tig_AVTZ// DONE 17.339269492472006 1	-0.00017843 -0.00000200 -0.00000149 0.00000099 -0.00017793 -0.00017233 -0.00017556
shell0_X0_Y0_Z0_mono0_fix1/shell4_X-4_Y-1_Z-1_mono1_fix1//test20tig_AVTZ// DONE 17.339269505706906 1	-0.00017711 -0.00000200 -0.00000144 -0.00000072 -0.00017496 -0.00017366 -0.00017441
shell0_X0_Y0_Z0_mono0_fix1/shell3_X3_Y-1_Z-1_mono1_fix1//test20tig_AVTZ// DONE 17.378688035956433 1	-0.00016920 -0.00000001 0.00000189 -0.00000309 -0.00016800 -0.00016674 -0.00016746
shell0_X0_Y0_Z0_mono0_fix1/shell3_X3_Y2_Z-1_mono1_fix1//test20tig_AVTZ// DONE 17.378688171148152 1	-0.00017059 -0.00000001 -0.00000245 0.00000004 -0.00016818 -0.00016748 -0.00016788
shell0_X0_Y0_Z0_mono0_fix1/shell4_X-4_Y-1_Z0_mono1_fix1//test20tig_AVTZ// DONE 17.37869379066298 1	-0.00017201 -0.00000001 -0.00000295 0.00000186 -0.00017092 -0.00016741 -0.00016944
shell0_X0_Y0_Z0_mono0_fix1/shell4_X-4_Y2_Z0_mono1_fix1//test20tig_AVTZ// DONE 17.37869379097992 1	-0.00016917 -0.00000001 0.00000225 -0.00000265 -0.00016877 -0.00016662 -0.00016786
shell0_X0_Y0_Z0_mono0_fix1/shell3_X-3_Y0_Z2_mono0_fix1//test20tig_AVTZ// DONE 17.392462182912364 2	-0.00016223 0.00000250 0.00000578 -0.00000262 -0.00016539 -0.00016835 -0.00016664
shell0_X0_Y0_Z0_mono0_fix1/shell3_X3_Y0_Z1_mono1_fix1//test20tig_AVTZ// DONE 17.446391866860722 1	-0.00017330 -0.00000044 -0.00000047 0.00000031 -0.00017315 -0.00017323 -0.00017318
shell0_X0_Y0_Z0_mono0_fix1/shell3_X3_Y1_Z1_mono1_fix1//test20tig_AVTZ// DONE 17.44639192378318 1	-0.00017330 -0.00000044 -0.00000091 0.00000012 -0.00017251 -0.00017339 -0.00017288
shell0_X0_Y0_Z0_mono0_fix1/shell4_X-4_Y1_Z-2_mono1_fix1//test20tig_AVTZ// DONE 17.446399296696793 1	-0.00017306 -0.00000044 -0.00000021 0.00000017 -0.00017303 -0.00017322 -0.00017311
shell0_X0_Y0_Z0_mono0_fix1/shell4_X-4_Y0_Z-2_mono1_fix1//test20tig_AVTZ// DONE 17.446399305012605 1	-0.00017261 -0.00000044 0.00000097 -0.00000019 -0.00017339 -0.00017338 -0.00017339
shell0_X0_Y0_Z0_mono0_fix1/shell3_X-1_Y-3_Z0_mono0_fix1//test20tig_AVTZ// DONE 17.456545560169726 2	-0.00018623 -0.00001052 -0.00001154 -0.00000005 -0.00017463 -0.00018080 -0.00017723
shell0_X0_Y0_Z0_mono0_fix1/shell3_X-1_Y3_Z0_mono0_fix1//test20tig_AVTZ// DONE 17.462647450341052 2	-0.00019232 -0.00001237 -0.00002102 0.00000834 -0.00017963 -0.00017500 -0.00017768
shell0_X0_Y0_Z0_mono0_fix1/shell3_X3_Y0_Z-2_mono1_fix1//test20tig_AVTZ// DONE 17.56348282858409 1	-0.00015418 0.00000146 0.00000329 -0.00000109 -0.00015637 -0.00015431 -0.00015550
shell0_X0_Y0_Z0_mono0_fix1/shell3_X3_Y1_Z-2_mono1_fix1//test20tig_AVTZ// DONE 17.563482866841003 1	-0.00015441 0.00000146 0.00000248 -0.00000022 -0.00015666 -0.00015417 -0.00015561
shell0_X0_Y0_Z0_mono0_fix1/shell4_X-4_Y0_Z1_mono1_fix1//test20tig_AVTZ// DONE 17.563487601287264 1	-0.00015419 0.00000146 0.00000396 -0.00000155 -0.00015660 -0.00015424 -0.00015560
shell0_X0_Y0_Z0_mono0_fix1/shell4_X-4_Y1_Z1_mono1_fix1//test20tig_AVTZ// DONE 17.563487606204475 1	-0.00015520 0.00000146 0.00000131 0.00000109 -0.00015760 -0.00015430 -0.00015621
shell0_X0_Y0_Z0_mono0_fix1/shell3_X0_Y0_Z-3_mono0_fix1//test20tig_AVTZ// DONE 17.603852993338965 2	-0.00017842 -0.00001268 -0.00001309 0.00000171 -0.00016704 -0.00016998 -0.00016828
shell0_X0_Y0_Z0_mono0_fix1/shell2_X1_Y-2_Z1_mono1_fix1//test20tig_AVTZ// DONE 17.783823841186564 1	-0.00017029 -0.00001159 -0.00001412 0.00000198 -0.00015814 -0.00015246 -0.00015574
shell0_X0_Y0_Z0_mono0_fix1/shell3_X1_Y3_Z1_mono1_fix1//test20tig_AVTZ// DONE 17.78382404716563 1	-0.00016961 -0.00001159 -0.00001345 0.00000205 -0.00015820 -0.00015247 -0.00015578
shell0_X0_Y0_Z0_mono0_fix1/shell2_X-2_Y-2_Z-2_mono1_fix1//test20tig_AVTZ// DONE 17.783827775701763 1	-0.00016829 -0.00001160 -0.00001270 0.00000189 -0.00015748 -0.00015419 -0.00015609
shell0_X0_Y0_Z0_mono0_fix1/shell3_X-2_Y3_Z-2_mono1_fix1//test20tig_AVTZ// DONE 17.783827805299214 1	-0.00016886 -0.00001159 -0.00001381 0.00000167 -0.00015673 -0.00015418 -0.00015565
shell0_X0_Y0_Z0_mono0_fix1/shell2_X1_Y-2_Z-2_mono1_fix1//test20tig_AVTZ// DONE 17.83298688179819 1	-0.00015308 -0.00000080 -0.00000212 0.00000027 -0.00015123 -0.00015090 -0.00015109
shell0_X0_Y0_Z0_mono0_fix1/shell3_X1_Y3_Z-2_mono1_fix1//test20tig_AVTZ// DONE 17.832987007016058 1	-0.00015683 -0.00000079 -0.00000576 0.00000601 -0.00015707 -0.00015044 -0.00015427
shell0_X0_Y0_Z0_mono0_fix1/shell2_X-2_Y-2_Z1_mono1_fix1//test20tig_AVTZ// DONE 17.832988189189777 1	-0.00015774 -0.00000079 -0.00000724 0.00000616 -0.00015667 -0.00015040 -0.00015402
shell0_X0_Y0_Z0_mono0_fix1/shell3_X-2_Y3_Z1_mono1_fix1//test20tig_AVTZ// DONE 17.832988288656303 1	-0.00015251 -0.00000080 0.00000486 0.00000079 -0.00015817 -0.00015087 -0.00015509
shell0_X0_Y0_Z0_mono0_fix1/shell2_X2_Y-2_Z0_mono1_fix1//test20tig_AVTZ// DONE 17.885854597568418 1	-0.00015206 -0.00000157 -0.00000386 0.00000087 -0.00014907 -0.00014926 -0.00014915
shell0_X0_Y0_Z0_mono0_fix1/shell3_X2_Y3_Z0_mono1_fix1//test20tig_AVTZ// DONE 17.88585480746513 1	-0.00014910 -0.00000157 -0.00000063 -0.00000358 -0.00014489 -0.00014914 -0.00014668
shell0_X0_Y0_Z0_mono0_fix1/shell3_X-3_Y-2_Z-1_mono1_fix1//test20tig_AVTZ// DONE 17.88585937690809 1	-0.00015185 -0.00000158 -0.00000253 -0.00000106 -0.00014826 -0.00014917 -0.00014864
shell0_X0_Y0_Z0_mono0_fix1/shell3_X-3_Y3_Z-1_mono1_fix1//test20tig_AVTZ// DONE 17.885859396811306 1	-0.00015001 -0.00000158 -0.00000230 -0.00000181 -0.00014590 -0.00014928 -0.00014733
shell0_X0_Y0_Z0_mono0_fix1/shell4_X-4_Y-1_Z0_mono0_fix1//test20tig_AVTZ// DONE 17.894579573864785 2	-0.00014611 -0.00000129 -0.00000219 -0.00000001 -0.00014392 -0.00014233 -0.00014325
shell0_X0_Y0_Z0_mono0_fix1/shell4_X-4_Y1_Z0_mono0_fix1//test20tig_AVTZ// DONE 17.90228966739989 2	-0.00013174 0.00000751 0.00001277 -0.00000418 -0.00014034 -0.00013535 -0.00013823
shell0_X0_Y0_Z0_mono0_fix1/shell3_X0_Y-3_Z-1_mono0_fix1//test20tig_AVTZ// DONE 17.90683450294329 2	-0.00017000 -0.00000023 -0.00000672 0.00000709 -0.00017036 -0.00016036 -0.00016614
shell0_X0_Y0_Z0_mono0_fix1/shell2_X2_Y-2_Z-1_mono1_fix1//test20tig_AVTZ// DONE 17.913006647752553 1	-0.00015394 0.00000422 -0.00000806 0.00001214 -0.00015803 -0.00014512 -0.00015258
shell0_X0_Y0_Z0_mono0_fix1/shell3_X2_Y3_Z-1_mono1_fix1//test20tig_AVTZ// DONE 17.913006829790067 1	-0.00015146 0.00000422 -0.00002096 0.00003142 -0.00016193 -0.00014939 -0.00015664
shell0_X0_Y0_Z0_mono0_fix1/shell3_X-3_Y-2_Z0_mono1_fix1//test20tig_AVTZ// DONE 17.91301054925451 1	-0.00014208 0.00000421 0.00000134 0.00000456 -0.00014798 -0.00015010 -0.00014887
shell0_X0_Y0_Z0_mono0_fix1/shell3_X-3_Y3_Z0_mono1_fix1//test20tig_AVTZ// DONE 17.91301059107973 1	-0.00015479 0.00000422 -0.00000894 0.00001388 -0.00015972 -0.00014511 -0.00015356
shell0_X0_Y0_Z0_mono0_fix1/shell4_X-4_Y0_Z-1_mono0_fix1//test20tig_AVTZ// DONE 17.926124391015094 2	-0.00014195 -0.00000107 -0.00000158 0.00000172 -0.00014209 -0.00014315 -0.00014254
shell0_X0_Y0_Z0_mono0_fix1/shell3_X0_Y3_Z-1_mono0_fix1//test20tig_AVTZ// DONE 17.932047795096327 2	-0.00015319 -0.00000325 -0.00001241 0.00000914 -0.00014991 -0.00013975 -0.00014562
shell0_X0_Y0_Z0_mono0_fix1/shell3_X-3_Y-2_Z-1_mono0_fix1//test20tig_AVTZ// DONE 17.956093291416007 2	-0.00016216 -0.00000776 -0.00000883 -0.00000042 -0.00015291 -0.00015505 -0.00015381
shell0_X0_Y0_Z0_mono0_fix1/shell3_X-3_Y2_Z-1_mono0_fix1//test20tig_AVTZ// DONE 17.984128008341266 2	-0.00012895 0.00000797 0.00000882 -0.00000092 -0.00013685 -0.00013409 -0.00013568
shell0_X0_Y0_Z0_mono0_fix1/shell4_X-4_Y0_Z1_mono0_fix1//test20tig_AVTZ// DONE 18.01255644153694 2	-0.00012782 0.00000736 0.00001084 0.00000004 -0.00013870 -0.00013036 -0.00013518
shell0_X0_Y0_Z0_mono0_fix1/shell3_X3_Y-2_Z-1_mono0_fix1//test20tig_AVTZ// DONE 18.032236765553595 2	-0.00014353 -0.00000679 -0.00001040 0.00000768 -0.00014081 -0.00013661 -0.00013904
shell0_X0_Y0_Z0_mono0_fix1/shell3_X-3_Y-2_Z1_mono0_fix1//test20tig_AVTZ// DONE 18.03750656078242 2	-0.00013680 -0.00000189 -0.00000372 0.00000277 -0.00013586 -0.00013399 -0.00013507
shell0_X0_Y0_Z0_mono0_fix1/shell2_X1_Y-1_Z2_mono1_fix1//test20tig_AVTZ// DONE 18.052251555202233 1	-0.00014513 -0.00000243 -0.00000459 0.00000023 -0.00014078 -0.00014325 -0.00014182
shell0_X0_Y0_Z0_mono0_fix1/shell2_X1_Y2_Z2_mono1_fix1//test20tig_AVTZ// DONE 18.0522516905312 1	-0.00014692 -0.00000243 -0.00000213 -0.00000060 -0.00014419 -0.00014070 -0.00014272
shell0_X0_Y0_Z0_mono0_fix1/shell3_X-2_Y-1_Z-3_mono1_fix1//test20tig_AVTZ// DONE 18.052256241096654 1	-0.00014704 -0.00000243 -0.00000544 0.00000152 -0.00014311 -0.00014246 -0.00014283
shell0_X0_Y0_Z0_mono0_fix1/shell3_X-2_Y2_Z-3_mono1_fix1//test20tig_AVTZ// DONE 18.052256247072375 1	-0.00014512 -0.00000243 -0.00000250 -0.00000046 -0.00014216 -0.00014326 -0.00014262
shell0_X0_Y0_Z0_mono0_fix1/shell3_X-1_Y0_Z-3_mono0_fix1//test20tig_AVTZ// DONE 18.072816097284473 2	-0.00015402 -0.00000955 -0.00000969 -0.00000151 -0.00014282 -0.00013912 -0.00014126
shell0_X0_Y0_Z0_mono0_fix1/shell3_X1_Y-1_Z-3_mono1_fix1//test20tig_AVTZ// DONE 18.13265886124098 1	-0.00014445 -0.00000612 -0.00000849 -0.00000011 -0.00013585 -0.00013421 -0.00013516
shell0_X0_Y0_Z0_mono0_fix1/shell3_X1_Y2_Z-3_mono1_fix1//test20tig_AVTZ// DONE 18.13265892031806 1	-0.00014136 -0.00000612 -0.00000636 -0.00000033 -0.00013467 -0.00013421 -0.00013447
shell0_X0_Y0_Z0_mono0_fix1/shell2_X-2_Y-1_Z2_mono1_fix1//test20tig_AVTZ// DONE 18.132659290800937 1	-0.00014426 -0.00000612 -0.00000987 0.00000701 -0.00014140 -0.00013426 -0.00013839
shell0_X0_Y0_Z0_mono0_fix1/shell2_X-2_Y2_Z2_mono1_fix1//test20tig_AVTZ// DONE 18.132659363181688 1	-0.00014609 -0.00000612 -0.00001128 0.00000415 -0.00013896 -0.00013426 -0.00013697
shell0_X0_Y0_Z0_mono0_fix1/shell3_X1_Y0_Z-3_mono0_fix1//test20tig_AVTZ// DONE 18.137042079712298 2	-0.00014435 -0.00000942 -0.00001129 0.00000263 -0.00013569 -0.00013809 -0.00013670
shell0_X0_Y0_Z0_mono0_fix1/shell3_X-3_Y-1_Z-2_mono0_fix1//test20tig_AVTZ// DONE 18.138746987255445 2	-0.00015380 -0.00000794 -0.00001217 0.00000294 -0.00014457 -0.00014535 -0.00014490
shell0_X0_Y0_Z0_mono0_fix1/shell3_X-3_Y1_Z-2_mono0_fix1//test20tig_AVTZ// DONE 18.160493652395644 2	-0.00013101 -0.00000160 0.00000110 0.00000124 -0.00013334 -0.00012857 -0.00013133
shell0_X0_Y0_Z0_mono0_fix1/shell2_X2_Y0_Z2_mono1_fix1//test20tig_AVTZ// DONE 18.255420261330492 1	-0.00012896 0.00000763 0.00000991 -0.00000152 -0.00013735 -0.00013498 -0.00013635
shell0_X0_Y0_Z0_mono0_fix1/shell2_X2_Y1_Z2_mono1_fix1//test20tig_AVTZ// DONE 18.255420311875344 1	-0.00013015 0.00000763 0.00000662 0.00000004 -0.00013682 -0.00013502 -0.00013606
shell0_X0_Y0_Z0_mono0_fix1/shell3_X-3_Y1_Z-3_mono1_fix1//test20tig_AVTZ// DONE 18.255426523607348 1	-0.00012894 0.00000763 0.00001121 0.00000024 -0.00014039 -0.00013498 -0.00013811
shell0_X0_Y0_Z0_mono0_fix1/shell3_X-3_Y0_Z-3_mono1_fix1//test20tig_AVTZ// DONE 18.25542652699564 1	-0.00013012 0.00000763 0.00000777 -0.00000083 -0.00013707 -0.00013504 -0.00013621
shell0_X0_Y0_Z0_mono0_fix1/shell3_X3_Y-1_Z-2_mono0_fix1//test20tig_AVTZ// DONE 18.27203362680824 2	-0.00013158 -0.00000618 -0.00000641 -0.00000113 -0.00012405 -0.00012424 -0.00012413
shell0_X0_Y0_Z0_mono0_fix1/shell3_X3_Y1_Z-2_mono0_fix1//test20tig_AVTZ// DONE 18.282451952606156 2	-0.00012225 0.00000721 0.00000092 0.00000477 -0.00012793 -0.00011893 -0.00012413
shell0_X0_Y0_Z0_mono0_fix1/shell2_X2_Y2_Z2_mono0_fix1//test20tig_AVTZ// DONE 18.298855193465208 2	-0.00013611 0.00001486 0.00001528 -0.00000114 -0.00015024 -0.00014546 -0.00014822
shell0_X0_Y0_Z0_mono0_fix1/shell2_X2_Y-2_Z2_mono0_fix1//test20tig_AVTZ// DONE 18.33748972206679 2	-0.00011924 0.00000560 0.00000427 0.00000147 -0.00012497 -0.00012006 -0.00012290
shell0_X0_Y0_Z0_mono0_fix1/shell3_X-1_Y-3_Z-1_mono0_fix1//test20tig_AVTZ// DONE 18.387208879056125 2	-0.00013491 0.00000557 0.00000269 0.00000128 -0.00013888 -0.00013866 -0.00013879
shell0_X0_Y0_Z0_mono0_fix1/shell3_X2_Y0_Z-3_mono1_fix1//test20tig_AVTZ// DONE 18.387471379702575 1	-0.00011877 0.00000155 0.00000561 -0.00000432 -0.00012006 -0.00012272 -0.00012118
shell0_X0_Y0_Z0_mono0_fix1/shell3_X2_Y1_Z-3_mono1_fix1//test20tig_AVTZ// DONE 18.387471404713555 1	-0.00012413 0.00000155 -0.00000318 0.00000746 -0.00012841 -0.00012261 -0.00012597
shell0_X0_Y0_Z0_mono0_fix1/shell3_X-3_Y0_Z2_mono1_fix1//test20tig_AVTZ// DONE 18.38747345970597 1	-0.00013659 0.00000154 -0.00003725 0.00004493 -0.00014426 -0.00012261 -0.00013513
shell0_X0_Y0_Z0_mono0_fix1/shell3_X-3_Y1_Z2_mono1_fix1//test20tig_AVTZ// DONE 18.38747347673232 1	-0.00011878 0.00000154 0.00000559 -0.00000432 -0.00012006 -0.00012271 -0.00012118
shell0_X0_Y0_Z0_mono0_fix1/shell2_X-2_Y2_Z2_mono0_fix1//test20tig_AVTZ// DONE 18.39052560604513 2	-0.00013638 -0.00000515 -0.00000655 0.00000028 -0.00013011 -0.00012825 -0.00012933
shell0_X0_Y0_Z0_mono0_fix1/shell3_X-1_Y3_Z1_mono0_fix1//test20tig_AVTZ// DONE 18.413518757321036 2	-0.00014130 -0.00000697 -0.00000876 0.00000069 -0.00013322 -0.00013040 -0.00013203
shell0_X0_Y0_Z0_mono0_fix1/shell2_X-2_Y-2_Z2_mono0_fix1//test20tig_AVTZ// DONE 18.41452014895402 2	-0.00011833 0.00000539 0.00000467 0.00000043 -0.00012343 -0.00011331 -0.00011916
shell0_X0_Y0_Z0_mono0_fix1/shell3_X-1_Y3_Z-1_mono0_fix1//test20tig_AVTZ// DONE 18.415723224721724 2	-0.00011991 0.00000045 0.00000178 -0.00000135 -0.00012034 -0.00011990 -0.00012016
shell0_X0_Y0_Z0_mono0_fix1/shell3_X-1_Y-3_Z1_mono0_fix1//test20tig_AVTZ// DONE 18.43150862086905 2	-0.00012564 -0.00000504 -0.00000469 0.00000056 -0.00012152 -0.00011811 -0.00012008
shell0_X0_Y0_Z0_mono0_fix1/shell3_X0_Y-1_Z-3_mono0_fix1//test20tig_AVTZ// DONE 18.468469111637024 2	-0.00013325 -0.00000319 0.00000010 -0.00000476 -0.00012859 -0.00013116 -0.00012967
shell0_X0_Y0_Z0_mono0_fix1/shell3_X0_Y-1_Z3_mono0_fix1//test20tig_AVTZ// DONE 18.491465852031354 2	-0.00012522 -0.00000245 -0.00001067 0.00000765 -0.00012219 -0.00011784 -0.00012036
shell0_X0_Y0_Z0_mono0_fix1/shell4_X-4_Y-1_Z-1_mono0_fix1//test20tig_AVTZ// DONE 18.779207578285654 2	-0.00012136 -0.00000805 -0.00001142 0.00000076 -0.00011070 -0.00010658 -0.00010896
shell0_X0_Y0_Z0_mono0_fix1/shell4_X4_Y-1_Z1_mono0_fix1//test20tig_AVTZ// DONE 18.793177374456285 2	-0.00010304 0.00000483 0.00000397 0.00000215 -0.00010916 -0.00010033 -0.00010544
shell0_X0_Y0_Z0_mono0_fix1/shell4_X-4_Y1_Z1_mono0_fix1//test20tig_AVTZ// DONE 18.86772966466207 2	-0.00009802 0.00000183 -0.00000076 0.00000238 -0.00009965 -0.00010308 -0.00010110
shell0_X0_Y0_Z0_mono0_fix1/shell4_X-4_Y-1_Z1_mono0_fix1//test20tig_AVTZ// DONE 18.868358203252292 2	-0.00009568 0.00000449 0.00000468 0.00000307 -0.00010343 -0.00010286 -0.00010319
shell0_X0_Y0_Z0_mono0_fix1/shell3_X-1_Y-1_Z-3_mono0_fix1//test20tig_AVTZ// DONE 18.91586957939676 2	-0.00011538 0.00000150 -0.00000154 0.00000225 -0.00011609 -0.00011530 -0.00011576
shell0_X0_Y0_Z0_mono0_fix1/shell3_X-2_Y-3_Z0_mono0_fix1//test20tig_AVTZ// DONE 18.9295907782092 2	-0.00011747 -0.00000622 -0.00001414 0.00000888 -0.00011220 -0.00010899 -0.00011085
shell0_X0_Y0_Z0_mono0_fix1/shell3_X1_Y-1_Z3_mono0_fix1//test20tig_AVTZ// DONE 18.938904612480332 2	-0.00010688 -0.00000415 -0.00000818 0.00000358 -0.00010227 -0.00009990 -0.00010127
shell0_X0_Y0_Z0_mono0_fix1/shell3_X-2_Y3_Z0_mono0_fix1//test20tig_AVTZ// DONE 18.939206126365953 2	-0.00011097 -0.00000579 -0.00001022 0.00000191 -0.00010267 -0.00010161 -0.00010222
shell0_X0_Y0_Z0_mono0_fix1/shell3_X-1_Y1_Z3_mono0_fix1//test20tig_AVTZ// DONE 18.97847926435146 2	-0.00011919 -0.00000733 -0.00001348 0.00000527 -0.00011098 -0.00010966 -0.00011042
shell0_X0_Y0_Z0_mono0_fix1/shell3_X1_Y1_Z-3_mono0_fix1//test20tig_AVTZ// DONE 18.998060718247125 2	-0.00009820 0.00000034 -0.00000444 0.00000483 -0.00009859 -0.00010164 -0.00009987
shell0_X0_Y0_Z0_mono0_fix1/shell3_X3_Y-1_Z1_mono1_fix1//test20tig_AVTZ// DONE 19.17184453224208 1	-0.00010039 -0.00000341 -0.00000568 0.00000173 -0.00009644 -0.00009502 -0.00009584
shell0_X0_Y0_Z0_mono0_fix1/shell3_X3_Y2_Z1_mono1_fix1//test20tig_AVTZ// DONE 19.171844671865212 1	-0.00010429 -0.00000342 -0.00001494 0.00001940 -0.00010876 -0.00009495 -0.00010294
shell0_X0_Y0_Z0_mono0_fix1/shell4_X-4_Y2_Z-2_mono1_fix1//test20tig_AVTZ// DONE 19.171851339484217 1	-0.00010032 -0.00000341 -0.00000539 0.00000152 -0.00009645 -0.00009502 -0.00009585
shell0_X0_Y0_Z0_mono0_fix1/shell4_X-4_Y-1_Z-2_mono1_fix1//test20tig_AVTZ// DONE 19.171851347839794 1	-0.00010011 -0.00000342 -0.00000418 0.00000062 -0.00009655 -0.00009497 -0.00009588
shell0_X0_Y0_Z0_mono0_fix1/shell3_X3_Y-1_Z-2_mono1_fix1//test20tig_AVTZ// DONE 19.27672453538316 1	-0.00009072 -0.00000103 -0.00000153 0.00000101 -0.00009020 -0.00008853 -0.00008950
shell0_X0_Y0_Z0_mono0_fix1/shell3_X3_Y2_Z-2_mono1_fix1//test20tig_AVTZ// DONE 19.27672463361971 1	-0.00009003 -0.00000103 0.00000009 0.00000020 -0.00009032 -0.00008866 -0.00008962
shell0_X0_Y0_Z0_mono0_fix1/shell4_X-4_Y-1_Z1_mono1_fix1//test20tig_AVTZ// DONE 19.27672891411977 1	-0.00008965 -0.00000103 0.00000144 0.00000021 -0.00009129 -0.00008865 -0.00009018
shell0_X0_Y0_Z0_mono0_fix1/shell4_X-4_Y2_Z1_mono1_fix1//test20tig_AVTZ// DONE 19.276728936794196 1	-0.00009200 -0.00000103 -0.00000141 0.00000591 -0.00009650 -0.00008853 -0.00009313
shell0_X0_Y0_Z0_mono0_fix1/shell3_X-2_Y0_Z-3_mono0_fix1//test20tig_AVTZ// DONE 19.47187968444408 2	-0.00009552 -0.00000579 -0.00000409 0.00000057 -0.00009201 -0.00008846 -0.00009051
shell0_X0_Y0_Z0_mono0_fix1/shell4_X4_Y0_Z0_mono1_fix1//test20tig_AVTZ// DONE 19.500252759034677 1	-0.00008354 0.00000083 0.00000062 -0.00000076 -0.00008340 -0.00008278 -0.00008314
shell0_X0_Y0_Z0_mono0_fix1/shell4_X4_Y1_Z0_mono1_fix1//test20tig_AVTZ// DONE 19.50025280450849 1	-0.00008718 0.00000083 -0.00000094 -0.00000088 -0.00008537 -0.00007881 -0.00008260
