4.576817879131265 -1.83431962 -0.9597558 1.6102448 -0.3002808 -3.14428362 -3.11255 -3.130896
4.832536863788855 -2.65557057 -1.4051353 2.4471443 -0.42937820000000004 -4.673336669999999 -4.628317 -4.654344
4.832537267337338 -3.4768202500000003 -1.8505131 3.284041 -0.5584748 -6.20238645 -6.144079 -6.177788
4.832541657327352 -4.2980782500000005 -2.295897 4.1209169 -0.68757 -7.73142515 -7.659822999999999 -7.701218
4.832541803661923 -5.11932933 -2.7412762 4.9577965 -0.8166649 -9.26046093 -9.175571 -9.224648
4.8748181239170645 -5.81141775 -2.9997952000000003 5.6883387999999995 -0.9407714 -10.558985150000002 -10.470039 -10.521461
4.8748182455824045 -6.50350391 -3.2583139 6.4188791 -1.0648811 -11.857501910000002 -11.764503 -11.818268
4.874819824994216 -7.1955928 -3.5168366 7.149413 -1.1889904 -13.156015400000001 -13.058962 -13.115071
4.87481984938681 -7.88767746 -3.7753558 7.8799451000000005 -1.3130994 -14.45452316 -14.353416999999999 -14.411869
5.834800797021388 -8.5205174 -3.8523037999999996 8.3707309 -1.42238376 -15.46886454 -15.378756 -15.43085
6.052387884674758 -9.03836192 -3.93375878 8.5845487 -1.48352932 -16.1393813 -16.0647362 -16.1078904
7.206164883641013 -9.15311928 -3.94666652 8.5918747 -1.4860350199999999 -16.25895896 -16.188687859999998 -16.229313339999997
7.234555636358268 -9.25178098 -3.9505551 8.59477328 -1.4878391999999998 -16.35871506 -16.29239878 -16.330737879999997
7.357945972453686 -9.34865024 -3.95988448 8.59978338 -1.4896784799999998 -16.458755120000003 -16.39611486 -16.432328759999997
7.432696933113306 -9.4300068 -3.9605272 8.60262442 -1.4909537199999998 -16.541677480000004 -16.48246804 -16.516698499999997
7.687882795249492 -9.463770629999999 -3.96198493 8.60294247 -1.4913293099999998 -16.575383770000006 -16.51762035 -16.551014829999996
7.6878830067580335 -9.497534219999999 -3.9634427399999996 8.60325974 -1.4917047399999999 -16.609089200000007 -16.552773010000003 -16.585330809999995
7.687889776040406 -9.531296259999998 -3.9649003799999996 8.60357757 -1.4920807699999998 -16.642793040000008 -16.587926030000002 -16.619646019999994
7.6878898668243245 -9.565059579999998 -3.9663581599999995 8.6038946 -1.4924559899999998 -16.676498180000006 -16.623078430000003 -16.653961719999995
7.741652423640557 -9.591251679999997 -3.9672426499999993 8.60386469 -1.4926159899999998 -16.702500380000007 -16.649782810000005 -16.680260149999995
7.7416525542166985 -9.617428979999998 -3.9681270699999995 8.60385712 -1.4927953899999997 -16.728490710000006 -16.676487810000005 -16.706551979999997
7.741657332883547 -9.643607299999998 -3.9690115399999994 8.6038476 -1.4929735899999996 -16.754481310000006 -16.703191980000003 -16.732843619999997
7.7416573903537556 -9.669787399999997 -3.9698959899999995 8.60383601 -1.4931490099999996 -16.780474410000007 -16.729896220000004 -16.759136729999998
8.21547938783387 -9.723246039999998 -3.9705116699999996 8.60904611 -1.4940720099999996 -16.838220170000007 -16.788326080000004 -16.81717109
8.30173601819067 -9.753948879999998 -3.9697062099999996 8.61037717 -1.4942017299999997 -16.870124350000008 -16.820967060000005 -16.849386109999998
8.63133829007425 -9.779188599999998 -3.9693623499999995 8.611110309999999 -1.4943010499999996 -16.89599791000001 -16.847334840000006 -16.875468169999998
9.220399005428115 -9.802667139999997 -3.9688874299999997 8.61238921 -1.4944680699999995 -16.920588330000008 -16.871995940000005 -16.90008841
9.287303895161147 -9.822414459999997 -3.9688479099999996 8.61277501 -1.4945524299999995 -16.94063709000001 -16.892216980000004 -16.92020985
9.295639787140068 -9.837478219999998 -3.9688982299999997 8.61280689 -1.4945651299999996 -16.95572005000001 -16.907312860000005 -16.93529825
9.298074164631034 -9.847481299999998 -3.96923734 8.612553459999999 -1.4945808799999996 -16.96545395000001 -16.917248710000006 -16.94511735
9.298074429663076 -9.857484749999998 -3.96957652 8.612300509999999 -1.4945968899999995 -16.97518844000001 -16.927183930000005 -16.95493652
9.298076751720414 -9.867490299999998 -3.9699158 8.612046069999998 -1.4946106099999996 -16.98492584000001 -16.937119440000004 -16.9647575
9.298076765664975 -9.877487579999999 -3.97025498 8.611796509999998 -1.4946321999999996 -16.99465198000001 -16.947054920000003 -16.97457195
9.31107587266543 -9.88671917 -3.9700629 8.612167429999998 -1.4946601999999996 -17.00422649000001 -16.956721560000002 -16.984185330000003
9.311076021291033 -9.895936749999999 -3.96987076 8.612548059999998 -1.4947024499999995 -17.01378245000001 -16.96638949 -16.993788530000003
9.311076743517448 -9.90515705 -3.9696786 8.612926829999997 -1.4947424499999995 -17.023341520000013 -16.97605597 -17.003392910000002
9.311076854260124 -9.914373959999999 -3.96948649 8.613308529999998 -1.4947861699999996 -17.032896410000014 -16.985722680000002 -17.01299497
9.333735909753628 -9.929034799999998 -3.96952745 8.613351049999997 -1.4947993699999995 -17.047586570000014 -17.000421860000003 -17.02768893
9.557279214796877 -9.936913599999999 -3.96944065 8.613550089999997 -1.4948220899999995 -17.055641690000016 -17.008522700000004 -17.03576334
9.557279331757535 -9.944795079999999 -3.9693538200000003 8.613750159999997 -1.4948459999999995 -17.063699340000017 -17.016620520000004 -17.04383793
9.557283198503164 -9.952677 -3.96926704 8.613948389999997 -1.4948679799999995 -17.071757520000016 -17.024717960000004 -17.05191267
9.557283219271111 -9.960566 -3.96918016 8.614141399999998 -1.4948829299999995 -17.079824580000015 -17.032814910000003 -17.05999234
9.59444338732299 -9.96831717 -3.96926989 8.614094249999997 -1.4948874499999996 -17.087524080000016 -17.040676840000003 -17.06776036
9.594443452897366 -9.97606329 -3.9693595900000003 8.614050239999997 -1.4948978799999995 -17.095215760000016 -17.048538460000003 -17.07552374
9.594444158397373 -9.98380713 -3.9694492400000003 8.614008549999998 -1.4949110199999995 -17.102904770000016 -17.05639976 -17.08328543
9.59444417465115 -9.991551920000001 -3.9695389400000005 8.613966759999999 -1.4949234999999996 -17.110595290000017 -17.064261010000003 -17.09104798
10.281259045415673 -10.0010183 -3.9698516200000005 8.613616959999998 -1.4949126999999995 -17.119722670000016 -17.073443250000004 -17.100198499999998
10.301594281051557 -10.00887676 -3.9697601200000006 8.613737719999998 -1.4949164799999994 -17.127698130000017 -17.081410310000003 -17.108170419999997
10.370397658874873 -10.01782098 -3.9700452600000005 8.613418939999997 -1.4949087199999995 -17.136331330000015 -17.09008387 -17.116820639999997
10.458272455392859 -10.0249478 -3.9699275800000007 8.613561299999997 -1.4949079399999996 -17.143601290000014 -17.09735965 -17.124093039999998
11.052017778653015 -10.02791055 -3.969973440000001 8.613506109999998 -1.4949057099999996 -17.146511080000014 -17.10026887 -17.127002589999996
11.052018052102293 -10.03087221 -3.970019310000001 8.613451279999998 -1.4949034499999996 -17.149420170000013 -17.10317972 -17.129912419999997
11.052022728494107 -10.03382358 -3.970065190000001 8.613402669999997 -1.4949109099999995 -17.152315460000015 -17.10609067 -17.132814319999998
11.052022770729785 -10.03678606 -3.970111090000001 8.613345999999998 -1.4949077199999996 -17.155224460000014 -17.10900117 -17.13572395
11.082269652642848 -10.03951469 -3.9700751000000007 8.613395649999998 -1.4949083899999995 -17.158002080000013 -17.11177329 -17.13849925
11.08226985161873 -10.04224214 -3.9700391000000006 8.613446309999997 -1.4949108199999996 -17.160777770000013 -17.114545189999998 -17.141273339999998
11.082273202532251 -10.04496862 -3.9700031000000005 8.613496249999997 -1.4949133399999996 -17.163551670000015 -17.117317729999996 -17.144046669999998
11.082273210978506 -10.047695990000001 -3.9699671100000002 8.613545979999998 -1.4949150599999996 -17.166327060000015 -17.120090259999998 -17.146820849999997
11.251269307167787 -10.05028294 -3.96990371 8.613624459999999 -1.4949176099999997 -17.168989940000014 -17.12275373 -17.149483979999996
11.25126941695398 -10.052869770000001 -3.96984031 8.613702919999998 -1.4949205999999997 -17.171652240000014 -17.12541741 -17.152146859999995
11.251275418678413 -10.05545631 -3.9697769199999997 8.613782519999997 -1.4949239699999997 -17.174315000000014 -17.12808112 -17.154810019999996
11.251275446026634 -10.05804282 -3.9697134999999997 8.613862899999997 -1.4949276999999996 -17.176978160000015 -17.13074478 -17.157473389999996
11.339343574138503 -10.06037506 -3.9697157699999996 8.613860459999998 -1.4949270699999997 -17.179308590000016 -17.133075390000002 -17.159803899999996
11.33934361654418 -10.06270674 -3.9697180399999996 8.613858089999997 -1.4949267099999997 -17.181638260000017 -17.1354064 -17.162134139999996
11.339345607108898 -10.065040029999999 -3.9697203199999995 8.613855349999998 -1.4949253199999997 -17.18397020000002 -17.13773702 -17.164465519999997
11.339345627411392 -10.067373449999998 -3.9697225999999994 8.613852609999999 -1.4949236799999996 -17.18630252000002 -17.14006809 -17.166797309999996
11.351447454150398 -10.072837729999998 -3.9700037799999994 8.613525509999999 -1.4949169999999996 -17.19144638000002 -17.14523087 -17.171949149999996
11.423339923096968 -10.075047559999998 -3.9699928899999994 8.61354003 -1.4949217399999997 -17.19366599000002 -17.14745549 -17.174170869999998
11.423340031243132 -10.077258519999997 -3.9699819999999995 8.6135545 -1.4949244699999997 -17.19588869000002 -17.149681349999998 -17.1763949
11.423347271609863 -10.079467529999997 -3.9699710899999996 8.61356925 -1.4949294999999998 -17.19810743000002 -17.151906169999997 -17.178616209999998
11.423347306878169 -10.081677029999996 -3.9699601899999997 8.613588479999999 -1.4949376099999998 -17.20032805000002 -17.154131609999997 -17.18083887
11.47158597420565 -10.083675289999997 -3.9699598999999997 8.613589739999998 -1.49493723 -17.202327950000022 -17.156129959999998 -17.18283812
11.471586058415966 -10.085672369999997 -3.9699595999999997 8.613590819999999 -1.49493591 -17.20432743000002 -17.158131389999998 -17.18483842
11.471591945127729 -10.087668909999998 -3.96995929 8.613594789999999 -1.4949386999999998 -17.206325140000022 -17.160129769999998 -17.186836409999998
11.471591967247297 -10.089664839999998 -3.96995899 8.613598719999999 -1.4949404599999998 -17.208323240000023 -17.162131159999998 -17.188835899999997
11.772367791361654 -10.094221079999997 -3.97019515 8.61334254 -1.4949327799999999 -17.212630960000023 -17.166435699999997 -17.193142279999996
11.793340778908904 -10.098407859999996 -3.9704014499999998 8.61309308 -1.4949238799999998 -17.216577180000023 -17.170400179999998 -17.197096199999997
11.815540326094641 -10.101653219999996 -3.97033663 8.61318378 -1.4949357599999997 -17.21990134000002 -17.17373206 -17.20042362
11.859669606156782 -10.105196519999996 -3.9704021099999998 8.61310016 -1.4949345199999997 -17.22336228000002 -17.177191699999998 -17.203884
11.875394026584075 -10.108352899999996 -3.97034795 8.61317004 -1.4949391599999997 -17.226583900000023 -17.180408659999998 -17.207103659999998
12.110018745224941 -10.111781899999997 -3.9704263099999997 8.61307296 -1.4949331799999996 -17.22992180000002 -17.18375626 -17.210445639999996
12.12207805166879 -10.115127179999996 -3.9705175899999996 8.61293684 -1.4949069999999995 -17.23315714000002 -17.1869822 -17.213677019999995
12.433224601248487 -10.116560399999996 -3.97058376 8.61285337 -1.4949021099999995 -17.23451178000002 -17.188342119999998 -17.215033889999994
12.433224800131704 -10.117992559999996 -3.97064993 8.61276981 -1.4948973999999995 -17.23586509000002 -17.189702559999997 -17.216390209999993
12.43322773560552 -10.119428109999996 -3.97071611 8.6126852 -1.4948892499999995 -17.23722417000002 -17.191062969999997 -17.217749859999994
12.433227743837751 -10.120860999999996 -3.97078231 8.612604 -1.4948859499999996 -17.23857917000002 -17.192422249999996 -17.219106659999994
12.458889333749935 -10.122244519999995 -3.97083382 8.61253945 -1.4948835099999995 -17.23990058000002 -17.193748719999995 -17.220430199999996
12.458889466528344 -10.123629429999996 -3.97088533 8.61247497 -1.4948801599999995 -17.241224360000018 -17.195075039999995 -17.221755049999995
12.458889951157254 -10.125016599999995 -3.97093685 8.61241007 -1.4948741299999995 -17.24255266000002 -17.196401429999995 -17.223082539999996
12.458890012880294 -10.126402859999995 -3.97098837 8.61234592 -1.4948686199999994 -17.24388027000002 -17.197728149999996 -17.224409769999998
12.496676376434412 -10.129178579999996 -3.97106065 8.61225992 -1.4948692599999995 -17.24656935000002 -17.200433149999995 -17.22710557
12.564328271234713 -10.131795579999997 -3.9711193700000003 8.61218208 -1.4948692199999996 -17.24910855000002 -17.202977349999994 -17.22964687
12.744924867435586 -10.134401799999997 -3.9710437300000003 8.612277 -1.4948658799999996 -17.25181303000002 -17.205648489999994 -17.23233729
12.791458110517096 -10.136464799999997 -3.9710135300000005 8.6123062 -1.4948599399999996 -17.253911150000018 -17.207738789999993 -17.23443211
12.798099519539354 -10.138450099999996 -3.9709349700000005 8.612401340000002 -1.4948629599999996 -17.255988570000017 -17.209814329999993 -17.23650873
13.043135175195543 -10.140738419999996 -3.9709196900000006 8.612418460000002 -1.4948512599999997 -17.258305710000016 -17.212071089999995 -17.23880039
13.086596636379184 -10.142526359999996 -3.9708926500000006 8.612447380000003 -1.4948467399999996 -17.260127090000015 -17.213878569999995 -17.240615910000002
13.411887247480243 -10.144331179999996 -3.9707553700000005 8.612615860000002 -1.4948540599999995 -17.262093070000017 -17.215803509999994 -17.242564570000003
13.45200066265478 -10.146160779999997 -3.9708012700000004 8.612562100000002 -1.4948516199999995 -17.263871330000015 -17.217575989999993 -17.24434039
13.46076868649561 -10.147609379999997 -3.9707446900000005 8.612633980000002 -1.4948599599999994 -17.265383490000016 -17.219089309999994 -17.245853030000003
13.482761476203779 -10.149115739999997 -3.9707559900000007 8.612619400000002 -1.4948606799999995 -17.266874550000015 -17.220579249999993 -17.247343630000003
13.682479305864604 -10.150711899999997 -3.9706635700000006 8.612727800000002 -1.4948585999999995 -17.268581190000013 -17.222267689999992 -17.249042590000002
13.724459765034897 -10.152065899999997 -3.970672230000001 8.612716200000001 -1.4948535399999996 -17.269928650000015 -17.223599929999992 -17.25038363
13.747158208808976 -10.153686739999996 -3.970736750000001 8.61262982 -1.4948355999999996 -17.271481050000016 -17.225135329999993 -17.251928850000002
13.777193087204802 -10.154428949999996 -3.970763710000001 8.61259151 -1.4948293799999997 -17.272191170000017 -17.225839639999993 -17.252636520000003
13.777193295278535 -10.155171659999997 -3.970790670000001 8.61255784 -1.4948224799999996 -17.272907110000016 -17.226543959999994 -17.25334756
13.77719814477162 -10.155909389999998 -3.970817640000001 8.612522799999999 -1.4948202699999997 -17.273612010000015 -17.227248629999995 -17.254052360000003
13.777198163247713 -10.156646729999999 -3.9708446100000008 8.612486859999999 -1.4948182599999997 -17.274315420000015 -17.227953269999993 -17.254756290000003
13.780056567618942 -10.157902969999999 -3.9707948700000006 8.61254868 -1.4948180999999998 -17.275633640000017 -17.229262149999993 -17.256070570000002
13.844418691482614 -10.1585814 -3.9708117700000005 8.612528059999999 -1.4948172399999997 -17.276292310000017 -17.229923709999994 -17.256730460000004
13.844418792112007 -10.15926331 -3.9708286600000005 8.612503779999999 -1.4948131299999998 -17.27695405000002 -17.230584289999996 -17.257391710000004
13.844420375393245 -10.15994828 -3.9708455500000004 8.612478229999999 -1.4948054899999998 -17.27762111000002 -17.231244869999998 -17.258056040000003
13.844420441731238 -10.16062957 -3.9708624400000003 8.612452309999998 -1.4948006399999998 -17.27828133000002 -17.23190549 -17.258716430000003
13.912816698669776 -10.161282779999999 -3.9708673800000005 8.612445139999998 -1.4947987099999998 -17.27892931000002 -17.232550959999998 -17.259363350000005
13.912816908397065 -10.161935709999998 -3.9708723200000007 8.612437449999998 -1.4947975399999998 -17.27957572000002 -17.233196349999996 -17.260009330000006
13.912822806364776 -10.162594769999998 -3.970877260000001 8.612424549999998 -1.4947891399999997 -17.28023029000002 -17.233841819999995 -17.260660060000006
13.912822837738087 -10.163249099999998 -3.970882210000001 8.612415119999998 -1.4947866799999998 -17.28087765000002 -17.234487209999994 -17.261306590000007
13.949794619310884 -10.163869339999998 -3.970881600000001 8.612415389999997 -1.49478418 -17.28150065000002 -17.235103729999995 -17.261926860000006
13.949794791396334 -10.164487299999998 -3.9708809800000013 8.612415739999998 -1.49478285 -17.28212029000002 -17.235720169999997 -17.262545150000005
13.949799613652566 -10.165109359999997 -3.9708803700000015 8.612413839999997 -1.49477706 -17.28274624000002 -17.236336089999998 -17.263166870000006
13.949799619674387 -10.165726559999998 -3.9708797600000016 8.612415229999996 -1.4947770800000002 -17.28336481000002 -17.236951729999998 -17.263784200000007
13.968835827795065 -10.166998099999997 -3.9708993400000017 8.612364989999996 -1.49476186 -17.28460133000002 -17.238202349999998 -17.265026680000005
13.981021736543164 -10.168133999999997 -3.970860800000002 8.612413909999995 -1.49475826 -17.285789750000017 -17.23936539 -17.266204400000007
14.021850901563948 -10.169390519999997 -3.970877800000002 8.612376829999995 -1.49474164 -17.287025810000017 -17.24058881 -17.267435120000005
14.058337863242912 -10.170018799999998 -3.970879160000002 8.612375009999996 -1.49474007 -17.28765384000002 -17.24121216 -17.268061180000004
14.058337943261828 -10.170647479999998 -3.9708805200000024 8.612374139999996 -1.49473853 -17.28828319000002 -17.24183514 -17.268687840000002
14.058344921838666 -10.171275539999998 -3.970881870000002 8.612373859999996 -1.4947377 -17.28891180000002 -17.24245801 -17.26931403
14.05834493923858 -10.171908619999998 -3.970883220000002 8.612368669999997 -1.4947312 -17.28954618000002 -17.24307976 -17.26994308
14.109404550753924 -10.172973479999998 -3.970843120000002 8.612412449999997 -1.4947277799999998 -17.29065824000002 -17.24418448 -17.27105204
14.153381297036626 -10.174221839999998 -3.9708788000000017 8.612367789999997 -1.4947270599999998 -17.29186266000002 -17.24538498 -17.272254800000002
14.167412396148523 -10.174765689999997 -3.9708742600000018 8.612369039999997 -1.4947239499999998 -17.292410870000023 -17.245932110000002 -17.27280255
14.167412440583483 -10.175308619999997 -3.970869720000002 8.612371689999998 -1.4947223399999998 -17.29295806000002 -17.24647918 -17.27334969
14.16741616673266 -10.175852649999998 -3.970865190000002 8.612374349999998 -1.4947203199999999 -17.293506780000023 -17.24702598 -17.2738976
14.167416173772299 -10.176400549999999 -3.970860660000002 8.612374729999997 -1.4947138 -17.294061590000023 -17.24757374 -17.27444943
14.168717654755511 -10.177538409999999 -3.9708718600000017 8.612360829999997 -1.4947154599999999 -17.295183890000022 -17.24870868 -17.27557707
14.460573231904608 -10.17863905 -3.970906840000002 8.612305989999996 -1.4947042 -17.296240950000023 -17.2497484 -17.27662681
14.572578080578808 -10.179603089999999 -3.970909540000002 8.612296269999996 -1.4946942399999998 -17.297205210000023 -17.250696740000002 -17.27758437
14.59134362932327 -10.180099219999999 -3.970889890000002 8.612315059999997 -1.4946924799999999 -17.297721900000024 -17.251214850000004 -17.27810166
14.591343824917036 -10.180597749999999 -3.9708702400000018 8.612337299999997 -1.4946913 -17.298243850000024 -17.251731920000005 -17.27862155
14.591345247735877 -10.181095269999998 -3.9708506000000017 8.612359189999996 -1.4946911999999999 -17.298763360000024 -17.252248990000005 -17.27914003
14.591345336037241 -10.181593629999998 -3.9708309500000016 8.612381259999996 -1.4946907999999999 -17.299284190000023 -17.252766040000004 -17.27965927
14.598308421815199 -10.182074849999998 -3.9707968400000015 8.612419849999997 -1.4946897799999999 -17.299805020000022 -17.253283870000004 -17.28017883
14.598308569887953 -10.183042329999997 -3.9707286000000015 8.612494149999996 -1.4946840599999998 -17.300852540000022 -17.254318490000003 -17.281220910000002
14.598309094466963 -10.183522689999997 -3.9706944800000015 8.612533009999996 -1.4946841899999999 -17.301371620000022 -17.25483609 -17.28173937
15.09356638402583 -10.184407789999996 -3.9707480600000014 8.612466429999996 -1.49467837 -17.302195960000024 -17.25565229 -17.28256027
15.093727556071606 -10.184803919999997 -3.9707278200000014 8.612489719999996 -1.4946792 -17.302614540000025 -17.25606819 -17.28297772
15.093727610024821 -10.185201219999996 -3.9707075800000013 8.612514129999996 -1.49467942 -17.303036030000026 -17.25648409 -17.283396850000003
15.093731083075552 -10.185601369999997 -3.9706873300000014 8.612535289999995 -1.49467577 -17.303460990000026 -17.256900520000002 -17.283818210000003
15.093731085482489 -10.185996659999997 -3.9706670900000014 8.612559859999996 -1.49467791 -17.303878710000028 -17.257316210000003 -17.284235070000005
15.117284253464128 -10.186702039999997 -3.9706395700000012 8.612592699999995 -1.49467681 -17.30461803000003 -17.258036730000004 -17.284966450000006
15.127038810024779 -10.187108529999996 -3.9706288100000013 8.612597699999995 -1.49466564 -17.30504068000003 -17.258440630000003 -17.285381190000006
15.127038851548843 -10.187506149999995 -3.9706180500000015 8.612607419999994 -1.49466394 -17.305449730000028 -17.258844550000003 -17.285788080000007
15.127040306503297 -10.187902209999995 -3.9706072800000016 8.612618759999995 -1.4946637299999999 -17.305857340000028 -17.259248480000004 -17.286194140000006
15.127040318750455 -10.188305349999995 -3.970596510000002 8.612624969999995 -1.4946546799999998 -17.306275730000028 -17.259654670000003 -17.286607380000007
15.183057395094917 -10.189033369999995 -3.970602330000002 8.612609049999996 -1.4946439999999999 -17.306998510000028 -17.260362950000005 -17.287324040000005
15.187401848302851 -10.189725029999995 -3.970577330000002 8.612628569999996 -1.4946317599999999 -17.30772195000003 -17.261066310000004 -17.288039000000005
15.27292087394375 -10.190539589999995 -3.970560670000002 8.612651989999996 -1.49463376 -17.30855793000003 -17.261866390000005 -17.288859840000004
15.312232804640972 -10.191185109999996 -3.970527490000002 8.612686729999997 -1.49463006 -17.30924189000003 -17.262538190000004 -17.289538660000005
15.337781815354514 -10.191956229999995 -3.970558890000002 8.612643069999997 -1.49461898 -17.30998043000003 -17.263247910000004 -17.290265040000005
15.35247065735674 -10.192637549999995 -3.970565910000002 8.612630429999998 -1.4946129400000001 -17.31065515000003 -17.263910870000004 -17.290934800000006
15.412051574189235 -10.192972739999995 -3.9705617300000022 8.612629119999998 -1.4946058000000002 -17.310996180000032 -17.264242370000005 -17.291271810000005
15.412051640226991 -10.193307719999995 -3.9705575500000023 8.612631179999997 -1.4945985600000002 -17.311340460000032 -17.264573840000004 -17.291610690000006
15.412058992806875 -10.193637039999995 -3.9705533600000025 8.612633679999998 -1.4945978000000002 -17.31167304000003 -17.264905340000006 -17.291942810000005
15.412059005999586 -10.193972519999996 -3.9705491700000026 8.612633659999998 -1.4945913000000002 -17.31201499000003 -17.265236730000005 -17.292280310000006
15.457550478113069 -10.194282379999995 -3.9705443500000026 8.612637629999998 -1.4945909900000003 -17.31232914000003 -17.265550950000005 -17.292594490000006
15.457550534702255 -10.194594659999995 -3.9705395200000027 8.612640179999998 -1.4945891800000002 -17.31264579000003 -17.265864340000004 -17.292909770000005
15.45755688358872 -10.194913009999995 -3.9705346900000027 8.612638629999998 -1.4945807800000002 -17.31297098000003 -17.266177300000003 -17.293229800000006
15.45755689072989 -10.195229519999994 -3.9705298600000027 8.612639069999998 -1.4945744500000002 -17.31329426000003 -17.266490800000003 -17.293548950000005
15.499116197543099 -10.195974659999994 -3.9705205200000027 8.612638309999998 -1.4945624700000002 -17.31405062000003 -17.267225680000003 -17.294296250000006
15.530997365349856 -10.196608099999994 -3.9705264000000025 8.612624749999998 -1.4945572300000003 -17.31467574000003 -17.267844000000004 -17.294918510000006
15.608021672402947 -10.197295239999994 -3.9705586200000025 8.612587269999999 -1.4945515500000004 -17.315331080000032 -17.268484420000004 -17.295567550000005
15.627619920346953 -10.197864079999993 -3.9705289800000023 8.61261787 -1.4945476900000003 -17.315934380000034 -17.269076600000005 -17.296166170000006
15.764698810610955 -10.198172939999994 -3.9705269000000025 8.61261987 -1.4945486200000002 -17.316244300000033 -17.269385720000006 -17.296475750000006
15.764699032714663 -10.198482119999994 -3.9705248300000027 8.612622 -1.4945495100000001 -17.316554730000032 -17.269694070000007 -17.296785300000007
15.764702286787522 -10.198794489999994 -3.9705227700000028 8.61262143 -1.4945465700000002 -17.31686946000003 -17.27000264000001 -17.297097430000008
15.764702327232705 -10.199103509999993 -3.970520700000003 8.612623070000001 -1.4945473100000002 -17.31717939000003 -17.270311350000007 -17.297406840000008
15.783668587801683 -10.199398859999993 -3.970504100000003 8.612638160000001 -1.4945430100000001 -17.317494130000032 -17.27061773000001 -17.297718050000007
15.783668770249594 -10.199693829999994 -3.970487500000003 8.612654760000002 -1.4945395300000002 -17.317809180000033 -17.27092398000001 -17.298029380000006
15.78367106649176 -10.199988269999993 -3.970470900000003 8.612671100000002 -1.4945361200000002 -17.318123360000033 -17.27123022000001 -17.298340210000006
15.78367113987865 -10.200279699999994 -3.970454300000003 8.612689760000002 -1.4945359600000003 -17.318433600000034 -17.27153659000001 -17.298648820000007
16.150133430376687 -10.200545589999994 -3.9704628200000034 8.612680720000002 -1.4945391900000002 -17.318687210000036 -17.27179343000001 -17.298903790000008
16.150133606815434 -10.200811329999993 -3.9704713500000035 8.612673160000002 -1.4945431500000002 -17.318941430000034 -17.27205079000001 -17.29915933000001
16.150139630207228 -10.201078219999994 -3.9704798800000036 8.612664460000001 -1.4945458400000002 -17.319196930000036 -17.27230817000001 -17.29941562000001
16.15013964778405 -10.201345399999994 -3.9704884100000037 8.612656350000002 -1.4945482800000003 -17.319453560000035 -17.272565010000008 -17.299672340000008
16.206239839030296 -10.201591739999994 -3.9704693600000036 8.612680410000001 -1.4945508400000003 -17.319721390000034 -17.272830620000008 -17.299939240000008
16.206239895463657 -10.201837469999994 -3.9704503000000035 8.612704740000002 -1.4945533600000003 -17.319988930000033 -17.273097330000006 -17.300206430000006
16.206245010530747 -10.202086089999995 -3.9704312400000035 8.612726370000003 -1.4945526900000004 -17.32025985000003 -17.273362930000005 -17.300475110000008
16.20624501348335 -10.202332729999995 -3.9704121800000034 8.612749990000003 -1.4945539300000004 -17.32052886000003 -17.273629820000004 -17.30074323000001
16.241962269556 -10.202576669999996 -3.970416600000003 8.612743140000003 -1.4945540800000003 -17.320765800000032 -17.273866840000004 -17.30098020000001
16.24196237734702 -10.202820379999995 -3.970421020000003 8.612736070000002 -1.4945540000000004 -17.321002520000032 -17.274104380000004 -17.30121727000001
16.241965591081094 -10.203072919999995 -3.9704254400000027 8.612724270000003 -1.4945451400000003 -17.321252120000032 -17.274342140000005 -17.30146188000001
16.241965624976793 -10.203316449999996 -3.970429870000003 8.612717450000003 -1.4945453000000002 -17.321488670000033 -17.274579690000007 -17.301698850000008
16.272668838649775 -10.203820549999996 -3.970363430000003 8.612797830000003 -1.4945459400000003 -17.322072510000034 -17.275150590000006 -17.30227723000001
16.297644211550733 -10.204063679999996 -3.970358360000003 8.612802540000004 -1.4945455200000004 -17.322320770000033 -17.275395290000006 -17.302523990000008
16.297644232599556 -10.204308569999995 -3.9703533000000033 8.612808900000005 -1.4945438600000005 -17.322573670000033 -17.275640060000004 -17.302773460000008
16.29764469256438 -10.204550819999994 -3.9703482400000034 8.612813470000004 -1.4945441400000006 -17.32282021000003 -17.275884980000004 -17.303019320000008
16.297644719519482 -10.204791689999995 -3.9703431800000035 8.612818490000004 -1.4945453500000005 -17.323064890000033 -17.276130050000003 -17.30326416000001
16.317395667215045 -10.205224069999995 -3.9703194600000034 8.612840250000003 -1.4945426900000005 -17.32352169000003 -17.27658015 -17.30371812000001
16.76461977550994 -10.205448359999995 -3.9703305400000035 8.612824450000003 -1.4945394700000005 -17.32373341000003 -17.27678712 -17.30392783000001
16.764619964701854 -10.205668489999995 -3.9703416200000037 8.612809850000003 -1.4945392200000005 -17.323939180000032 -17.2769963 -17.30413504000001
16.764622099902773 -10.205889819999996 -3.970352710000004 8.612795210000003 -1.4945390000000005 -17.32414609000003 -17.27720381 -17.304342200000008
16.764622158707294 -10.206110549999996 -3.970363800000004 8.612780740000003 -1.4945394100000005 -17.32435194000003 -17.27741086 -17.304548560000008
16.782220319452865 -10.206538109999997 -3.970372480000004 8.612767460000004 -1.4945376900000005 -17.324767940000033 -17.27782214 -17.304962560000007
16.782220465778195 -10.206961449999996 -3.970381160000004 8.612754900000004 -1.4945395500000005 -17.325176860000035 -17.278233120000003 -17.305372340000005
16.789270797584614 -10.207351329999996 -3.970310940000004 8.612855500000004 -1.4945567300000004 -17.325650160000034 -17.278707980000004 -17.305846300000006
16.83461809357462 -10.207714569999997 -3.970293200000004 8.612873480000005 -1.4945497100000005 -17.326038400000034 -17.279080880000002 -17.306228080000007
16.84080761002032 -10.208141109999996 -3.970278520000004 8.612889400000004 -1.4945497300000006 -17.326480840000034 -17.27951862 -17.306668540000008
16.876613074271265 -10.208496169999997 -3.970261000000004 8.612909540000004 -1.4945480100000006 -17.326857780000033 -17.2798822 -17.30703984000001
16.93924341068324 -10.208928069999997 -3.970289620000004 8.612869900000003 -1.4945400100000006 -17.327258020000034 -17.28027388 -17.30743648000001
16.994219345451373 -10.209283889999996 -3.970272680000004 8.612881180000004 -1.4945271300000005 -17.327638000000036 -17.28062622 -17.30780480000001
17.02165391273096 -10.209687769999997 -3.970294020000004 8.612849320000004 -1.4945199700000005 -17.328017160000037 -17.280995139999998 -17.30817964000001
17.03497888792243 -10.210042549999997 -3.970290740000004 8.612848820000004 -1.4945152700000004 -17.328376160000037 -17.28134616 -17.308535280000008
17.06051195125132 -10.210234549999997 -3.970296720000004 8.612844550000004 -1.4945190100000003 -17.328560150000037 -17.281532369999997 -17.308720200000007
17.060512078793447 -10.210421699999998 -3.970302700000004 8.612843780000004 -1.4945275700000002 -17.328737970000038 -17.281719119999998 -17.308901790000007
17.060515106413515 -10.210608789999998 -3.970308680000004 8.612842630000005 -1.4945361400000003 -17.328915340000037 -17.281905329999997 -17.309082890000006
17.060515126337876 -10.210798309999998 -3.970314670000004 8.612839070000005 -1.4945419600000003 -17.329095470000038 -17.282091659999995 -17.309265640000007
17.08921749766778 -10.210990979999998 -3.970323170000004 8.612827590000006 -1.4945423200000003 -17.329276310000036 -17.282274279999996 -17.309447230000007
17.089217599965245 -10.211183529999998 -3.9703316700000038 8.612816740000005 -1.4945433000000004 -17.329457030000036 -17.282456369999995 -17.30962853000001
17.089218842377424 -10.211378339999998 -3.9703401700000036 8.612804960000005 -1.4945419500000003 -17.329641410000036 -17.282638999999996 -17.309812170000008
17.08921888320004 -10.211571369999998 -3.9703486800000034 8.612793500000006 -1.4945423400000004 -17.329822600000035 -17.282821089999995 -17.309993740000007
17.257103367899294 -10.211938929999999 -3.9703691200000035 8.612766980000005 -1.4945404400000004 -17.330165540000035 -17.283157409999994 -17.310333880000005
17.33926284341941 -10.212104369999999 -3.9703708600000036 8.612762880000005 -1.4945392800000004 -17.330328040000033 -17.283318259999994 -17.310495680000006
17.339262997900725 -10.212273149999998 -3.9703726000000037 8.612757620000005 -1.4945347000000004 -17.330496150000034 -17.283479109999995 -17.310660730000006
17.339269492472006 -10.212439199999999 -3.9703743400000038 8.612752380000005 -1.4945324600000005 -17.330659200000035 -17.283639959999995 -17.310822850000005
17.339269505706906 -10.212603269999999 -3.970376080000004 8.612749390000005 -1.4945330200000004 -17.330819720000036 -17.283800479999996 -17.310983370000006
17.378688035956433 -10.212761969999999 -3.970376300000004 8.612747990000004 -1.4945311100000005 -17.330978930000036 -17.283956069999995 -17.311141050000007
17.378688171148152 -10.212919199999998 -3.970376530000004 8.612747460000005 -1.4945316300000004 -17.331135120000035 -17.284110989999995 -17.311296700000007
17.37869379066298 -10.213075119999997 -3.970376750000004 8.612746740000006 -1.4945328900000003 -17.331289060000035 -17.284266089999996 -17.311451130000005
17.37869379097992 -10.213233959999997 -3.970376970000004 8.612745440000007 -1.4945321200000004 -17.331447370000035 -17.284421009999996 -17.311608010000004
17.392462182912364 -10.213542839999997 -3.9703726100000036 8.612745900000007 -1.4945297000000004 -17.331759130000034 -17.284729269999996 -17.311918290000005
17.446391866860722 -10.213704999999997 -3.9703732800000036 8.612742630000007 -1.4945290300000005 -17.331918690000034 -17.284887579999996 -17.312077320000004
17.44639192378318 -10.213870229999998 -3.9703739400000035 8.612739270000008 -1.4945266000000004 -17.332082980000035 -17.285045889999996 -17.312239090000002
17.446399296696793 -10.214032019999998 -3.9703746000000035 8.612736010000008 -1.4945258900000005 -17.332242220000033 -17.285204719999996 -17.31239816
17.446399305012605 -10.214193449999998 -3.9703752600000035 8.612733540000008 -1.4945257000000005 -17.332401370000035 -17.285363549999996 -17.312557180000002
17.456545560169726 -10.214538889999998 -3.9703940600000034 8.612715100000008 -1.4945311200000004 -17.332722970000034 -17.285689649999995 -17.312880680000003
17.462647450341052 -10.214898609999999 -3.9704159800000034 8.612680960000008 -1.4945150600000003 -17.333064610000033 -17.286008809999995 -17.313212840000002
17.56348282858409 -10.215036 -3.9704147300000034 8.612688740000008 -1.4945219500000004 -17.333202890000035 -17.286151379999996 -17.31335293
17.563482866841003 -10.21517661 -3.9704134800000035 8.612694120000008 -1.4945257800000005 -17.333345050000034 -17.286294449999996 -17.31349547
17.563487601287264 -10.21531434 -3.9704122300000035 8.612699760000007 -1.4945320600000005 -17.333482140000033 -17.286437009999997 -17.313634869999998
17.563487606204475 -10.21544972 -3.9704109800000036 8.612708860000007 -1.4945414600000004 -17.333617220000033 -17.286579569999997 -17.313773109999996
17.603852993338965 -10.21578216 -3.9704334400000034 8.612677720000006 -1.4945389800000004 -17.333921000000032 -17.286890249999995 -17.314079809999996
17.783823841186564 -10.21592885 -3.9704437400000034 8.612674710000006 -1.4945487900000005 -17.33405487000003 -17.287032269999994 -17.314217119999995
17.78382404716563 -10.216075369999999 -3.9704540400000035 8.612671220000006 -1.4945590600000005 -17.33418763000003 -17.287174289999992 -17.314353779999994
17.783827775701763 -10.216220089999998 -3.9704643500000034 8.612667740000006 -1.4945703600000004 -17.33431757000003 -17.28731631999999 -17.314488819999994
17.783827805299214 -10.216370999999999 -3.9704746500000034 8.612662240000006 -1.4945756100000005 -17.334457730000032 -17.28745834999999 -17.314629769999993
17.83298688179819 -10.21651339 -3.9704753200000034 8.612660460000006 -1.4945756000000006 -17.334598360000033 -17.287597399999992 -17.31476972999999
17.832987007016058 -10.21665866 -3.9704759900000033 8.612659260000006 -1.4945712800000006 -17.334746760000034 -17.28773882999999 -17.31491518999999
17.832988189189777 -10.21679926 -3.970476660000003 8.612657640000005 -1.4945723800000006 -17.334884640000034 -17.287878129999992 -17.31505366999999
17.832988288656303 -10.21694079 -3.970477330000003 8.612656450000005 -1.4945730400000006 -17.335024320000034 -17.288017419999992 -17.31519318999999
17.885854597568418 -10.217078760000001 -3.970478750000003 8.612656840000005 -1.4945765800000006 -17.335159150000035 -17.288154269999993 -17.31532886999999
17.88585480746513 -10.217220250000002 -3.9704801700000028 8.612654530000006 -1.4945755300000005 -17.335299380000034 -17.288291669999992 -17.31546789999999
17.88585937690809 -10.217359250000003 -3.970481600000003 8.612653850000006 -1.4945775500000005 -17.335435680000035 -17.28842905999999 -17.31560465999999
17.885859396811306 -10.217499250000003 -3.9704830200000027 8.612653160000006 -1.4945781700000005 -17.335574370000035 -17.28856717999999 -17.315743109999993
17.894579573864785 -10.217778790000002 -3.970484980000003 8.612646080000006 -1.4945714900000004 -17.335853510000035 -17.28882785999999 -17.316014469999992
17.90228966739989 -10.218024390000002 -3.9704720800000026 8.612659560000006 -1.4945694900000004 -17.336114610000035 -17.28908287999999 -17.316273009999993
17.90683450294329 -10.218334710000002 -3.9704731800000026 8.612653780000006 -1.4945605300000004 -17.336428110000035 -17.289379039999993 -17.31657918999999
17.913006647752553 -10.218467840000002 -3.9704695100000027 8.612657770000006 -1.4945610600000006 -17.336564700000036 -17.289514069999992 -17.31671511999999
17.913006829790067 -10.218599680000002 -3.970465840000003 8.612661910000005 -1.4945626700000005 -17.336699070000037 -17.289648949999993 -17.31684969999999
17.91301054925451 -10.218730920000002 -3.970462170000003 8.612667060000005 -1.4945650400000006 -17.336833090000038 -17.289783789999994 -17.316984059999992
17.91301059107973 -10.218862910000002 -3.970458500000003 8.612670860000005 -1.4945662600000005 -17.336967660000038 -17.289918849999996 -17.317118839999992
17.926124391015094 -10.219131670000003 -3.970460080000003 8.612663280000005 -1.4945592000000005 -17.337235920000037 -17.290179549999994 -17.317383899999992
17.932047795096327 -10.219408810000003 -3.9704656800000033 8.612650280000006 -1.4945482000000005 -17.337511040000038 -17.290439269999993 -17.317652519999992
17.956093291416007 -10.219716830000003 -3.9704799200000034 8.612631140000007 -1.4945453200000005 -17.337802800000038 -17.290715409999994 -17.31793769999999
17.984128008341266 -10.219960790000004 -3.9704660200000035 8.612647660000007 -1.4945375800000005 -17.338071040000038 -17.290962729999993 -17.31819711999999
18.01255644153694 -10.220197910000003 -3.9704533200000034 8.612664880000008 -1.4945375200000004 -17.33832542000004 -17.291208169999994 -17.31844771999999
18.032236765553595 -10.220467870000004 -3.9704652400000033 8.612648160000008 -1.4945358200000003 -17.33858036000004 -17.291457089999994 -17.318700119999992
18.03750656078242 -10.220729010000003 -3.9704686600000034 8.612634960000008 -1.4945252400000002 -17.33883888000004 -17.291701389999993 -17.318952639999992
18.052251555202233 -10.220859590000003 -3.9704707200000033 8.612637470000008 -1.4945317500000002 -17.33896546000004 -17.29183271999999 -17.31908121999999
18.0522516905312 -10.220995500000003 -3.9704727800000033 8.612636780000008 -1.4945322900000002 -17.33910014000004 -17.29196404999999 -17.31921448999999
18.052256241096654 -10.221129050000002 -3.970474840000003 8.612636730000007 -1.4945348300000003 -17.33923111000004 -17.29209537999999 -17.31934560999999
18.052256247072375 -10.221258520000001 -3.970476900000003 8.612639080000008 -1.4945416500000004 -17.33935612000004 -17.29222725999999 -17.319473509999987
18.072816097284473 -10.2215447 -3.9704936800000032 8.612616360000008 -1.4945388700000004 -17.33962234000004 -17.29248723999999 -17.319737109999988
18.13265886124098 -10.22167959 -3.970499180000003 8.612607340000007 -1.4945356700000003 -17.33975142000004 -17.29261081999999 -17.31986386999999
18.13265892031806 -10.221811070000001 -3.970504680000003 8.612599240000007 -1.4945358400000004 -17.339874630000043 -17.29273439999999 -17.31998723999999
18.132659290800937 -10.22194342 -3.970510180000003 8.612591190000007 -1.4945355400000004 -17.339999220000042 -17.29285797999999 -17.32011140999999
18.132659363181688 -10.222080400000001 -3.9705156800000028 8.612581400000007 -1.4945305500000003 -17.340131400000043 -17.29298154999999 -17.320239959999988
18.137042079712298 -10.22235556 -3.9705323600000026 8.612556660000006 -1.4945273100000003 -17.34038506000004 -17.29323278999999 -17.320492599999987
18.138746987255445 -10.222642200000001 -3.9705467800000025 8.612535540000007 -1.4945202900000003 -17.340657600000043 -17.29349962999999 -17.32076273999999
18.160493652395644 -10.2228913 -3.9705496800000026 8.612531720000007 -1.4945177500000002 -17.34090542000004 -17.29372996999999 -17.321003179999988
18.255420261330492 -10.223010440000001 -3.9705431400000024 8.612538180000007 -1.4945166000000003 -17.34103217000004 -17.29385708999999 -17.321130089999986
18.255420311875344 -10.223130720000002 -3.970536600000002 8.612546580000007 -1.4945167800000003 -17.341160660000043 -17.29398174999999 -17.321256959999985
18.255426523607348 -10.223250720000003 -3.970530060000002 8.612554440000007 -1.4945172400000004 -17.341288060000043 -17.29410639999999 -17.321383199999985
18.25542652699564 -10.223370160000004 -3.970523510000002 8.612562910000007 -1.4945183600000005 -17.341414850000042 -17.29423104999999 -17.321509089999985
18.27203362680824 -10.223621340000003 -3.9705344300000016 8.612546430000007 -1.4945142000000005 -17.341653710000042 -17.294461349999988 -17.321744349999985
18.282451952606156 -10.223844860000003 -3.9705218500000017 8.612552650000007 -1.4945039400000004 -17.34189369000004 -17.294685269999988 -17.321977549999986
18.298855193465208 -10.224085260000003 -3.9704960100000015 8.612587090000007 -1.4945101600000004 -17.34216231000004 -17.29495510999999 -17.322246689999986
18.33748972206679 -10.224294640000002 -3.9704864500000014 8.612613250000008 -1.4945205000000004 -17.34238751000004 -17.295174889999988 -17.322469609999985
18.387208879056125 -10.224550060000002 -3.9704769900000016 8.612611350000007 -1.4945077400000004 -17.34265381000004 -17.29543080999999 -17.322731529999984
18.387471379702575 -10.224660110000002 -3.9704756000000017 8.612614640000007 -1.4945104600000003 -17.34276443000004 -17.29554373999999 -17.322843119999984
18.387471404713555 -10.224771590000001 -3.9704742100000017 8.612617080000007 -1.4945123100000004 -17.34287650000004 -17.29565572999999 -17.322955149999984
18.38747345970597 -10.224881980000001 -3.9704728200000017 8.612619300000008 -1.4945148300000004 -17.34298658000004 -17.29576771999999 -17.323066039999983
18.38747347673232 -10.22499162 -3.9704714300000017 8.612622370000008 -1.4945182100000005 -17.34309591000004 -17.29587970999999 -17.323176489999984
18.39052560604513 -10.22524278 -3.970480330000002 8.612607250000007 -1.4945158700000005 -17.34333429000004 -17.29612014999999 -17.323415749999985
18.413518757321036 -10.22549878 -3.9704928500000016 8.612594450000007 -1.4945163700000006 -17.34357697000004 -17.29636460999999 -17.323659189999983
18.41452014895402 -10.225715260000001 -3.9704836500000016 8.612598590000006 -1.4945051900000006 -17.34380879000004 -17.29657936999999 -17.323883809999984
18.415723224721724 -10.225940320000001 -3.9704826900000016 8.612593530000007 -1.4944985300000007 -17.34403547000004 -17.29679716999999 -17.324106729999983
18.43150862086905 -10.226171100000002 -3.9704917100000015 8.612580050000007 -1.4944972100000007 -17.34425409000004 -17.29701614999999 -17.324325509999984
18.468469111637024 -10.226424800000002 -3.9704978900000016 8.612571130000006 -1.4944954900000007 -17.344500590000038 -17.29725680999999 -17.324569549999982
18.491465852031354 -10.226651780000003 -3.9705022700000017 8.612561010000006 -1.4944882300000006 -17.34472473000004 -17.29747320999999 -17.324790429999982
18.779207578285654 -10.226869820000003 -3.9705165300000016 8.612541910000006 -1.4944846100000007 -17.34492727000004 -17.297675169999987 -17.324992729999984
18.793177374456285 -10.227060500000002 -3.9705080700000015 8.612548890000006 -1.4944790700000006 -17.34513047000004 -17.297866409999987 -17.325190889999984
18.86772966466207 -10.227244740000001 -3.9705051300000016 8.612551610000006 -1.4944808700000005 -17.34531563000004 -17.298047509999986 -17.325374349999983
18.868358203252292 -10.227427340000002 -3.9704972500000015 8.612558010000006 -1.4944766100000004 -17.34550889000004 -17.298233849999985 -17.325564689999982
18.91586957939676 -10.227649280000001 -3.9704947100000014 8.612555830000007 -1.4944657700000004 -17.34573951000004 -17.298442929999986 -17.32578622999998
18.9295907782092 -10.227864880000002 -3.9705052300000014 8.612539730000007 -1.4944609500000003 -17.345943830000042 -17.298638269999987 -17.325986769999982
18.938904612480332 -10.228077640000002 -3.9705124700000014 8.612515170000007 -1.4944390900000004 -17.346153890000043 -17.298825769999986 -17.326187309999984
18.939206126365953 -10.228286040000002 -3.9705227100000013 8.612499430000007 -1.4944288300000004 -17.346356810000042 -17.299014469999985 -17.326384229999984
18.97847926435146 -10.228500960000002 -3.9705363100000013 8.612479750000007 -1.4944266300000004 -17.34655423000004 -17.299213349999985 -17.326582269999985
18.998060718247125 -10.228697300000002 -3.9705355700000013 8.612467850000007 -1.4944078100000004 -17.34675749000004 -17.299396269999985 -17.326776949999985
19.17184453224208 -10.228795320000001 -3.9705385600000014 8.612461390000007 -1.4944027600000005 -17.34685410000004 -17.299483699999985 -17.326869689999985
19.171844671865212 -10.228893750000001 -3.9705415500000014 8.612454650000007 -1.4943971200000006 -17.34695143000004 -17.299571129999986 -17.326962839999986
19.171851339484217 -10.2289849 -3.9705445400000015 8.612451190000007 -1.4943985800000006 -17.34703766000004 -17.299659529999985 -17.327049989999985
19.171851347839794 -10.2290761 -3.9705475300000015 8.612448460000007 -1.4944008400000006 -17.34712387000004 -17.299746959999986 -17.327136709999984
19.27672453538316 -10.22915702 -3.9705485300000016 8.612449000000007 -1.4944044400000007 -17.34720173000004 -17.299828409999986 -17.327216079999985
19.27672463361971 -10.22923954 -3.970549520000002 8.612449010000008 -1.4944069700000007 -17.34728173000004 -17.299909529999987 -17.327296549999986
19.27672891411977 -10.2293216 -3.970550520000002 8.612448650000008 -1.4944095500000008 -17.34736085000004 -17.299990639999987 -17.327376509999986
19.276728936794196 -10.22940213 -3.970551520000002 8.612449950000007 -1.4944136500000007 -17.34743859000004 -17.300072099999987 -17.327455819999987
19.47187968444408 -10.22958313 -3.970561480000002 8.612429550000007 -1.4944035900000008 -17.347609250000037 -17.300239999999988 -17.327625319999985
19.500252759034677 -10.22965967 -3.970560690000002 8.612430660000006 -1.4944041500000007 -17.347686350000036 -17.30031896999999 -17.327703209999985
19.50025280450849 -10.22974059 -3.970559900000002 8.612429170000006 -1.4943994600000008 -17.347770470000036 -17.30039792999999 -17.327785159999983
