4.576817879131265 -1.92425762 -0.5012248 1.6844746 -0.3815506 -3.22718162 -3.106744 -3.176372
4.832536863788855 -2.78698473 -0.6412365 2.5659707 -0.5606667000000001 -4.79228873 -4.614687 -4.717363000000001
4.832537267337338 -3.64971314 -0.7812464 3.4474609 -0.7397802000000001 -6.35739384 -6.122628 -6.258352
4.832541657327352 -4.51244309 -0.9212664 4.3289304 -0.918892 -7.92248149 -7.630554999999999 -7.7993250000000005
4.832541803661923 -5.37517557 -1.0612809 5.2103961 -1.0980008 -9.48757087 -9.138482 -9.340299
4.8748181239170645 -6.1052982 -1.2496564000000001 5.991371999999999 -1.2699679000000001 -10.826702300000001 -10.436669 -10.662157
4.8748182455824045 -6.83542186 -1.4380321 6.7723431 -1.4419345000000001 -12.16583046 -11.734851 -11.984011
4.874819824994216 -7.56554063 -1.6264112 7.5533136999999995 -1.6139049 -13.50494943 -13.033029 -13.305858
4.87481984938681 -8.29566156 -1.814789 8.3342764 -1.7858711 -14.84406686 -14.331202000000001 -14.627702000000001
5.834800797021388 -8.968799059999998 -2.1945639999999997 8.9140682 -1.96221804 -15.92064922 -15.3918058 -15.6975434
6.052387884674758 -9.512468619999998 -2.5206427999999996 9.1977942 -2.07430468 -16.63595814 -16.1040026 -16.411539400000002
7.206164883641013 -9.633717659999999 -2.5512941999999996 9.21979276 -2.08663166 -16.76687876 -16.236771440000002 -16.54323974
7.234555636358268 -9.737105839999998 -2.5745762799999996 9.23372844 -2.0958292800000002 -16.875005 -16.346130260000002 -16.65188598
7.357945972453686 -9.840167079999999 -2.5966541399999996 9.25001196 -2.1051577200000002 -16.98502132 -16.457565860000003 -16.762501059999998
7.432696933113306 -9.925344699999998 -2.6126115599999995 9.26150896 -2.1121926400000004 -17.07466102 -16.548335320000003 -16.852617379999998
7.687882795249492 -9.961267029999998 -2.6183416999999993 9.26489401 -2.1145957900000005 -17.11156525 -16.585585240000004 -16.889667449999997
7.6878830067580335 -9.997191299999999 -2.624071909999999 9.26827559 -2.1169971800000007 -17.14846972 -16.622834840000003 -16.926717519999997
7.687889776040406 -10.03311606 -2.6298018399999994 9.27165942 -2.1193953900000007 -17.1853801 -16.660081550000005 -16.963769789999997
7.6878898668243245 -10.06904054 -2.635531909999999 9.27503903 -2.1217939200000004 -17.22228566 -16.697330690000005 -17.000820299999997
7.741652423640557 -10.09733065 -2.6376502399999993 9.27621115 -2.1227452300000005 -17.250796570000002 -16.726020770000005 -17.029406799999997
7.7416525542166985 -10.12562319 -2.6397685099999992 9.27738333 -2.1236964000000005 -17.279310130000002 -16.754709080000005 -17.057994079999997
7.741657332883547 -10.153919120000001 -2.641886799999999 9.278553749999999 -2.1246439900000005 -17.307828890000003 -16.783398620000003 -17.086584889999997
7.7416573903537556 -10.1822043 -2.644005059999999 9.279734249999999 -2.1256068400000006 -17.336331720000004 -16.812089300000004 -17.115166969999997
8.21547938783387 -10.240380960000001 -2.647223059999999 9.28887717 -2.1290646200000007 -17.400193520000006 -16.876312240000004 -17.179181129999996
8.30173601819067 -10.273804160000001 -2.6470318799999992 9.290968789999999 -2.129711200000001 -17.435061760000007 -16.911341340000003 -17.214117229999996
8.63133829007425 -10.3012712 -2.647099699999999 9.292237389999999 -2.130162280000001 -17.463346320000007 -16.939729380000003 -17.242445449999995
9.220399005428115 -10.326986940000001 -2.6469036199999993 9.294117589999999 -2.130705540000001 -17.490399000000007 -16.96679728 -17.269504549999994
9.287303895161147 -10.3485247 -2.647188559999999 9.294927249999999 -2.131057800000001 -17.51239418000001 -16.98889064 -17.291541149999993
9.295639787140068 -10.364895200000001 -2.647247459999999 9.295021729999998 -2.131109840000001 -17.52880714000001 -17.00530008 -17.307952629999992
9.298074164631034 -10.375790910000001 -2.647776489999999 9.294975469999999 -2.131252670000001 -17.53951376000001 -17.01602213 -17.31866575999999
9.298074429663076 -10.386667220000001 -2.648305589999999 9.294953669999998 -2.131420250000001 -17.550200690000008 -17.02674416 -17.32936749999999
9.298076751720414 -10.397544240000002 -2.648834779999999 9.294929729999998 -2.131587910000001 -17.56088611000001 -17.03746606 -17.34006830999999
9.298076765664975 -10.408439520000002 -2.6493638799999992 9.294882519999998 -2.1317318100000007 -17.57159028000001 -17.04818798 -17.350779969999987
9.31107587266543 -10.418514800000002 -2.6492868399999994 9.295454369999998 -2.131897290000001 -17.58207193000001 -17.05869097 -17.36127061999999
9.311076021291033 -10.428590530000003 -2.6492097299999995 9.296024619999999 -2.132061970000001 -17.592553230000007 -17.06919394 -17.37176105999999
9.311076743517448 -10.438666800000004 -2.6491325999999993 9.296594129999999 -2.132228740000001 -17.603032250000005 -17.07969662 -17.38225005999999
9.311076854260124 -10.448743190000004 -2.649055529999999 9.29716302 -2.132394970000001 -17.613511300000006 -17.09019968 -17.39273923999999
9.333735909753628 -10.464669930000003 -2.649102089999999 9.29726382 -2.132452310000001 -17.629481500000008 -17.10618586 -17.408716179999992
9.557279214796877 -10.473280850000004 -2.6490645799999992 9.29755181 -2.132529870000001 -17.63830285000001 -17.11501954 -17.41754272999999
9.557279331757535 -10.481890910000004 -2.6490270099999993 9.29784922 -2.132616870000001 -17.64712332000001 -17.123853349999997 -17.42636882999999
9.557283198503164 -10.490497370000003 -2.6489895099999994 9.29815394 -2.132710710000001 -17.65594066000001 -17.132689519999996 -17.43519411999999
9.557283219271111 -10.499097690000003 -2.6489518799999994 9.29846494 -2.132804480000001 -17.66475820000001 -17.141523429999996 -17.44401856999999
9.59444338732299 -10.507550520000002 -2.6491635899999992 9.298557350000001 -2.1329016200000006 -17.67320631000001 -17.149991999999997 -17.45247530999999
9.594443452897366 -10.516005220000002 -2.6493752599999993 9.298644030000002 -2.1329956500000007 -17.68165366000001 -17.15846164 -17.46093205999999
9.594444158397373 -10.524461920000002 -2.6495868799999993 9.298730430000003 -2.1330908700000006 -17.690101540000008 -17.166929109999998 -17.46938819999999
9.59444417465115 -10.532913640000002 -2.6497985599999994 9.298825980000002 -2.1331890000000007 -17.69855069000001 -17.175397389999997 -17.47784541999999
10.281259045415673 -10.543202440000002 -2.6501720199999994 9.298519780000001 -2.133204240000001 -17.70851805000001 -17.185376849999997 -17.48781787999999
10.301594281051557 -10.551724860000002 -2.6500722999999993 9.298677580000001 -2.133229380000001 -17.717173150000008 -17.194051969999997 -17.49648141999999
10.370397658874873 -10.561430260000002 -2.6504130799999994 9.2983901 -2.133243380000001 -17.726577090000006 -17.203502729999997 -17.50590511999999
10.458272455392859 -10.569175600000001 -2.6502850599999994 9.29855234 -2.133254900000001 -17.734473150000007 -17.211410029999996 -17.513805919999992
11.052017778653015 -10.57238927 -2.6503430699999995 9.29849485 -2.133252780000001 -17.737631450000006 -17.214592339999996 -17.51697434999999
11.052018052102293 -10.5755975 -2.6504010999999994 9.298441890000001 -2.133252720000001 -17.740786780000004 -17.217777919999996 -17.52014243999999
11.052022728494107 -10.57880736 -2.6504591399999993 9.298389060000002 -2.133252500000001 -17.743944040000002 -17.220963619999996 -17.52331168999999
11.052022770729785 -10.58201633 -2.6505172099999994 9.298338510000002 -2.1332547400000013 -17.747100220000004 -17.224149249999996 -17.526480289999988
11.082269652642848 -10.58497784 -2.6504780899999996 9.298395010000002 -2.1332645800000014 -17.750108380000004 -17.227173039999997 -17.529495049999987
11.08226985161873 -10.587942400000001 -2.6504389499999994 9.298454700000002 -2.1332764100000015 -17.753120790000004 -17.230195819999995 -17.532511839999987
11.082273202532251 -10.590906190000002 -2.650399819999999 9.298507640000002 -2.1332821900000014 -17.756131750000005 -17.233218539999996 -17.535527759999987
11.082273210978506 -10.593869790000001 -2.650360689999999 9.298567970000002 -2.1332954600000016 -17.759142410000006 -17.236242129999997 -17.538543869999987
11.251269307167787 -10.596692740000002 -2.650292809999999 9.298657940000002 -2.1333014600000015 -17.762049330000007 -17.239144389999996 -17.541448829999986
11.25126941695398 -10.599513590000003 -2.6502248899999987 9.298747910000001 -2.1333075700000017 -17.764954040000006 -17.242049429999998 -17.544353679999986
11.251275418678413 -10.602332840000003 -2.6501570099999987 9.298837100000002 -2.1333137700000018 -17.767856280000007 -17.244953869999996 -17.547256849999986
11.251275446026634 -10.605156070000003 -2.6500890699999986 9.298923990000002 -2.133317850000002 -17.770762320000006 -17.247857469999996 -17.550161859999985
11.339343574138503 -10.607689120000003 -2.6500925499999988 9.298918300000002 -2.133310660000002 -17.773296870000006 -17.250404049999997 -17.552701489999986
11.33934361654418 -10.610218860000003 -2.6500960199999986 9.298924560000001 -2.133322270000002 -17.775821260000008 -17.252943659999996 -17.555232299999986
11.339345607108898 -10.612754940000004 -2.6500995099999987 9.298919340000001 -2.133319600000002 -17.77835480000001 -17.255484009999996 -17.557768709999987
11.339345627411392 -10.615282340000004 -2.650102989999999 9.298922370000001 -2.133327680000002 -17.78087716000001 -17.258028639999996 -17.560300469999987
11.351447454150398 -10.621221120000003 -2.6504240899999987 9.298589370000002 -2.1333161000000023 -17.78649452000001 -17.263670019999996 -17.565927969999986
11.423339923096968 -10.623622960000002 -2.6504153399999986 9.298603470000002 -2.1333193100000023 -17.788907240000007 -17.266094919999997 -17.568345829999988
11.423340031243132 -10.626024600000003 -2.6504065999999984 9.298620430000001 -2.1333231700000024 -17.791321990000007 -17.268519749999996 -17.570764829999987
11.423347271609863 -10.628425330000002 -2.6503978299999984 9.298638000000002 -2.133327730000002 -17.79373573000001 -17.270945299999998 -17.57318354999999
11.423347306878169 -10.630826290000002 -2.6503890699999983 9.298657510000002 -2.133340680000002 -17.796143260000008 -17.273370079999996 -17.57559835999999
11.47158597420565 -10.632990760000002 -2.6503876599999985 9.298662640000002 -2.133344140000002 -17.798309390000007 -17.275543579999997 -17.57776759999999
11.471586058415966 -10.635157400000002 -2.6503862499999986 9.298664460000001 -2.133341460000002 -17.80048053000001 -17.277716729999998 -17.57993957999999
11.471591945127729 -10.637322260000003 -2.650384829999999 9.298669060000002 -2.133342330000002 -17.80264912000001 -17.279890239999997 -17.58211023999999
11.471591967247297 -10.639486580000003 -2.650383419999999 9.298675560000001 -2.133346030000002 -17.804816240000008 -17.282063379999997 -17.58427989999999
11.772367791361654 -10.644435220000004 -2.650637659999999 9.29839796 -2.133329870000002 -17.809503440000007 -17.286779439999997 -17.588979279999993
11.793340778908904 -10.648983720000004 -2.650872339999999 9.298148920000001 -2.1333196100000023 -17.813813160000006 -17.291108219999998 -17.593297039999992
11.815540326094641 -10.652519740000004 -2.650797039999999 9.298235100000001 -2.1333147100000023 -17.817440260000005 -17.29472208 -17.59691855999999
11.859669606156782 -10.656335840000004 -2.650878519999999 9.298154680000001 -2.1333220700000024 -17.821168560000004 -17.29852018 -17.600676299999993
11.875394026584075 -10.659767960000003 -2.650813939999999 9.29822466 -2.1333250900000023 -17.824667640000005 -17.3020175 -17.604174639999993
12.110018745224941 -10.663483180000004 -2.650909359999999 9.298137760000001 -2.1333317900000024 -17.828289240000004 -17.305666780000003 -17.607807919999992
12.12207805166879 -10.667067200000004 -2.651021759999999 9.298054500000001 -2.1333588900000025 -17.831762920000003 -17.309186720000003 -17.611301119999993
12.433224601248487 -10.668618510000003 -2.651098489999999 9.297971790000002 -2.1333542200000024 -17.833236190000004 -17.31066652 -17.612777149999992
12.433224800131704 -10.670170140000003 -2.651175219999999 9.297887540000001 -2.1333505400000026 -17.834707250000005 -17.31214672 -17.614252069999992
12.43322773560552 -10.671721900000003 -2.651251959999999 9.297803000000002 -2.1333457200000026 -17.836179290000004 -17.313626760000002 -17.61572748999999
12.433227743837751 -10.673273160000003 -2.6513287199999986 9.297720250000001 -2.1333410500000025 -17.837652470000005 -17.31510666 -17.61720349999999
12.458889333749935 -10.674767620000003 -2.6513891699999985 9.297656790000001 -2.1333397800000027 -17.839084750000005 -17.316554670000002 -17.618642409999993
12.458889466528344 -10.676264780000002 -2.6514496199999984 9.297589530000002 -2.133336540000003 -17.840517890000005 -17.318000950000002 -17.620081099999993
12.458889951157254 -10.677761770000002 -2.651510079999998 9.297522240000001 -2.1333356800000027 -17.841948450000004 -17.319447580000002 -17.621518439999992
12.458890012880294 -10.679257350000002 -2.651570539999998 9.2974606 -2.1333362600000028 -17.843381810000004 -17.32089334 -17.62295702999999
12.496676376434412 -10.682270330000001 -2.651657599999998 9.297374880000001 -2.1333247200000027 -17.846320630000005 -17.32384016 -17.625899209999993
12.564328271234713 -10.68510387 -2.651733139999998 9.29729318 -2.1333218800000027 -17.849075310000003 -17.326630259999998 -17.62866882999999
12.744924867435586 -10.687924910000001 -2.651645899999998 9.297414120000001 -2.1333448400000026 -17.851994310000002 -17.329558719999998 -17.63159182999999
12.791458110517096 -10.690147890000002 -2.651612439999998 9.297473400000001 -2.1333654000000024 -17.85425601 -17.33182978 -17.63385746999999
12.798099519539354 -10.692298450000003 -2.651526719999998 9.297581840000001 -2.133393200000002 -17.85648723 -17.33408574 -17.63609912999999
13.043135175195543 -10.694764850000002 -2.651505839999998 9.29760446 -2.133391080000002 -17.85897839 -17.336580259999998 -17.63859170999999
13.086596636379184 -10.696700030000002 -2.6514759599999977 9.2976312 -2.133389420000002 -17.86094195 -17.338538999999997 -17.640553229999988
13.411887247480243 -10.698646330000003 -2.6513226799999976 9.2978274 -2.133435400000002 -17.86303849 -17.34065604 -17.64265840999999
13.45200066265478 -10.700630530000003 -2.6513759399999977 9.297781299999999 -2.133439780000002 -17.86497223 -17.34258842 -17.64459156999999
13.46076868649561 -10.702205530000004 -2.6513127999999977 9.297855279999999 -2.133447980000002 -17.86661299 -17.34423734 -17.64623576999999
13.482761476203779 -10.703819090000003 -2.6513255999999976 9.297863499999998 -2.133472360000002 -17.86821037 -17.34586556 -17.64784616999999
13.682479305864604 -10.705605150000004 -2.6512220199999974 9.297914939999998 -2.133413400000002 -17.87010681 -17.3477082 -17.64971990999999
13.724459765034897 -10.707061910000004 -2.6512316799999973 9.297905619999998 -2.133413280000002 -17.87155437 -17.34915988 -17.651169209999992
13.747158208808976 -10.708804630000003 -2.651303159999997 9.297836239999999 -2.133416360000002 -17.87322463 -17.35083606 -17.652841969999994
13.777193087204802 -10.709599160000003 -2.651334969999997 9.297802769999999 -2.133410790000002 -17.87399126 -17.35160397 -17.653609139999993
13.777193295278535 -10.710393830000003 -2.651366779999997 9.297771049999998 -2.133406050000002 -17.87475896 -17.35237059 -17.65437637999999
13.77719814477162 -10.711187970000003 -2.6513985999999967 9.297738869999998 -2.133400770000002 -17.87552621 -17.35313838 -17.655143859999992
13.777198163247713 -10.711984290000002 -2.6514304199999965 9.297706199999999 -2.133394930000002 -17.8762957 -17.353905 -17.65591213999999
13.780056567618942 -10.713341430000002 -2.6513753399999964 9.297782579999998 -2.133413410000002 -17.87771076 -17.35533008 -17.65733141999999
13.844418691482614 -10.714076790000002 -2.6513946399999964 9.297756009999999 -2.133402500000002 -17.87843045 -17.35604949 -17.658050989999992
13.844418792112007 -10.714814400000002 -2.6514139399999963 9.297737759999999 -2.1334091900000023 -17.87914313 -17.35676767 -17.658765989999992
13.844420375393245 -10.715546790000001 -2.6514332399999962 9.297719919999999 -2.133411690000002 -17.87985517 -17.35748587 -17.659480629999994
13.844420441731238 -10.716279990000002 -2.651452539999996 9.297699569999999 -2.1334112400000023 -17.88056847 -17.35820529 -17.660196509999995
13.912816698669776 -10.716987060000003 -2.6514595499999962 9.297691409999999 -2.133408630000002 -17.88126999 -17.35890688 -17.660898059999994
13.912816908397065 -10.717692710000003 -2.6514665599999963 9.297684579999999 -2.133406080000002 -17.88197136 -17.35960961 -17.661600009999994
13.912822806364776 -10.718399510000003 -2.6514735699999963 9.29767746 -2.133404900000002 -17.88267222 -17.36031127 -17.662301209999995
13.912822837738087 -10.719106490000003 -2.6514805899999963 9.29767001 -2.1334023900000023 -17.88337426 -17.36101253 -17.663002919999997
13.949794619310884 -10.719777090000003 -2.6514797699999963 9.29767206 -2.1334053600000025 -17.88404394 -17.36168254 -17.663672739999996
13.949794791396334 -10.720445100000003 -2.6514789499999964 9.29767407 -2.1334068000000026 -17.88471252 -17.36235552 -17.664343179999996
13.949799613652566 -10.721116670000002 -2.6514781299999965 9.297664099999999 -2.1333972500000025 -17.88538367 -17.363025500000003 -17.665013839999997
13.949799619674387 -10.721787610000002 -2.6514773099999966 9.297664399999999 -2.1333968300000024 -17.886055329999998 -17.36369424 -17.665684269999996
13.968835827795065 -10.723170270000002 -2.651501609999997 9.297633679999999 -2.1333926700000023 -17.88741141 -17.36505416 -17.667041969999996
13.981021736543164 -10.724389690000002 -2.6514568299999968 9.297689539999999 -2.1333955300000023 -17.888683829999998 -17.36632168 -17.668312329999996
14.021850901563948 -10.725747310000003 -2.651478369999997 9.297648919999999 -2.133372970000002 -17.89002339 -17.3676455 -17.669645249999995
14.058337863242912 -10.726428010000003 -2.651479319999997 9.297646639999998 -2.133372540000002 -17.89070224 -17.368324549999997 -17.670324179999994
14.058337943261828 -10.727110070000004 -2.651480269999997 9.297643329999998 -2.1333737500000023 -17.89137977 -17.369002589999997 -17.671001929999996
14.058344921838666 -10.727790580000004 -2.651481209999997 9.297639969999999 -2.1333729900000025 -17.89205768 -17.369681639999996 -17.671680319999997
14.05834493923858 -10.728471230000004 -2.651482149999997 9.297638799999998 -2.1333725400000025 -17.8927376 -17.370359679999996 -17.67235945
14.109404550753924 -10.729619950000004 -2.651435649999997 9.297685459999999 -2.1333732000000025 -17.89393234 -17.371563699999996 -17.673558089999997
14.153381297036626 -10.730978550000003 -2.651479709999997 9.297628079999999 -2.1333638000000024 -17.89524294 -17.372877199999994 -17.674869929999996
14.167412396148523 -10.731567020000004 -2.6514749299999973 9.297635459999999 -2.1333655200000026 -17.895837059999998 -17.373468299999995 -17.675462779999997
14.167412440583483 -10.732155860000004 -2.651470139999997 9.297643569999998 -2.1333682600000023 -17.896431269999997 -17.374058859999995 -17.676055449999996
14.16741616673266 -10.732743820000005 -2.651465349999997 9.297654809999997 -2.1333718900000025 -17.89702684 -17.374649669999993 -17.676649009999995
14.167416173772299 -10.733332110000005 -2.651460569999997 9.297665499999997 -2.1333746600000025 -17.89762304 -17.375241119999995 -17.677243209999993
14.168717654755511 -10.734568410000005 -2.6514750899999973 9.297649019999998 -2.1333738200000028 -17.89884368 -17.376472839999995 -17.678468529999993
14.460573231904608 -10.735748710000005 -2.6515180499999973 9.297599139999997 -2.133369620000003 -17.899978299999997 -17.377612459999995 -17.679605249999994
14.572578080578808 -10.736785730000005 -2.6515231499999974 9.297581519999998 -2.133349860000003 -17.901017439999997 -17.378644379999994 -17.680641349999995
14.59134362932327 -10.737327140000005 -2.6515008499999975 9.297603209999998 -2.133346890000003 -17.901583519999996 -17.379208769999995 -17.681206719999995
14.591343824917036 -10.737869060000005 -2.6514785599999975 9.297629219999997 -2.133347700000003 -17.902150639999995 -17.379772459999995 -17.681772389999995
14.591345247735877 -10.738417930000004 -2.6514562799999974 9.297623649999997 -2.133309860000003 -17.902731779999996 -17.380336109999995 -17.682346149999997
14.591345336037241 -10.738959730000005 -2.6514339899999975 9.297649799999997 -2.133311110000003 -17.903298479999997 -17.380899949999996 -17.682911639999997
14.598308421815199 -10.739480310000005 -2.6513961999999975 9.297696629999997 -2.133319770000003 -17.903857229999996 -17.381463149999995 -17.683472269999996
14.598308569887953 -10.740519690000005 -2.6513205999999974 9.297793289999998 -2.133339190000003 -17.904973849999998 -17.382589889999995 -17.684593149999994
14.598309094466963 -10.741040220000004 -2.6512827999999975 9.297835769999997 -2.1333440500000034 -17.905531999999997 -17.383153109999995 -17.685153439999993
15.09356638402583 -10.741995380000004 -2.6513437399999975 9.297765529999998 -2.1333347900000033 -17.906426179999997 -17.384048269999994 -17.686048019999994
15.093727556071606 -10.742424350000004 -2.6513204699999977 9.297793779999997 -2.1333422400000033 -17.906875949999996 -17.384502469999994 -17.686499659999996
15.093727610024821 -10.742852940000004 -2.6512971899999975 9.297821119999998 -2.1333466700000034 -17.907327449999997 -17.384957609999994 -17.686952699999996
15.093731083075552 -10.743282470000004 -2.6512738999999974 9.29784816 -2.1333515300000037 -17.907779159999997 -17.385411639999994 -17.687405389999995
15.093731085482489 -10.743711220000003 -2.6512506199999972 9.29787689 -2.1333562900000036 -17.908231889999996 -17.385865909999993 -17.687858769999995
15.117284253464128 -10.744475400000002 -2.6512190399999973 9.297912909999999 -2.1333595900000035 -17.909028789999997 -17.386649249999994 -17.688649949999995
15.127038810024779 -10.744903010000002 -2.6512069499999975 9.29792365 -2.1333584600000037 -17.909468269999998 -17.387090949999994 -17.689090369999995
15.127038851548843 -10.74533296 -2.6511948599999977 9.29793641 -2.1333591200000037 -17.90991033 -17.387532329999996 -17.689532139999994
15.127040306503297 -10.74576315 -2.6511827499999976 9.29794726 -2.133357990000004 -17.9103525 -17.387973419999994 -17.689973849999994
15.127040318750455 -10.74618911 -2.6511706499999974 9.297960340000001 -2.133358880000004 -17.91079065 -17.388420219999993 -17.690415649999995
15.183057395094917 -10.74697473 -2.6511763699999973 9.29793298 -2.133343660000004 -17.91156413 -17.389191619999995 -17.691188249999996
15.187401848302851 -10.747710849999999 -2.6511475099999973 9.297969080000001 -2.133347360000004 -17.91233265 -17.389955339999993 -17.691954749999997
15.27292087394375 -10.748597089999999 -2.6511276299999973 9.297969000000002 -2.133326120000004 -17.91324007 -17.390844899999994 -17.692854629999996
15.312232804640972 -10.74930983 -2.651090009999997 9.297991580000001 -2.133304340000004 -17.913997170000002 -17.391574639999995 -17.693600169999996
15.337781815354514 -10.75012619 -2.6511270499999973 9.297951620000001 -2.133301640000004 -17.91477627 -17.392358479999995 -17.694381269999997
15.35247065735674 -10.75085419 -2.6511351299999975 9.297949280000001 -2.133310640000004 -17.91549293 -17.393077459999994 -17.69509891
15.412051574189235 -10.75120124 -2.6511306199999973 9.297952810000002 -2.1333041000000037 -17.91585004 -17.393439959999995 -17.6954583
15.412051640226991 -10.75155569 -2.651126109999997 9.297958900000001 -2.1333036800000036 -17.916210999999997 -17.393800929999994 -17.695819259999997
15.412058992806875 -10.7519119 -2.651121589999997 9.297962720000001 -2.1332944300000034 -17.916580279999998 -17.394162399999995 -17.696185249999996
15.412059005999586 -10.75226612 -2.651117079999997 9.29796896 -2.1332939800000035 -17.91694119 -17.394523559999996 -17.696546259999995
15.457550478113069 -10.75260111 -2.651111529999997 9.29797609 -2.1332928500000037 -17.91728444 -17.394863379999997 -17.696888059999996
15.457550534702255 -10.752936100000001 -2.651105979999997 9.29798324 -2.133291720000004 -17.917627709999998 -17.395203179999996 -17.697229869999994
15.45755688358872 -10.753270160000001 -2.651100419999997 9.29799534 -2.133293920000004 -17.917971669999996 -17.395542889999994 -17.697572039999994
15.45755689072989 -10.753603960000001 -2.651094869999997 9.29800252 -2.1332927800000037 -17.918313789999996 -17.395884289999994 -17.697913859999993
15.499116197543099 -10.754399440000002 -2.651083369999997 9.29801522 -2.1332927400000035 -17.919122009999995 -17.396693329999994 -17.698722419999992
15.530997365349856 -10.755078620000003 -2.6510899299999973 9.29801188 -2.1332940000000034 -17.919796589999994 -17.397363469999995 -17.69939511999999
15.608021672402947 -10.755821360000002 -2.651127209999997 9.29796458 -2.1332806200000034 -17.920505409999993 -17.398066549999996 -17.70010151999999
15.627619920346953 -10.756434560000002 -2.651093229999997 9.29799946 -2.1332857600000033 -17.921148349999992 -17.398715789999997 -17.70074711999999
15.764698810610955 -10.756770750000003 -2.651090599999997 9.29800002 -2.1332793000000034 -17.921491569999993 -17.399056489999996 -17.70108926999999
15.764699032714663 -10.757106560000002 -2.651087969999997 9.29800514 -2.1332786100000036 -17.921833189999994 -17.399389839999994 -17.70142739999999
15.764702286787522 -10.757445900000002 -2.651085349999997 9.298006690000001 -2.1332735900000035 -17.922179089999993 -17.399724119999995 -17.701768399999988
15.764702327232705 -10.757782110000003 -2.651082729999997 9.298009890000001 -2.1332706000000035 -17.922521489999994 -17.400060509999996 -17.70210826999999
15.783668587801683 -10.758099530000003 -2.6510642099999973 9.298029820000002 -2.1332686700000036 -17.922860769999993 -17.400394549999994 -17.70244533999999
15.783668770249594 -10.758415150000003 -2.6510456899999975 9.298049830000002 -2.1332670200000035 -17.923198059999994 -17.400729559999995 -17.70278166999999
15.78367106649176 -10.758732550000003 -2.6510271599999973 9.298068370000001 -2.1332642100000037 -17.923536809999995 -17.401063199999996 -17.70311825999999
15.78367113987865 -10.759051260000003 -2.651008629999997 9.29808726 -2.133261410000004 -17.923877209999993 -17.401396689999995 -17.70345573999999
16.150133430376687 -10.759341790000002 -2.651018369999997 9.298079820000002 -2.1332622200000038 -17.924159479999993 -17.401674419999996 -17.70373609999999
16.150133606815434 -10.759633410000003 -2.651028109999997 9.298070710000001 -2.1332628400000035 -17.924441359999992 -17.401951739999994 -17.70401605999999
16.150139630207228 -10.759924930000002 -2.6510378499999967 9.2980622 -2.1332616000000035 -17.924725619999993 -17.402229399999992 -17.704297539999992
16.15013964778405 -10.760217120000002 -2.6510475899999966 9.29805249 -2.1332619300000037 -17.925007769999993 -17.402506479999992 -17.704577549999993
16.206239839030296 -10.760484800000002 -2.6510262099999964 9.298085219999999 -2.1332674800000038 -17.925302629999994 -17.402795619999992 -17.704869999999993
16.206239895463657 -10.760751590000002 -2.651004829999996 9.298124 -2.1332716700000036 -17.925604009999994 -17.403084289999992 -17.705166019999993
16.206245010530747 -10.761018380000001 -2.650983449999996 9.29814985 -2.1332745500000034 -17.925893759999994 -17.403373449999993 -17.705455519999994
16.20624501348335 -10.76128684 -2.650962059999996 9.29817469 -2.1332727700000036 -17.926188839999995 -17.403662129999994 -17.705747899999995
16.241962269556 -10.76155256 -2.6509666199999957 9.29816944 -2.1332694300000035 -17.926452639999994 -17.403916939999995 -17.706007909999997
16.24196237734702 -10.76181871 -2.6509711699999956 9.298164270000001 -2.1332655400000036 -17.926717519999993 -17.404171619999996 -17.706268479999995
16.241965591081094 -10.76208836 -2.6509757199999955 9.29814937 -2.1332484600000035 -17.926989349999992 -17.404426759999996 -17.706533269999994
16.241965624976793 -10.7623527 -2.6509802699999954 9.2981435 -2.1332379700000033 -17.927258319999993 -17.404682069999996 -17.706796469999993
16.272668838649775 -10.76290412 -2.650905249999995 9.29822722 -2.1332463700000033 -17.927885059999994 -17.405296989999997 -17.707418229999995
16.297644211550733 -10.76315905 -2.6508997599999953 9.298242909999999 -2.133260360000003 -17.928141679999992 -17.405563739999998 -17.707679129999995
16.297644232599556 -10.763423940000001 -2.6508942699999953 9.2982456 -2.133255600000003 -17.928414029999992 -17.40582979 -17.707948819999995
16.29764469256438 -10.76369213 -2.6508887899999953 9.29824781 -2.1332497200000033 -17.92869031999999 -17.40609584 -17.708220789999995
16.297644719519482 -10.76395926 -2.6508833099999953 9.29824914 -2.1332429800000035 -17.92896551999999 -17.40636259 -17.708492429999996
16.317395667215045 -10.76443136 -2.6508556099999954 9.298270879999999 -2.1332304600000036 -17.92947187999999 -17.40684825 -17.708990069999995
16.76461977550994 -10.76467178 -2.6508679299999955 9.298257909999998 -2.1332295300000035 -17.92970025999999 -17.40707058 -17.709215899999997
16.764619964701854 -10.764912500000001 -2.6508802499999957 9.298244539999999 -2.1332285800000035 -17.92992854999999 -17.40729279 -17.709441629999997
16.764622099902773 -10.76515316 -2.650892579999996 9.298231359999999 -2.1332280400000037 -17.930156579999988 -17.407514629999998 -17.709667039999996
16.764622158707294 -10.765394090000001 -2.650904909999996 9.298217359999999 -2.133226850000004 -17.930384699999987 -17.407736579999998 -17.709892559999997
16.782220319452865 -10.765855530000001 -2.650914729999996 9.298210659999999 -2.133227190000004 -17.930839119999987 -17.40817912 -17.710341979999995
16.782220465778195 -10.76631833 -2.6509245499999956 9.298200859999998 -2.133226610000004 -17.931292699999986 -17.40862198 -17.710791039999997
16.789270797584614 -10.76675859 -2.6508446899999956 9.298287179999997 -2.133233150000004 -17.931812759999985 -17.40914226 -17.711311199999997
16.83461809357462 -10.76714725 -2.6508237899999956 9.298307159999997 -2.1332296900000043 -17.932224839999986 -17.40954218 -17.711718159999997
16.84080761002032 -10.767610970000002 -2.6508075099999955 9.298326979999997 -2.1332367100000043 -17.932701359999985 -17.41001462 -17.712192959999996
16.876613074271265 -10.767996090000002 -2.6507869699999955 9.298345939999997 -2.133233590000004 -17.933108539999985 -17.410410059999997 -17.712595179999997
16.93924341068324 -10.768459630000002 -2.6508190099999953 9.298316059999998 -2.1332388300000042 -17.933536959999984 -17.410834879999996 -17.71302208
16.994219345451373 -10.768830150000003 -2.650799889999995 9.298331059999997 -2.1332342300000042 -17.933927079999982 -17.411224919999995 -17.71341218
17.02165391273096 -10.769256810000003 -2.650824009999995 9.298304439999997 -2.133237170000004 -17.934324179999983 -17.411627319999994 -17.71381152
17.03497888792243 -10.769637830000004 -2.6508201099999953 9.298304639999998 -2.133234130000004 -17.934708439999984 -17.412006179999995 -17.7141935
17.06051195125132 -10.769846960000004 -2.6508268399999952 9.298299089999999 -2.133235680000004 -17.934910469999984 -17.412209539999996 -17.71439609
17.060512078793447 -10.770055970000005 -2.650833569999995 9.2982936 -2.1332373200000037 -17.935112349999983 -17.412412909999997 -17.714598600000002
17.060515106413515 -10.770265090000004 -2.650840299999995 9.298288029999998 -2.1332388800000035 -17.935314339999984 -17.412616289999995 -17.714801180000002
17.060515126337876 -10.770474520000004 -2.650847029999995 9.298280529999998 -2.1332387300000035 -17.935516419999985 -17.412819649999996 -17.7150038
17.08921749766778 -10.770680350000005 -2.650856459999995 9.298272399999998 -2.1332410900000034 -17.935711749999985 -17.413019309999996 -17.71520096
17.089217599965245 -10.770888740000004 -2.650865889999995 9.298260019999999 -2.133238200000003 -17.935910649999986 -17.413218789999995 -17.71540011
17.089218842377424 -10.771095960000004 -2.650875319999995 9.298249409999999 -2.1332381800000033 -17.936107279999987 -17.413418279999995 -17.71559795
17.08921888320004 -10.771303230000004 -2.650884749999995 9.298238349999998 -2.1332372400000033 -17.936304439999986 -17.413617939999995 -17.71579616
17.257103367899294 -10.771697750000005 -2.650907729999995 9.298209689999998 -2.133231060000003 -17.936676479999985 -17.413986399999995 -17.7161667
17.33926284341941 -10.771875730000005 -2.6509097299999946 9.298208159999998 -2.133231770000003 -17.936852229999985 -17.414159049999995 -17.716341139999997
17.339262997900725 -10.772052280000006 -2.6509117299999945 9.298207549999997 -2.133233090000003 -17.937026839999984 -17.414332909999995 -17.716515429999998
17.339269492472006 -10.772230710000006 -2.6509137299999943 9.298206059999996 -2.133232100000003 -17.937204769999983 -17.414505239999997 -17.716690989999996
17.339269505706906 -10.772407820000005 -2.650915729999994 9.298204619999996 -2.133232820000003 -17.937379729999982 -17.4146789 -17.716865399999996
17.378688035956433 -10.772577020000005 -2.650915739999994 9.298206509999996 -2.133235910000003 -17.93754772999998 -17.41484564 -17.717032859999996
17.378688171148152 -10.772747610000005 -2.650915749999994 9.298204059999996 -2.1332358700000027 -17.93771590999998 -17.41501312 -17.717200739999996
17.37869379066298 -10.772919620000005 -2.650915759999994 9.298201109999995 -2.133234010000003 -17.93788682999998 -17.41518053 -17.717370179999996
17.37869379097992 -10.773088790000005 -2.650915769999994 9.298203359999995 -2.133236660000003 -17.938055599999977 -17.415347150000002 -17.717538039999997
17.392462182912364 -10.773413250000004 -2.650910769999994 9.298214919999996 -2.133241900000003 -17.938386379999976 -17.41568385 -17.717871319999997
17.446391866860722 -10.773586550000005 -2.650911209999994 9.298214449999996 -2.133241590000003 -17.938559529999974 -17.415857080000002 -17.718044499999998
17.44639192378318 -10.773759850000005 -2.650911649999994 9.298213539999995 -2.133241470000003 -17.938732039999973 -17.416030470000003 -17.71821738
17.446399296696793 -10.773932910000005 -2.650912089999994 9.298213329999996 -2.133241300000003 -17.938905069999972 -17.416203690000003 -17.718390489999997
17.446399305012605 -10.774105520000004 -2.650912529999994 9.298214299999996 -2.133241490000003 -17.939078459999973 -17.416377070000003 -17.718563879999998
17.456545560169726 -10.774477980000004 -2.650933569999994 9.298191219999996 -2.133241590000003 -17.939427719999973 -17.416738670000004 -17.71891834
17.462647450341052 -10.774862620000004 -2.6509583099999943 9.298149179999996 -2.133224910000003 -17.939786979999973 -17.417088670000005 -17.7192737
17.56348282858409 -10.775016800000003 -2.6509568499999943 9.298152469999996 -2.133226000000003 -17.93994334999997 -17.417242980000005 -17.7194292
17.563482866841003 -10.775171210000003 -2.6509553899999942 9.298154949999995 -2.133226220000003 -17.94010000999997 -17.417397150000003 -17.71958481
17.563487601287264 -10.775325400000003 -2.6509539299999942 9.298158909999996 -2.133227770000003 -17.94025660999997 -17.417551390000003 -17.71974041
17.563487606204475 -10.775480600000003 -2.6509524699999942 9.298160219999996 -2.133226680000003 -17.94041420999997 -17.417705690000002 -17.71989662
17.603852993338965 -10.775837440000004 -2.650977829999994 9.298134039999995 -2.133223260000003 -17.94074828999997 -17.418045650000003 -17.72023318
17.783823841186564 -10.776007730000003 -2.6509894199999944 9.298119919999996 -2.133221280000003 -17.94090642999997 -17.418198110000002 -17.72038892
17.78382404716563 -10.776177340000004 -2.6510010099999946 9.298106469999995 -2.133219230000003 -17.94106462999997 -17.418350580000002 -17.7205447
17.783827775701763 -10.776345630000003 -2.6510126099999947 9.298093769999996 -2.133217340000003 -17.94122210999997 -17.418504770000002 -17.720700790000002
17.783827805299214 -10.776514490000004 -2.651024199999995 9.298079959999995 -2.133215670000003 -17.94137883999997 -17.41865895 -17.720856440000002
17.83298688179819 -10.776667570000004 -2.651024999999995 9.298077839999996 -2.1332154000000028 -17.94153006999997 -17.418809850000002 -17.72100753
17.832987007016058 -10.776824400000004 -2.651025789999995 9.298072079999995 -2.133209390000003 -17.94168713999997 -17.41896029 -17.7211618
17.832988189189777 -10.776982140000005 -2.651026579999995 9.298064839999995 -2.133203230000003 -17.94184380999997 -17.41911069 -17.72131582
17.832988288656303 -10.777134650000004 -2.651027379999995 9.298069699999996 -2.133202440000003 -17.94200197999997 -17.41926156 -17.72147091
17.885854597568418 -10.777286710000004 -2.651028949999995 9.298065839999996 -2.133201570000003 -17.942151049999968 -17.41941082 -17.72162006
17.88585480746513 -10.777435810000004 -2.6510305199999946 9.298065209999995 -2.133205150000003 -17.94229593999997 -17.41955996 -17.72176674
17.88585937690809 -10.777587660000004 -2.651032099999995 9.298062679999996 -2.133206210000003 -17.94244419999997 -17.41970913 -17.72191538
17.885859396811306 -10.777737670000004 -2.651033679999995 9.298060379999995 -2.133208020000003 -17.94259009999997 -17.41985841 -17.72206271
17.894579573864785 -10.778029890000004 -2.651036259999995 9.298055999999995 -2.133208040000003 -17.942877939999967 -17.420143069999998 -17.72234921
17.90228966739989 -10.778293370000004 -2.6510212399999946 9.298081539999995 -2.133216400000003 -17.943158619999966 -17.42041377 -17.72262567
17.90683450294329 -10.778633370000003 -2.6510216999999945 9.298068099999995 -2.133202220000003 -17.943499339999967 -17.42073449 -17.722957949999998
17.913006647752553 -10.778787310000004 -2.6510174799999944 9.298060039999994 -2.133190080000003 -17.94365736999997 -17.42087961 -17.72311053
17.913006829790067 -10.778938770000003 -2.6510132599999943 9.298039079999993 -2.133158660000003 -17.94381929999997 -17.421029 -17.72326717
17.91301054925451 -10.779080850000003 -2.651009049999994 9.298040419999994 -2.133154100000003 -17.94396727999997 -17.4211791 -17.72341604
17.91301059107973 -10.779235640000003 -2.651004829999994 9.298031479999993 -2.133140220000003 -17.94412699999997 -17.421324209999998 -17.7235696
17.926124391015094 -10.779519540000003 -2.651006969999994 9.298028319999993 -2.133136780000003 -17.94441117999997 -17.421610509999997 -17.723854680000002
17.932047795096327 -10.779825920000002 -2.651013469999994 9.298003499999993 -2.1331185000000032 -17.94471099999997 -17.42189001 -17.72414592
17.956093291416007 -10.780150240000003 -2.6510289899999937 9.297985839999994 -2.133119340000003 -17.94501681999997 -17.42220011 -17.724453540000003
17.984128008341266 -10.780408140000002 -2.6510130499999938 9.298003479999993 -2.133121180000003 -17.945290519999972 -17.422468289999998 -17.724724900000002
18.01255644153694 -10.780663780000003 -2.650998329999994 9.298025159999993 -2.133121100000003 -17.945567919999974 -17.422729009999998 -17.72499526
18.032236765553595 -10.780950840000003 -2.651011909999994 9.298004359999993 -2.133105740000003 -17.945849539999973 -17.423002229999998 -17.72527334
18.03750656078242 -10.781224440000003 -2.651015689999994 9.297996919999994 -2.133100200000003 -17.946121259999973 -17.42327021 -17.725543480000002
18.052251555202233 -10.781369570000003 -2.651018119999994 9.297992329999994 -2.133099970000003 -17.946262039999972 -17.42341346 -17.725685300000002
18.0522516905312 -10.781516490000003 -2.651020549999994 9.297990199999994 -2.133100570000003 -17.946406229999972 -17.42355416 -17.72582802
18.052256241096654 -10.781663530000003 -2.651022979999994 9.297984759999993 -2.133099050000003 -17.946549339999972 -17.423696619999998 -17.725970850000003
18.052256247072375 -10.781808650000004 -2.6510254099999937 9.297982259999992 -2.1330995100000028 -17.94669149999997 -17.42383988 -17.72611347
18.072816097284473 -10.782116690000004 -2.6510445099999935 9.297962879999993 -2.1331025300000026 -17.946977139999973 -17.42411812 -17.72639599
18.13265886124098 -10.782261140000005 -2.6510506299999936 9.297954389999992 -2.133102640000003 -17.947112989999972 -17.424252329999998 -17.72653115
18.13265892031806 -10.782402500000005 -2.6510567499999937 9.297948029999992 -2.133102970000003 -17.947247659999974 -17.424386539999997 -17.72666562
18.132659290800937 -10.782546760000006 -2.651062869999994 9.297938159999992 -2.133095960000003 -17.947389059999974 -17.424520799999996 -17.72680401
18.132659363181688 -10.782692850000005 -2.651068989999994 9.297926879999991 -2.133091810000003 -17.947528019999975 -17.424655059999996 -17.72694098
18.137042079712298 -10.782981550000006 -2.651087829999994 9.297904299999992 -2.133086550000003 -17.947799399999976 -17.424931239999996 -17.72721438
18.138746987255445 -10.783289150000005 -2.651103709999994 9.297879959999992 -2.133080670000003 -17.948088539999976 -17.425221939999997 -17.72750418
18.160493652395644 -10.783551170000004 -2.651106909999994 9.297882159999993 -2.133078190000003 -17.948355219999975 -17.425479079999995 -17.72776684
18.255420261330492 -10.783680130000004 -2.651099279999994 9.297892069999993 -2.133079710000003 -17.948492569999974 -17.425614059999994 -17.72790319
18.255420311875344 -10.783810280000004 -2.6510916499999944 9.297898689999993 -2.133079670000003 -17.948629389999976 -17.425749079999992 -17.72803925
18.255426523607348 -10.783939220000004 -2.6510840199999945 9.297909899999993 -2.133079430000003 -17.948769779999974 -17.42588405999999 -17.72817736
18.25542652699564 -10.784069340000004 -2.6510763899999947 9.297917669999993 -2.133080260000003 -17.948906849999975 -17.42601909999999 -17.72831357
18.27203362680824 -10.784332500000003 -2.6510887499999947 9.297904849999993 -2.133082520000003 -17.949154949999976 -17.42626757999999 -17.72856183
18.282451952606156 -10.784577000000004 -2.651074329999995 9.297906689999992 -2.133072980000003 -17.949410809999975 -17.42650543999999 -17.72881009
18.298855193465208 -10.784849220000003 -2.6510446099999947 9.297937249999993 -2.1330752600000027 -17.949711289999975 -17.42679635999999 -17.72910653
18.33748972206679 -10.785087700000004 -2.651033409999995 9.297945789999993 -2.133072320000003 -17.949961229999975 -17.42703647999999 -17.729352329999998
18.387208879056125 -10.785357520000003 -2.651022269999995 9.297951169999992 -2.133069760000003 -17.950238989999974 -17.42731379999999 -17.729629909999996
18.387471379702575 -10.785476290000004 -2.651020719999995 9.297956779999993 -2.1330740800000028 -17.950359049999975 -17.42743651999999 -17.729751089999997
18.387471404713555 -10.785600420000003 -2.651019169999995 9.297953599999992 -2.133066620000003 -17.950487459999973 -17.427559129999988 -17.729877059999996
18.38747345970597 -10.785737010000004 -2.6510176299999952 9.297916349999992 -2.1330216900000027 -17.950631719999972 -17.427681739999986 -17.730012189999997
18.38747347673232 -10.785855790000003 -2.6510160899999953 9.297921939999993 -2.1330260100000027 -17.950751779999973 -17.427804449999986 -17.730133369999997
18.39052560604513 -10.786128550000003 -2.6510263899999953 9.297908839999993 -2.1330254500000025 -17.951011999999974 -17.428060949999985 -17.730392029999997
18.413518757321036 -10.786411150000003 -2.6510403299999954 9.297891319999993 -2.1330240700000025 -17.951278439999975 -17.428321749999984 -17.730656089999997
18.41452014895402 -10.786647810000003 -2.651029549999995 9.297900659999993 -2.1330232100000024 -17.951525299999975 -17.428548369999984 -17.730894409999998
18.415723224721724 -10.786887630000003 -2.6510286499999953 9.297904219999992 -2.1330259100000024 -17.951765979999976 -17.428788169999983 -17.731134729999997
18.43150862086905 -10.787138910000003 -2.6510387299999953 9.297894839999993 -2.1330247900000026 -17.952009019999977 -17.429024389999984 -17.731374889999998
18.468469111637024 -10.787405410000003 -2.651045109999995 9.297895039999993 -2.1330343100000024 -17.952266199999976 -17.429286709999985 -17.731634229999997
18.491465852031354 -10.787655850000004 -2.651050009999995 9.297873699999993 -2.1330190100000026 -17.952510579999977 -17.429522389999985 -17.731874949999998
18.779207578285654 -10.787898570000003 -2.651066109999995 9.297850859999993 -2.1330174900000025 -17.952731979999978 -17.429735549999986 -17.73209287
18.793177374456285 -10.788104650000003 -2.651056449999995 9.297858799999993 -2.1330131900000024 -17.952950299999976 -17.429936209999987 -17.73230375
18.86772966466207 -10.788300690000003 -2.651052789999995 9.297857279999993 -2.1330084300000025 -17.953149599999975 -17.430142369999988 -17.73250595
18.868358203252292 -10.788492050000004 -2.651043809999995 9.297866639999993 -2.1330022900000025 -17.953356459999974 -17.43034808999999 -17.732712330000002
18.91586957939676 -10.788722810000005 -2.651040809999995 9.297863559999993 -2.1329977900000023 -17.953588639999975 -17.430578689999987 -17.73294385
18.9295907782092 -10.788957750000005 -2.651053249999995 9.297835279999992 -2.1329800300000024 -17.953813039999975 -17.430796669999985 -17.733165550000002
18.938904612480332 -10.789171510000005 -2.651061549999995 9.297818919999992 -2.1329728700000024 -17.954017579999974 -17.430996469999986 -17.733368090000003
18.939206126365953 -10.789393450000004 -2.651073129999995 9.297798479999992 -2.1329690500000025 -17.954222919999975 -17.431199689999985 -17.733572530000004
18.97847926435146 -10.789631830000005 -2.651087789999995 9.297771519999992 -2.1329585100000026 -17.954444879999976 -17.431419009999985 -17.733793370000004
18.998060718247125 -10.789828230000005 -2.6510871099999953 9.297762639999993 -2.1329488500000027 -17.954642059999976 -17.431622289999986 -17.733993110000004
19.17184453224208 -10.789928620000005 -2.6510905199999955 9.297756959999994 -2.1329471200000025 -17.954738499999976 -17.431717309999986 -17.734088950000004
19.171844671865212 -10.790032910000004 -2.6510939399999955 9.297742019999994 -2.1329277200000027 -17.954847259999976 -17.431812259999987 -17.734191890000005
19.171851339484217 -10.790133230000004 -2.6510973499999957 9.297736629999994 -2.1329262000000027 -17.954943709999977 -17.431907279999987 -17.734287740000006
19.171851347839794 -10.790233340000004 -2.6511007699999958 9.297732449999994 -2.132925580000003 -17.955040259999976 -17.432002249999986 -17.734383620000006
19.27672453538316 -10.790324060000003 -2.6511017999999957 9.297730919999994 -2.132924570000003 -17.955130459999975 -17.432090779999985 -17.734473120000008
19.27672463361971 -10.790414090000004 -2.6511028299999957 9.297731009999994 -2.1329243700000027 -17.955220779999976 -17.432179439999985 -17.73456274000001
19.27672891411977 -10.790503740000004 -2.6511038599999956 9.297732449999994 -2.1329241600000026 -17.955312069999977 -17.432268089999983 -17.73465292000001
19.276728936794196 -10.790595740000004 -2.6511048899999956 9.297731039999995 -2.1329182500000026 -17.955408569999978 -17.432356619999982 -17.73474605000001
19.47187968444408 -10.790786780000005 -2.6511164699999954 9.297722859999995 -2.1329171100000024 -17.955592589999977 -17.432533539999984 -17.73492707000001
19.500252759034677 -10.790870320000005 -2.6511156399999956 9.297723479999995 -2.132917870000002 -17.95567598999998 -17.432616319999983 -17.73501021000001
19.50025280450849 -10.790957500000005 -2.6511148099999957 9.297722539999995 -2.132918750000002 -17.95576135999998 -17.432695129999985 -17.73509281000001
