13.95124765637674 0.00431582 0.2694748 -0.11779412 0.03472188 0.08738806 0.09258438 0.08958026
13.9512476624246 0.05945796 0.5911636 -0.18167538 0.07100134 0.170132 0.18349388 0.17576904
13.951248577830825 0.16979248 1.2345408 -0.30940066 0.14352574 0.3356674 0.36528612 0.3481628
13.951248583878687 0.17840948 1.7734931999999999 -0.54498362 0.21295914000000002 0.51043396 0.55048012 0.52732844
14.423885223354127 0.18875712 1.9997728 -0.62003028 0.24117408 0.56761332 0.61414928 0.58724568
14.423885358539945 0.17300606 2.2023859999999997 -0.75429542 0.27170476 0.65559672 0.7060801400000001 0.67689442
14.423885789763686 0.14147157999999999 2.6076135999999996 -1.02289042 0.33281424 0.8315477600000001 0.88994406 0.8561837
14.423885924949502 0.16223542 3.0601735999999997 -1.1729135 0.38917631999999996 0.9459726 1.01727554 0.97605354
15.300765637977996 0.23976915999999998 3.6443695399999996 -1.25163056 0.4668078 1.02459192 1.11488846 1.0626858
15.444259841051514 0.25270931999999996 3.8207125599999996 -1.29547226 0.49340264 1.05477894 1.15157656 1.0956154599999999
15.444259848889207 0.27868087999999996 4.173400839999999 -1.38302398 0.54647432 1.11523054 1.2249430000000001 1.1615155
15.838747443138548 0.26491153999999995 4.28497612 -1.44821194 0.5730888799999999 1.1400346 1.25574154 1.1888485
16.190248417641726 0.27547743999999996 4.3306657799999995 -1.4469748199999999 0.580548 1.14190424 1.2594235 1.19148272
16.190249051548356 0.29660119999999995 4.42204574 -1.44451198 0.5954761999999999 1.1456369599999998 1.2667861 1.1967467999999999
16.36255371909977 0.26156092 4.40870834 -1.49403976 0.5994544199999999 1.1561462399999998 1.28024582 1.2085008
16.362554528710326 0.19144747999999998 4.3820333 -1.5931288399999999 0.60743942 1.1771368799999997 1.30718178 1.23199964
16.39591473982036 0.18523639999999997 4.38930822 -1.59813086 0.610645 1.1727222399999997 1.30434282 1.2282497399999999
16.3959148221892 0.18439311999999997 4.40503672 -1.59577044 0.61405236 1.1661111799999997 1.2987973800000001 1.22208824
16.395915661274444 0.18264975999999997 4.43649428 -1.59103388 0.62084748 1.1528361399999998 1.2877637800000001 1.2097588
16.395915743643286 0.17022495999999998 4.4510437199999995 -1.6010182 0.62724852 1.1439946199999997 1.2820867000000002 1.20225228
16.57056134857451 0.13901476 4.43636582 -1.64272746 0.6308950999999999 1.1508470999999998 1.2919024000000003 1.21035486
16.570561982481145 0.07657779999999999 4.40701038 -1.7261556999999998 0.6381880999999999 1.1645453799999999 1.3115576800000004 1.22656626
16.908217468759396 0.07918959999999999 4.42552726 -1.7283571999999998 0.6429578399999999 1.16458896 1.3115493400000005 1.22658794
16.908217608322808 0.07775435999999998 4.43709946 -1.7101364999999997 0.6419963199999998 1.1458945399999998 1.2942969600000005 1.20850188
16.90821839021348 0.07484787999999998 4.46024338 -1.6737072599999998 0.6400843599999998 1.1084707799999998 1.2598176000000005 1.17232028
16.908218529776892 0.08004299999999998 4.497278059999999 -1.6781486599999997 0.6496700399999998 1.1085215799999997 1.2598043200000006 1.17234404
17.056564440613034 0.07207151999999997 4.513080379999999 -1.6618943299999998 0.6506942099999998 1.0832715999999998 1.2352654900000006 1.1473940900000001
17.4810688070744 0.07139317999999997 4.523639879999999 -1.6503603899999997 0.6512198099999998 1.0705337399999997 1.2231824100000006 1.13493247
17.481068892631576 0.06805425999999998 4.53179502 -1.6467409099999997 0.6530845099999999 1.0617106199999997 1.2152211500000005 1.1264729500000001
17.481069373483958 0.06140097999999998 4.54810498 -1.6394603499999996 0.6567691099999999 1.0440922199999998 1.1993069900000006 1.1095735500000001
17.481069459041134 0.06005705999999998 4.56922462 -1.6164035499999996 0.6578371099999999 1.0186234599999997 1.1751209500000006 1.08464595
17.487710257301707 0.04999253999999998 4.5654483 -1.6264147099999995 0.6593812899999999 1.0170259399999997 1.1745498900000007 1.0834814700000002
17.487710711912367 0.029845699999999982 4.5578965799999995 -1.6464586699999995 0.6624871699999999 1.0138171799999998 1.1734012500000006 1.0811418300000002
17.517448993250504 0.004715799999999982 4.542748 -1.6662856699999995 0.6613378099999999 1.0096636399999999 1.1708917300000006 1.0776818700000002
17.517449589951585 -0.045581000000000024 4.51245012 -1.7059705899999995 0.6590614899999999 1.00132808 1.1659026900000007 1.07075811
17.735487540035102 -0.048559540000000026 4.5187491799999995 -1.7112270699999994 0.66301543 0.9996520799999999 1.1648726900000006 1.0693546500000002
17.7354879670701 -0.054529020000000025 4.53134754 -1.7217394299999995 0.6709254699999999 0.9962849199999999 1.1628265300000007 1.0665447700000001
17.84487303781676 -0.06998638000000003 4.5258838 -1.7241120099999996 0.6704699099999999 0.9836556799999999 1.1508809500000008 1.0542039500000002
17.844873535570613 -0.10092518000000003 4.5149551599999995 -1.7288855299999997 0.6695818699999999 0.9583784399999999 1.1269906700000007 1.0295118300000001
17.96702507294337 -0.10819298000000004 4.51756828 -1.7364567499999997 0.6728431699999999 0.95542056 1.1243697700000008 1.02669611
17.96702519065932 -0.10447706000000004 4.53257658 -1.7132325099999997 0.6719410699999999 0.93681434 1.106528430000001 1.00841257
17.967025639352926 -0.09703766000000004 4.562592899999999 -1.6667556299999997 0.67010507 0.89961282 1.0708465900000008 0.9718521699999999
17.967025757068882 -0.11161174000000004 4.567819259999999 -1.6819445099999997 0.67667143 0.89366122 1.0656096300000009 0.9662020499999999
18.2692397991557 -0.10649436000000004 4.579289639999999 -1.6780450099999997 0.67868853 0.892862 1.065183870000001 0.96556037
18.26923980699339 -0.11950668000000003 4.577791239999999 -1.6908635699999996 0.6800205699999999 0.89133624 1.065713950000001 0.9649019299999999
18.2692399317489 -0.12604844000000004 4.577042079999999 -1.6972958699999996 0.6807109899999999 0.89053636 1.065981650000001 0.9645524299999999
18.26923993958659 -0.11567752000000003 4.599983519999999 -1.6893443099999996 0.6845997899999999 0.88906692 1.065096610000001 0.9633295099999999
18.35142428221176 -0.11847851000000004 4.603926329999999 -1.6844011299999997 0.6850448499999999 0.8808776899999999 1.057111840000001 0.9552265299999999
18.351424571064204 -0.12407577000000003 4.611812069999999 -1.6745121899999997 0.6859326099999999 0.8645037499999999 1.041138940000001 0.9390217699999999
18.414616046680038 -0.12547348000000003 4.615812609999999 -1.6684913699999997 0.68583754 0.85718029 1.033985660000001 0.9317700999999998
18.41461632101469 -0.12827476000000002 4.623813849999999 -1.6564509499999998 0.6856492 0.84252695 1.019685840000001 0.9172658999999999
18.881755582705864 -0.12177132000000002 4.636113989999998 -1.6540037899999998 0.6877008 0.84453163 1.0219681400000011 0.9193876999999998
18.881755590543555 -0.13514048 4.626574109999998 -1.6661354699999997 0.68783424 0.84316067 1.021873700000001 0.9185552599999998
18.88175568972233 -0.14182804000000002 4.621804349999998 -1.6722236099999996 0.68792034 0.84247513 1.021817400000001 0.9181351799999997
18.88175569756002 -0.12881632 4.646405229999998 -1.6673181299999997 0.6920133 0.84648841 1.0263940400000011 0.9223860999999998
18.939210650773994 -0.12300914000000002 4.653676249999998 -1.6626767299999998 0.69274024 0.84692725 1.027001280000001 0.9228959799999997
18.93921074011305 -0.12374872000000002 4.655353609999999 -1.6643592299999999 0.69293838 0.84767201 1.028186740000001 0.9238266599999997
18.939211460384556 -0.12514652 4.6587083699999985 -1.66758759 0.69320682 0.84923413 1.030559780000001 0.9257308999999997
18.93921154972361 -0.11353584000000001 4.673250289999999 -1.65831227 0.69467294 0.85010333 1.031761140000001 0.9267402199999997
19.05524208634813 -0.10907517000000001 4.687987509999998 -1.65354647 0.69730208 0.8471690500000001 1.0282579800000011 0.9235659499999996
19.055242513705032 -0.10014569000000001 4.7174612699999985 -1.6440045699999999 0.7025521800000001 0.8413065300000001 1.021251000000001 0.9172206099999997
19.07009058474014 -0.10991642000000001 4.726938209999998 -1.62794125 0.7027278600000001 0.8152968300000001 0.995844060000001 0.8914651899999997
19.11057972729635 -0.10341380000000001 4.733835449999998 -1.6211950899999998 0.7028965200000001 0.8148846900000001 0.996482400000001 0.8914962099999997
19.140318561911446 -0.09723050000000001 4.7441679899999984 -1.6236985299999998 0.7050613200000001 0.82140663 1.003219500000001 0.8981089299999997
19.147124939856877 -0.07842033000000001 4.773094709999999 -1.5868270099999997 0.7043835700000001 0.80402304 0.985743920000001 0.8806865299999997
19.147125555650106 -0.04081365000000001 4.830949629999998 -1.5130992299999997 0.7030496500000001 0.76923586 0.950796120000001 0.8458315899999997
19.525379983546472 -0.04057049000000001 4.832851589999998 -1.5117524099999997 0.70325475 0.76792712 0.949696520000001 0.8446110899999998
19.525380055897084 -0.03503847000000001 4.839029329999998 -1.5072378899999996 0.7039564500000001 0.7682429 0.950151780000001 0.8449857099999998
19.525380793157034 -0.02397691000000001 4.851384969999998 -1.4982054099999997 0.7053574100000001 0.76887098 0.951068580000001 0.8457355899999998
19.525380865507646 -0.02348327000000001 4.855189009999998 -1.4955067699999998 0.70576181 0.76626162 0.9488634600000011 0.8432967499999997
19.60023763460812 -0.046915970000000015 4.843251049999998 -1.5181131499999998 0.70765553 0.76354164 0.9476011200000011 0.8411917099999997
19.825525304856484 -0.044226090000000016 4.846508489999998 -1.5151738299999997 0.7078356100000001 0.7631121200000001 0.947318120000001 0.8408239899999997
19.825525391602923 -0.04432045000000002 4.847372189999998 -1.5179350299999996 0.7084727500000001 0.7651418200000001 0.949542640000001 0.8429358699999997
19.82552587126604 -0.04444985000000002 4.849099629999998 -1.5233615499999997 0.7096597500000001 0.7692519800000001 0.953996440000001 0.8471909899999996
19.82552595801248 -0.03910961000000002 4.8556144299999975 -1.5175449899999998 0.7100728300000001 0.76836258 0.9534451200000009 0.8464442299999997
19.830997336638905 -0.027231470000000015 4.870081029999998 -1.5020483099999997 0.7107508300000001 0.76406604 0.9500442000000009 0.8425255699999997
19.93237733815271 -0.025784130000000016 4.871430229999998 -1.5013042299999997 0.7109330300000001 0.7645871 0.9506995200000009 0.8431032699999997
19.932377838780106 -0.022940850000000016 4.874128949999998 -1.4998677899999997 0.7113451500000001 0.76558182 0.9520278800000009 0.8442387499999997
19.940382854915057 -0.027640890000000015 4.872847229999998 -1.5110502899999998 0.71302653 0.7703829 0.9571538000000009 0.8491768699999998
19.962116120118242 -0.024537510000000016 4.876473189999998 -1.5096036499999999 0.71351039 0.77155578 0.9584537800000009 0.8504033699999998
19.962116670802587 -0.018391750000000016 4.883725229999998 -1.5067858099999998 0.71454715 0.77384694 0.961051500000001 0.8528238499999997
20.32811000371109 -0.024213610000000017 4.8806295299999976 -1.5115661499999997 0.71458957 0.77276302 0.960300320000001 0.8518803099999998
20.32811001154878 -0.03560737000000001 4.877527329999998 -1.5209186699999997 0.71618889 0.76912246 0.957022520000001 0.8483927899999998
20.328110078751322 -0.04129173000000001 4.875976289999998 -1.5255631499999998 0.71696779 0.7673036799999999 0.955380220000001 0.8466484699999998
20.328110086589014 -0.05294997000000001 4.869784809999998 -1.5351624299999997 0.71710399 0.76510852 0.953880460000001 0.8447466699999998
20.44468007406196 -0.05097163000000001 4.871091309999998 -1.5324556299999998 0.71694851 0.76453554 0.953489640000001 0.8442505499999998
20.4446806179435 -0.047006790000000014 4.873704549999998 -1.52701955 0.7166143100000001 0.76339854 0.9527093600000011 0.8432640299999998
20.474418899281638 -0.04881019000000001 4.8718994099999975 -1.5322688299999998 0.7170088900000001 0.7664498399999999 0.9557926200000011 0.8463288099999998
20.474419406711835 -0.05241775000000001 4.868289049999998 -1.5427439499999998 0.7177756100000001 0.7725506799999999 0.961977260000001 0.8524650099999999
20.497678552292886 -0.05197887000000001 4.868584289999998 -1.5426491499999997 0.7178422500000001 0.7728281199999999 0.9623197400000011 0.8527698899999998
20.497678591237605 -0.05275551000000001 4.866161349999998 -1.5436598099999996 0.7175961100000001 0.7733082799999998 0.9628833200000011 0.8532852499999998
20.497679007237373 -0.05430515000000001 4.861315269999998 -1.5456720899999996 0.7170951900000001 0.7742718399999998 0.9640094400000011 0.8543174099999997
20.497679046182093 -0.053441150000000014 4.861905989999998 -1.5454898899999996 0.7172356700000001 0.7748131599999998 0.9646942800000011 0.8549192899999998
20.551570372959763 -0.05133781000000001 4.863442509999998 -1.5441270099999995 0.7173488900000001 0.7754403799999998 0.9654705400000011 0.8556093899999998
20.55157038525215 -0.04959933000000001 4.864965789999998 -1.5451425299999995 0.7178221100000002 0.7777211599999998 0.9678449800000011 0.8579296899999999
20.55157129441385 -0.04612929000000001 4.868012389999998 -1.5471270899999994 0.7187295500000002 0.7822683199999998 0.972636220000001 0.8625798099999998
20.551571306706233 -0.04193025000000001 4.871085469999998 -1.5444238099999994 0.7189659500000002 0.7835276799999998 0.974184420000001 0.8639610099999998
20.629668406571355 -0.03896615000000001 4.873689549999998 -1.5413850699999994 0.7190603300000001 0.7833586599999999 0.9740871200000011 0.8638222499999998
20.62966850803613 -0.03716985000000001 4.875706069999998 -1.5397718899999993 0.7191655900000001 0.7834365199999999 0.9741499000000011 0.8638937499999998
20.629668861515842 -0.033620970000000014 4.8797392299999975 -1.5366414499999992 0.7194607500000001 0.7835597999999998 0.9742611400000011 0.8640119499999998
20.629668962980617 -0.027673210000000014 4.884947309999998 -1.5305278499999992 0.71960575 0.7832489599999998 0.9740660200000011 0.8637499499999998
20.79226051077761 -0.028850230000000015 4.8886820099999975 -1.5251981099999992 0.71941951 0.7769284399999997 0.968000920000001 0.8575371899999997
20.792671073531018 -0.028375070000000016 4.888486989999998 -1.5266277099999992 0.71960141 0.7786512999999997 0.9698985600000011 0.8593337899999998
20.792671551386086 -0.027384830000000016 4.888096949999998 -1.5294289499999991 0.71989709 0.7821471399999997 0.9737179600000011 0.8629661099999998
20.82237166619746 -0.04884749000000002 4.8770832299999975 -1.545973409999999 0.72057329 0.7765527399999997 0.9687604600000012 0.8576403899999998
20.902056622132747 -0.04725115000000002 4.8790386299999975 -1.545541349999999 0.72097351 0.7773167999999997 0.9695055200000011 0.8583964299999998
20.902057069066526 -0.04405339000000002 4.882949509999998 -1.544649949999999 0.7217527499999999 0.7788439199999997 0.9710082800000012 0.8599132699999997
20.960881656503055 -0.042705430000000016 4.884840409999998 -1.543124989999999 0.7218589499999999 0.7785607199999997 0.9710531000000011 0.8597684299999997
21.168027957670304 -0.04367459000000001 4.883671929999998 -1.543954289999999 0.7217890099999998 0.7784907999999997 0.9711259400000011 0.8597587299999997
21.168028052164864 -0.04266295000000001 4.884589809999999 -1.543147529999999 0.7219583699999998 0.7785263199999997 0.9712641000000011 0.8598375499999997
21.168028061561373 -0.04063211000000001 4.886425489999999 -1.5415333699999991 0.7222964899999998 0.7786049199999997 0.9715308200000011 0.8599955099999997
21.168028156055932 -0.04255923000000001 4.884088249999999 -1.543171049999999 0.7221330899999998 0.7784788799999997 0.9716843000000012 0.8599873899999998
21.176404278414584 -0.04202135000000001 4.883849869999999 -1.543712329999999 0.7221455499999998 0.7795455799999996 0.9728187000000011 0.8610826499999998
21.176404526575773 -0.040989550000000013 4.883373189999999 -1.5448318099999991 0.7222057899999998 0.7816366199999997 0.9750885800000011 0.8632491299999998
21.23959600219161 -0.044381490000000016 4.878759929999998 -1.549238969999999 0.7219826899999998 0.7828749599999997 0.9764388600000011 0.8645346899999998
21.239596317217515 -0.05115769000000002 4.869533129999998 -1.558065569999999 0.7215533699999999 0.7853546799999996 0.9791132600000011 0.8670965299999999
21.278627321930124 -0.048096430000000016 4.872101589999998 -1.554575349999999 0.7215559699999998 0.7849231199999996 0.9788236200000011 0.8667248499999999
21.278627866883696 -0.041993870000000016 4.877238469999998 -1.5476365099999991 0.7215995699999999 0.7840432399999996 0.9782255400000012 0.8659638499999999
21.388012937630357 -0.04334755000000002 4.875831149999998 -1.5508509899999992 0.7218447499999998 0.7856588599999996 0.9799243800000011 0.8676145899999999
21.388013317465628 -0.04600811000000002 4.873016709999998 -1.5572553499999993 0.7223120699999999 0.7889353399999997 0.9833016200000011 0.8709335899999998
21.459898648320856 -0.04450933000000002 4.874468269999998 -1.5559057699999992 0.7223451099999999 0.7890514999999997 0.9834574200000011 0.8710664699999998
21.459899282227486 -0.041543370000000024 4.877371389999998 -1.553240689999999 0.7224405899999999 0.7892568999999997 0.9837740600000011 0.8713187899999998
21.51953245249795 -0.03897483000000002 4.877667189999998 -1.5552395899999991 0.72279027 0.7934746599999997 0.9882553400000011 0.8756477299999997
21.63189897217559 -0.040289910000000026 4.8757901699999975 -1.5575568299999991 0.72279681 0.7944702999999996 0.9893625000000011 0.8766904099999997
21.63189948880338 -0.04294087000000003 4.872036289999998 -1.562219709999999 0.72283809 0.7964409399999997 0.9915757800000011 0.8787634099999997
21.69210970859887 -0.036655150000000025 4.877187949999998 -1.555433049999999 0.72272379 0.7960543599999996 0.9915481200000011 0.8785282699999997
21.723781914955225 -0.03951533000000002 4.874256509999998 -1.560538729999999 0.72307503 0.7979485999999997 0.9935589600000011 0.8804717099999997
21.72378244147757 -0.045216610000000025 4.868393389999998 -1.570714769999999 0.72374511 0.8017532799999997 0.9975921200000011 0.8843727899999997
21.752405661181264 -0.045989430000000026 4.867473989999998 -1.572011269999999 0.72381567 0.8022063999999997 0.9981140600000011 0.8848549499999997
21.75240573362888 -0.04445649000000003 4.869047369999998 -1.5692119299999991 0.72371089 0.8010447599999997 0.9970616200000011 0.8837393899999997
21.752406227590825 -0.04135081000000003 4.8721941699999975 -1.5635880499999992 0.72347197 0.7987654799999997 0.994956020000001 0.8815333899999996
21.752406300038437 -0.042886610000000026 4.870355369999998 -1.5661989699999992 0.72361661 0.7996959599999997 0.995996980000001 0.8825104699999996
21.755139387961272 -0.045749070000000024 4.8686978499999976 -1.569211609999999 0.72388243 0.7995803199999997 0.9960022000000011 0.8824458099999996
21.755139507430428 -0.03995671000000002 4.876120929999997 -1.558108489999999 0.7235376699999999 0.7946142999999997 0.9910114000000011 0.8774693499999996
21.755140197571833 -0.02835083000000002 4.890967169999997 -1.535900449999999 0.7228457099999999 0.7847040999999997 0.9809985600000011 0.8675158299999995
21.75514031704099 -0.03407535000000002 4.887652049999997 -1.541954849999999 0.7234026299999998 0.7844770599999997 0.9809795200000011 0.8673765499999996
21.774131287312294 -0.02520381000000002 4.895478269999997 -1.529726729999999 0.7230950099999999 0.7814280999999997 0.9780956800000011 0.8643972499999996
21.78891998357104 -0.02574709000000002 4.893801809999998 -1.530741329999999 0.7229175899999999 0.7820768399999998 0.9789137000000011 0.8651174099999995
21.788920362942914 -0.02696569000000002 4.890448849999998 -1.532938809999999 0.7227409099999998 0.7832324399999998 0.9805503400000011 0.8664759299999996
21.80758419052196 -0.025783090000000022 4.891116769999997 -1.533670809999999 0.7229092699999998 0.7849786799999998 0.9821253400000011 0.8681499299999995
21.843037563902328 -0.026402050000000024 4.888335109999997 -1.536235569999999 0.7225978099999998 0.7872359399999999 0.9844370800000011 0.8704301699999996
21.847617682695155 -0.027825190000000024 4.8868195699999974 -1.539333729999999 0.7226734099999997 0.7888352999999999 0.986367520000001 0.8721692099999996
21.85211183855875 -0.028576430000000024 4.885773929999997 -1.5406116499999989 0.7227690099999997 0.7892663799999999 0.986934140000001 0.8726574699999996
21.852112022373966 -0.030071070000000023 4.883682769999997 -1.543097129999999 0.7229145299999997 0.7901117 0.988063940000001 0.8736227899999996
21.864404386263658 -0.029494830000000024 4.884259249999998 -1.5429649899999989 0.7230870699999997 0.7903832599999999 0.988487100000001 0.8739583099999997
21.864404469228216 -0.027777370000000023 4.885786749999998 -1.541377469999999 0.7231348299999997 0.79046544 0.988643540000001 0.8740718099999997
21.86440519587422 -0.024429730000000024 4.888841749999997 -1.538297069999999 0.7233267099999997 0.7905407999999999 0.988955660000001 0.8742470499999997
21.864405278838774 -0.023251010000000023 4.889994709999997 -1.538030709999999 0.7236516299999997 0.7911282399999999 0.989812660000001 0.8749482099999997
21.89228140880445 -0.022115590000000022 4.890510469999997 -1.536334509999999 0.7234567099999997 0.7907624 0.989556320000001 0.8746285699999997
21.892281484440396 -0.02200313000000002 4.890227069999997 -1.536858989999999 0.7234712299999997 0.79138482 0.990199500000001 0.8752597499999997
21.892282330258535 -0.02177381000000002 4.889660229999997 -1.537840909999999 0.7234419499999997 0.79262534 0.991537180000001 0.8765412699999997
21.892282405894484 -0.019499250000000017 4.890691829999997 -1.534479949999999 0.7230716699999997 0.79190922 0.990999380000001 0.8759003899999998
21.910809420519918 -0.018888630000000017 4.892173769999997 -1.533213409999999 0.7231697699999997 0.7911552 0.990401120000001 0.8752120699999998
21.944369496975547 -0.018945570000000016 4.892079149999997 -1.533901149999999 0.7231919299999997 0.79176384 0.991062840000001 0.8758431099999998
21.94436950481324 -0.014627290000000015 4.896774789999997 -1.530054629999999 0.7236320099999997 0.79179552 0.990998360000001 0.8758342299999998
21.944369568844742 -0.012449750000000015 4.899122569999997 -1.528141089999999 0.7238525099999996 0.7918390399999999 0.990943540000001 0.8758362499999999
21.944369576682433 -0.012630310000000014 4.8989332099999965 -1.529596409999999 0.7239747099999996 0.7929915599999999 0.992271540000001 0.8770628099999999
21.963919941576727 -0.012148870000000015 4.903962589999996 -1.520831609999999 0.7239772299999996 0.7847056199999999 0.984253560000001 0.8688899099999998
21.9803657393959 -0.015240530000000014 4.901862609999997 -1.523033409999999 0.7239678699999996 0.7838251199999999 0.9835094800000009 0.8680669699999998
21.980365853596155 -0.019300650000000016 4.899072709999997 -1.526730009999999 0.7239447699999996 0.7834846999999999 0.983367480000001 0.8678102499999998
21.98036637330253 -0.027409250000000017 4.893492909999997 -1.534126249999999 0.7239011299999996 0.78281598 0.983063880000001 0.8672955699999998
21.980366487502785 -0.03339385000000002 4.889292989999998 -1.538290809999999 0.7236380899999996 0.7812589799999999 0.981575880000001 0.8657676899999998
22.02913019108836 -0.03493585000000002 4.888671389999998 -1.541041629999999 0.7241294299999995 0.78197652 0.9828589800000009 0.8667237899999998
22.044306030475077 -0.036723430000000015 4.886144729999998 -1.548055149999999 0.7248445699999995 0.78648738 0.9877254600000009 0.8713846499999998
22.067897564101578 -0.035493070000000015 4.886448269999998 -1.546693809999999 0.7246928299999995 0.7865081399999999 0.9881485800000009 0.8715751499999997
22.104191232460714 -0.035692830000000016 4.886160729999998 -1.547546909999999 0.7248191099999995 0.7870352199999999 0.988797920000001 0.8721538099999997
22.104191866367344 -0.036108870000000015 4.885585609999998 -1.549264629999999 0.7250857499999995 0.7880702199999999 0.990095200000001 0.8732994899999997
22.148829907828613 -0.037230210000000014 4.883729449999998 -1.552299009999999 0.7252457699999996 0.7898232399999999 0.992065600000001 0.8751441899999998
22.178440595960808 -0.039946330000000016 4.880235549999998 -1.556176929999999 0.7251614699999995 0.79106932 0.993499520000001 0.8764695099999997
22.178440731742334 -0.040155570000000015 4.879362229999998 -1.557588269999999 0.7252270899999995 0.79220578 0.994733880000001 0.8776472699999998
22.17844085642325 -0.040578650000000015 4.877615749999998 -1.560427149999999 0.7253732099999995 0.79447546 0.9972091600000009 0.8800037099999998
22.17844099220478 -0.04594121000000002 4.870627789999998 -1.568089029999999 0.7250973699999995 0.79705062 1.000087920000001 0.8827069499999998
22.18951934701327 -0.051732170000000015 4.864942369999998 -1.578876009999999 0.7259838099999996 0.8011602 1.004556180000001 0.8869678499999998
22.21806830057048 -0.05272051000000001 4.863422369999998 -1.580721849999999 0.7259481899999995 0.8020533 1.0055356800000008 0.8878974099999998
22.21806880896501 -0.05479699000000001 4.860382369999997 -1.5845558899999992 0.7260200699999996 0.80373902 1.0075023600000008 0.8897016499999998
22.24295637460093 -0.05616941000000001 4.860485529999997 -1.5857860899999991 0.7263526499999996 0.80326422 1.0071454600000007 0.8892765899999998
22.2429565359542 -0.05246829000000001 4.865409109999997 -1.5780644099999992 0.7259730299999996 0.7996232799999999 1.0034426200000006 0.8856095499999999
22.24295700850756 -0.045189490000000006 4.875256189999997 -1.5627765299999992 0.7253621099999996 0.7922250799999999 0.9960571000000006 0.8782167099999999
22.24295716986083 -0.04789177000000001 4.875462469999997 -1.5651897699999993 0.7259812299999996 0.7913169199999999 0.9953445000000006 0.8773910699999999
22.28408398112134 -0.04637527000000001 4.876369069999997 -1.5637224099999993 0.7258814499999996 0.7914658399999999 0.9956125400000007 0.8775902499999999
22.28408404861294 -0.04574027000000001 4.876743109999997 -1.5636466699999994 0.7259898699999996 0.7919166799999998 0.9962003600000007 0.8780988899999999
22.284084241583788 -0.044539110000000014 4.877491309999997 -1.5635604299999994 0.7262840299999996 0.7927374399999998 0.9973831600000007 0.8790724099999998
22.284084309075382 -0.04143375000000001 4.879304509999997 -1.5605361099999995 0.7260029099999996 0.7930995999999998 0.9979194800000007 0.8795080499999998
22.287954260719864 -0.035658690000000014 4.885479589999997 -1.5553078299999994 0.7263855899999996 0.7932636999999998 0.9977934200000007 0.8795497499999998
22.30131404678496 -0.03309855000000001 4.887460309999997 -1.5523437099999995 0.7266124499999996 0.7926328599999998 0.9976372400000008 0.8791191299999997
22.30995123511686 -0.03581667000000001 4.884591869999997 -1.5571919699999994 0.7268449099999996 0.7945305199999998 0.9996472600000007 0.8810642099999998
22.309951769872455 -0.041228150000000005 4.878855029999997 -1.5669431299999994 0.7273680699999996 0.7983470399999998 1.0035869400000006 0.8849326899999997
22.334371298867097 -0.044457210000000004 4.8748675899999965 -1.5710412299999994 0.7273199099999996 0.7992642599999998 1.0046857600000005 0.8859265299999998
22.334371344782035 -0.048383390000000005 4.8701173699999964 -1.5765833299999994 0.7273592499999997 0.8008408599999999 1.0063877600000006 0.8875560299999997
22.33437185546148 -0.05646903 4.860616809999996 -1.5880284899999995 0.7277939699999997 0.8037656599999998 1.0098206800000007 0.8906951899999997
22.334371901376414 -0.06287919 4.852642009999996 -1.5961813699999994 0.7276593299999997 0.8056430199999999 1.0119939600000007 0.8926973899999997
22.53003743303477 -0.06328871 4.851785769999996 -1.5966990699999994 0.7275598899999998 0.8058506599999998 1.0123361400000008 0.8929617899999998
22.530037473044075 -0.06196263 4.852936609999996 -1.5955788299999993 0.7274801299999998 0.8061362999999998 1.0126432200000008 0.8932564699999997
22.530037489826878 -0.06127743 4.853511969999996 -1.5949803099999993 0.7274001499999998 0.8063029599999998 1.0128104600000007 0.8934233699999997
22.53003752983618 -0.06207763 4.851799449999996 -1.5959613099999992 0.7271398699999998 0.8067439999999998 1.0135163800000007 0.8939761699999997
22.590250584087112 -0.062463990000000004 4.8521982099999965 -1.596336729999999 0.7272609099999998 0.8066120199999998 1.0133421000000007 0.8938263499999998
22.590250651831276 -0.06313799 4.852324249999996 -1.5958773499999992 0.7271224899999998 0.8056170599999998 1.0122981800000006 0.8928107299999998
22.5902515055412 -0.06454207 4.8525765699999965 -1.5950411499999992 0.7269176499999999 0.8035815799999998 1.0102135400000005 0.8907545299999998
22.59025157328536 -0.06526115 4.853374009999997 -1.5957187099999992 0.7270797299999998 0.8033779799999998 1.0098660600000005 0.8904902499999998
22.684928466386417 -0.06463635000000001 4.853758169999997 -1.5956721499999993 0.7271750299999998 0.8038609199999999 1.0101500800000005 0.8908892699999998
22.684929100293047 -0.06368031 4.854526489999997 -1.5956106699999992 0.7273948699999998 0.8045356799999999 1.0110894800000005 0.8916756699999998
22.709104599260087 -0.05819127 4.859048569999997 -1.5885301899999993 0.7271442499999998 0.8031948599999998 1.0100355200000006 0.8904558699999998
22.716550547604264 -0.05266023 4.864147429999997 -1.5821547699999994 0.7270671499999998 0.8024275199999998 1.0093079600000006 0.8897053299999998
22.77344389027437 -0.05294667 4.864068869999997 -1.5827352899999994 0.7272637699999998 0.8025249799999998 1.0094866400000007 0.8898370499999998
22.773443963896764 -0.05387531 4.863282269999997 -1.5839908899999993 0.7272904299999997 0.8028252999999999 1.0098155200000007 0.8901494099999998
22.773444456683926 -0.05586047 4.861709029999997 -1.5866633299999993 0.7275123499999997 0.8032906599999998 1.0104944400000007 0.8907048499999998
22.77344453030632 -0.056348390000000005 4.861552029999998 -1.5876278099999992 0.7277438699999997 0.8035356999999999 1.0108685200000007 0.8910043299999998
22.79619723126532 -0.053065070000000006 4.864804749999998 -1.5844335299999992 0.7277891699999998 0.8035793799999998 1.0111738000000008 0.8911584099999997
22.800987547556684 -0.05600621000000001 4.862637189999997 -1.5897224099999991 0.7284878099999997 0.8052284799999998 1.0135019800000007 0.8930940099999998
22.802188236790812 -0.05446385000000001 4.865561409999997 -1.5877889699999992 0.7287291299999997 0.8045960799999998 1.0128206600000007 0.8924409699999998
22.80218855102868 -0.051379770000000005 4.871409969999997 -1.5838824499999993 0.7291942899999997 0.8033084799999998 1.0114583800000008 0.8911218499999998
22.826035926470652 -0.05452631000000001 4.868721969999997 -1.5877866699999992 0.7292704299999997 0.8039900399999997 1.0123113000000008 0.8918757099999998
22.826036360069864 -0.06081115000000001 4.863345529999997 -1.5955834299999991 0.7294121099999997 0.8053602799999997 1.0140228600000007 0.8933899499999998
22.886973174827485 -0.060425570000000005 4.863686509999996 -1.595225689999999 0.7293525299999998 0.8054476999999997 1.0140063800000008 0.8934335299999998
22.886973226602418 -0.061107230000000005 4.862936649999996 -1.596666389999999 0.7294130699999998 0.8061462199999997 1.0147328000000007 0.8941438299999999
22.88697409628157 -0.06251979 4.861436849999996 -1.5995854299999992 0.7295681099999998 0.8074976999999997 1.0162115600000006 0.8955489899999999
22.886974148056506 -0.061736950000000006 4.862118849999996 -1.5988435499999991 0.7294334699999998 0.8076732999999997 1.0161940000000005 0.8956430699999999
22.897536120372667 -0.06472921000000001 4.859105829999996 -1.601814929999999 0.7290928499999998 0.8079930999999997 1.0164179200000005 0.8959224299999998
22.934178098039496 -0.06632755000000001 4.857534389999996 -1.603558189999999 0.7290530099999998 0.8081778599999997 1.0166421000000005 0.8961238099999999
22.93417846085699 -0.06951583000000001 4.854391389999996 -1.6070168699999992 0.7289587699999998 0.8085425399999997 1.0171005400000006 0.8965280499999998
22.951122723197443 -0.07062211000000002 4.853777409999997 -1.606775129999999 0.7291327099999998 0.8070205799999997 1.0159382200000007 0.8951577699999999
22.955355117793893 -0.07024141000000002 4.8540238299999965 -1.608333989999999 0.7296254299999998 0.8084674199999996 1.0174916800000007 0.8966496099999999
22.95802583629896 -0.07147161000000002 4.8529907499999965 -1.609358449999999 0.7295251699999998 0.8083619599999996 1.0174957000000007 0.8965903299999999
22.958026221318544 -0.07391549000000001 4.850924589999996 -1.611388529999999 0.7293107699999999 0.8081625199999996 1.0175037800000006 0.8964784499999999
23.137127575690698 -0.07399665000000001 4.850489229999996 -1.612136429999999 0.7293747499999998 0.8087652799999996 1.0181461200000006 0.8970979099999999
23.13712804597984 -0.07415921000000002 4.849618509999996 -1.613632709999999 0.7295030299999998 0.8099706799999996 1.0194306400000006 0.8983367099999999
23.160104427989456 -0.07459535000000002 4.849139649999996 -1.614474329999999 0.7295332299999998 0.8103459799999996 1.0198398400000006 0.8987263099999999
23.160105027997105 -0.07547727000000001 4.848181889999996 -1.616184169999999 0.7296190699999998 0.8110880599999996 1.0206459600000006 0.8994954299999999
23.189843309335238 -0.07673849 4.846885529999995 -1.618153289999999 0.7295723099999998 0.8118426999999996 1.0213818800000005 0.9002421699999998
23.189843760639334 -0.07931581 4.844292889999996 -1.6221865299999991 0.7296022699999998 0.8132686599999995 1.0228285600000004 0.9016768499999999
23.23527443274562 -0.07822909 4.844853289999996 -1.6211760899999992 0.7295838299999998 0.8133633799999995 1.0229968200000004 0.9018025899999998
23.235274723802554 -0.07608609 4.845974089999996 -1.6191646499999992 0.7295573899999999 0.8135213799999995 1.0233544200000004 0.9020447899999998
23.246513116726497 -0.07564005 4.846320969999996 -1.6188859899999992 0.7294874099999998 0.8137587199999995 1.0235722800000004 0.9022739099999998
23.246513571226206 -0.07473061 4.847014689999996 -1.6183119099999992 0.7293434499999998 0.8142380399999994 1.0240039600000004 0.9027331099999998
23.25552864110063 -0.07515493000000001 4.847315009999996 -1.6186347099999991 0.7293965299999998 0.8140834199999994 1.0238433400000004 0.9025759699999998
23.255528715360732 -0.07555009000000001 4.847309229999996 -1.617170109999999 0.7289959099999999 0.8126242999999994 1.0223348600000004 0.9010960299999998
23.255529562554717 -0.07640289000000001 4.847297669999996 -1.6143013899999992 0.7282506299999999 0.8096480599999994 1.0193222200000005 0.8981044299999998
23.255529636814817 -0.07719833000000001 4.847898269999996 -1.614916989999999 0.72832583 0.8093930199999995 1.0189592600000006 0.8978038699999998
23.276528099350344 -0.07763749 4.847380549999996 -1.616056589999999 0.72848751 0.8099317799999994 1.0196081800000005 0.8983891099999999
23.276528733256974 -0.07852405 4.846345109999996 -1.618290869999999 0.72878511 0.8109818999999995 1.0209426200000005 0.8995591899999998
23.277826656860036 -0.07649819 4.849131489999996 -1.6165042899999988 0.7289674700000001 0.8110387999999995 1.0209264600000005 0.8995852699999999
23.277827305000763 -0.07243527 4.854704369999996 -1.6129094499999987 0.7293146300000001 0.8111597199999995 1.0208967000000004 0.8996426299999999
23.298466199418392 -0.07070261 4.856293789999996 -1.6108128099999988 0.72929765 0.8108126999999995 1.0205357600000005 0.8992897299999999
23.298466471548544 -0.06723753 4.859472709999996 -1.6066278899999988 0.7292760500000001 0.8101144599999995 1.0198001200000004 0.8985757299999999
23.307565586338896 -0.06329143000000001 4.864211209999996 -1.6005157299999988 0.72920731 0.8080171399999996 1.0176437400000005 0.8964534899999999
23.30756598950991 -0.05538771000000001 4.873688169999996 -1.5882626499999988 0.7290440300000001 0.8038310599999996 1.0133330200000004 0.8922148099999998
23.30851037793991 -0.05473219000000001 4.875244609999996 -1.5859822699999988 0.7290294700000001 0.8022207599999996 1.0116821400000005 0.8905873899999998
23.308510568963985 -0.05336243000000001 4.878357529999996 -1.5813586699999989 0.7289469100000001 0.7990494799999996 1.0083757000000004 0.8873590699999998
23.330707629161907 -0.05471165000000001 4.8775561699999965 -1.582888449999999 0.7290457300000002 0.7991311999999996 1.0085513400000004 0.8874804099999998
23.330707817641606 -0.05725149000000001 4.875953529999997 -1.5857534499999988 0.7290498900000002 0.7994521999999996 1.0088915000000003 0.8878094899999998
23.40788267719043 -0.05705661000000001 4.8764294099999965 -1.5852240499999988 0.7291368300000002 0.7990307199999996 1.0085088600000003 0.8874043899999997
23.407883043320872 -0.05658065000000001 4.877381009999996 -1.5840523699999989 0.7291811900000001 0.7982905999999996 1.0077288600000003 0.8866474699999997
23.517268114067534 -0.05703935000000001 4.876923449999996 -1.5848041699999988 0.7292663300000002 0.7984985599999996 1.0079572600000002 0.8868640499999997
23.51726867272594 -0.05796399000000001 4.876008329999996 -1.5863123299999988 0.7294444500000001 0.7989039599999996 1.0084137400000002 0.8872910099999997
23.525604811564918 -0.055714650000000004 4.879022489999996 -1.5836649099999989 0.7296819500000001 0.7982683799999997 1.0078166200000003 0.8866716499999997
23.525605453248886 -0.05121333 4.8850508099999965 -1.578369189999999 0.7301541100000002 0.7970018199999996 1.0066223000000003 0.8854355699999997
23.607211036886262 -0.051131590000000005 4.884664449999996 -1.578312149999999 0.7301259700000002 0.7970546599999997 1.0067447400000002 0.8855177699999998
23.607211068502373 -0.04962571 4.8858892299999965 -1.576410709999999 0.7300384100000002 0.7967466599999997 1.0064907000000003 0.8852325299999998
23.607211140777327 -0.04662427 4.888338829999997 -1.5726312699999991 0.7298833300000003 0.7961236999999998 1.0059745400000002 0.8846546499999998
23.60721117239344 -0.046474150000000006 4.887565989999997 -1.5725185499999992 0.7298283700000002 0.7962160999999998 1.0062356200000002 0.8848182099999997
23.619559791188287 -0.050039770000000004 4.883654849999997 -1.5775748299999992 0.7298955700000003 0.7976395599999998 1.0078099600000001 0.8863053299999997
23.619559913763254 -0.05299853 4.879653369999997 -1.5813331499999992 0.7297415100000003 0.7985931799999998 1.00889812 0.8873157099999996
23.619560221424138 -0.058884450000000005 4.871650409999997 -1.588831789999999 0.7294173900000003 0.8005300199999998 1.0110544 0.8893451099999996
23.619560343999108 -0.06610137 4.863828129999997 -1.598984589999999 0.7296268300000003 0.8032564199999999 1.01420304 0.8922496299999996
23.634990523995548 -0.06256181000000001 4.867954249999997 -1.594097409999999 0.7295463100000003 0.8019893199999999 1.0128521 0.8909471499999996
23.63499080710043 -0.05554633000000001 4.876206489999997 -1.584377009999999 0.7294791900000003 0.7993515199999999 1.01011618 0.8882679499999996
23.646419003417805 -0.052635910000000015 4.877474469999997 -1.582102829999999 0.7291840500000003 0.8002828999999999 1.01091748 0.8891444299999995
23.86703124673151 -0.053109650000000015 4.876914209999996 -1.582867629999999 0.7291255500000003 0.8006324599999999 1.01129994 0.8895078699999995
23.867031317068292 -0.05247465000000002 4.877662469999996 -1.581491269999999 0.7290280100000004 0.7999886399999999 1.0106617 0.8888664099999996
23.867031701675998 -0.051118730000000015 4.879159109999996 -1.5786633899999991 0.7287210500000004 0.79882364 1.00938934 0.8876561299999995
23.867031772012776 -0.052048690000000015 4.878038509999996 -1.580172029999999 0.7285858100000004 0.79953756 1.01014414 0.8883872899999995
24.04344947316761 -0.05135893000000002 4.882262389999996 -1.577190149999999 0.7292087000000005 0.79662258 1.00719718 0.8854588099999995
24.08803295641487 -0.05139725000000002 4.882065029999996 -1.577592709999999 0.7292283400000005 0.79696718 1.0076174199999999 0.8858353299999995
24.08803344375016 -0.05147873000000002 4.881670309999996 -1.578411909999999 0.7292821400000005 0.7976511 1.00845046 0.8865821699999995
24.117771725088296 -0.05132333000000002 4.881694689999996 -1.578551589999999 0.7293572400000005 0.79787108 1.00868848 0.8868097499999995
24.117772289064746 -0.05099609000000002 4.8817434499999965 -1.5788272299999988 0.7295040000000005 0.7983271999999999 1.00916056 0.8872725899999995
24.141540763478098 -0.05144811000000002 4.881124089999997 -1.579754049999999 0.7295534600000004 0.79875254 1.00964788 0.8877240899999995
24.141540964574673 -0.05239715000000002 4.8798852499999965 -1.581698169999999 0.7297349000000004 0.7995661799999999 1.0106242399999998 0.8886063699999995
24.159227545277997 -0.05131349000000002 4.880781889999996 -1.580994069999999 0.7298468600000004 0.7998338399999999 1.0112941999999998 0.8890437099999995
24.204732440190504 -0.05217181000000002 4.879674529999996 -1.582689089999999 0.7299234200000004 0.8005939999999999 1.0120496599999997 0.8898018899999995
24.204732802281026 -0.05393237000000002 4.877459849999997 -1.586120329999999 0.7301072600000005 0.8020808799999999 1.0135647799999998 0.8913006899999996
24.248639681221555 -0.05249615000000002 4.879735269999997 -1.583998449999999 0.7302987800000005 0.8012037199999998 1.0127260599999999 0.8904397499999995
24.248639910246645 -0.04954727000000002 4.884286109999997 -1.579620649999999 0.7305377800000005 0.7995357599999998 1.0110743 0.8887786299999996
24.249985473636517 -0.04799129000000002 4.885533029999997 -1.579443289999999 0.7312360600000005 0.8002160999999998 1.01213204 0.8896182099999995
24.327656408039907 -0.04714199000000002 4.887678569999997 -1.5780876899999992 0.7315392200000005 0.7994066399999997 1.011484 0.8888768499999995
24.32765678636529 -0.04528951000000002 4.891969569999997 -1.5751442499999992 0.7318885800000005 0.7979663199999997 1.01017548 0.8874921299999995
24.328919046771667 -0.04630451000000002 4.891593129999997 -1.5758191299999993 0.7318935200000004 0.7976212399999997 1.00985748 0.8871584699999995
24.32891936007164 -0.04841567000000002 4.890840049999997 -1.5772018499999994 0.7319404800000004 0.7968458399999997 1.00929504 0.8864729099999995
24.35428299868787 -0.04955479000000002 4.889905329999997 -1.5785641099999994 0.7319378200000004 0.7970716399999997 1.0095029 0.8866911299999995
24.35428329481147 -0.05185195000000002 4.888035849999997 -1.5813210699999993 0.7319620200000004 0.7975072399999997 1.00990686 0.8871133699999996
24.356704734748426 -0.051811790000000024 4.887539309999997 -1.5812908699999992 0.7317817400000004 0.7976974799999997 1.01006946 0.8872919499999996
24.356704774757723 -0.05078979000000002 4.888198989999997 -1.5809587499999993 0.7317535800000003 0.7984155199999997 1.01090734 0.8880605499999996
24.356704860013018 -0.05031157000000002 4.888528809999997 -1.5808103299999994 0.7317527800000003 0.7987461199999997 1.0113432 0.8884355499999996
24.35670490002232 -0.05026537000000002 4.887535689999996 -1.5808171299999993 0.7314527800000004 0.7990991199999997 1.01165964 0.8887731099999996
24.381119523189007 -0.04735601000000002 4.891657509999996 -1.5757528499999993 0.7314306400000004 0.7969663399999998 1.00952132 0.8866379899999995
24.381120011451543 -0.04142029000000002 4.899901269999996 -1.5655010899999993 0.7312640800000003 0.7928168599999997 1.00526192 0.8824421499999996
24.40031945551442 -0.04026995000000002 4.901617449999996 -1.5643686899999993 0.7312987800000004 0.7928000999999998 1.0051191199999998 0.8823722099999995
24.400319575621282 -0.04018997000000002 4.901878629999996 -1.5638033899999992 0.7313047800000003 0.7923087799999998 1.0047035999999998 0.8819128699999995
24.400319910458904 -0.03996089000000002 4.902400949999996 -1.5625659099999993 0.7312032600000004 0.7914018999999998 1.00389512 0.8810475099999995
24.40032003056577 -0.03768765000000002 4.905833429999996 -1.5603217499999993 0.7312891000000004 0.7913451399999998 1.00362428 0.8809004299999995
24.434562431336495 -0.03837457000000002 4.905597689999996 -1.5602610699999993 0.7312890400000004 0.7905975799999998 1.0028829799999999 0.8801555099999995
24.434562677537958 -0.03972145000000002 4.905126249999996 -1.5601249499999992 0.7312704800000004 0.7891331799999998 1.00137846 0.8786741499999995
24.447827689268614 -0.03754021000000002 4.907384889999996 -1.5574175699999993 0.7311455400000004 0.7887319999999998 1.0008923 0.8782371099999995
24.447828276215013 -0.03318117000000002 4.911902089999996 -1.5519806899999993 0.7308819800000004 0.7879177199999998 0.99994974 0.8773687099999995
24.451891730312777 -0.03747477000000002 4.909067929999996 -1.5566483299999994 0.7313840600000003 0.7877896799999998 1.0004805 0.8775185899999995
24.50056179017313 -0.03828685000000002 4.908939229999996 -1.5573876099999993 0.7315477600000003 0.7875531799999999 1.0003173 0.8773130299999995
24.500562176632254 -0.03986481000000002 4.908681789999996 -1.5587744099999992 0.7318127200000003 0.7870970599999999 0.9999919800000001 0.8769121099999995
24.51792992279497 -0.040908770000000025 4.908309349999996 -1.5597331299999992 0.7318710000000003 0.78695354 0.9997866400000001 0.8767425099999995
24.517930101608957 -0.042986170000000025 4.9075645499999965 -1.5616500099999993 0.7319865600000003 0.7866774599999999 0.9993723200000001 0.8764081099999995
24.530300457970387 -0.04352011000000002 4.907661189999996 -1.5608299899999993 0.7318725400000002 0.7854375199999999 0.9981130600000001 0.8751600099999995
24.530301122823005 -0.04458343000000002 4.907854589999996 -1.5590942299999992 0.7316103400000002 0.7829006399999999 0.9955919400000001 0.8726297699999995
24.53971070236686 -0.04391211000000002 4.908747969999996 -1.5588501699999993 0.7316794200000003 0.7832588199999999 0.9959367400000001 0.8729823099999995
24.53971115857059 -0.04252155000000002 4.910534809999996 -1.5583165699999992 0.7317755000000004 0.7840196999999999 0.9966134600000001 0.8737077099999995
24.557092700695044 -0.04267911000000002 4.9101309499999966 -1.5589070899999993 0.7317872800000004 0.7844408599999999 0.9970721200000001 0.8741446899999995
24.557093224888757 -0.04295507000000002 4.909323309999997 -1.5601384099999993 0.7318529600000003 0.7853305399999999 0.9978702400000001 0.8749957299999995
24.581131071433212 -0.04245997000000002 4.910598649999997 -1.5582977899999992 0.7317523000000004 0.7840856599999999 0.9966145000000002 0.8737462699999995
24.581131177480163 -0.04142645000000002 4.913149449999997 -1.5545600299999993 0.7314971800000003 0.7816365399999999 0.9941029800000002 0.8712708299999995
24.595565491653065 -0.04167869000000002 4.913082789999997 -1.5546982499999993 0.7315734800000003 0.78144622 0.9940126600000002 0.8711226899999995
24.595565499490753 -0.04343805000000002 4.911347109999997 -1.5563707699999993 0.7314840400000003 0.78144886 0.9940767800000002 0.8711512499999995
24.59556556636744 -0.04426393000000002 4.910479249999997 -1.5571359899999992 0.7313614600000004 0.7815107800000001 0.9941116000000002 0.8712017299999995
24.595565574205132 -0.04475133000000002 4.910346089999997 -1.5573719899999992 0.7314663400000003 0.7811544600000001 0.9939330000000002 0.8709204099999994
24.641556648785283 -0.04640193000000002 4.909562789999997 -1.558177909999999 0.7313699200000003 0.7804062000000002 0.9934585800000002 0.8702876499999994
24.64788478181689 -0.04535853000000002 4.910796629999997 -1.557452029999999 0.7316747200000003 0.7804189200000001 0.9936576000000003 0.8703789699999994
24.648975651040605 -0.045235570000000024 4.910927829999998 -1.557487249999999 0.7317602400000003 0.7804916000000002 0.9937704200000003 0.8704685699999994
24.648976169997024 -0.044996970000000025 4.911190269999998 -1.557572369999999 0.7319470800000003 0.7806284800000002 0.9939951800000003 0.8706425299999995
24.727636206811518 -0.043297170000000024 4.912981129999998 -1.555476129999999 0.7319470200000003 0.7802321200000002 0.9935620800000003 0.8702306699999994
24.727636880014124 -0.039887730000000024 4.916562809999998 -1.5512325699999991 0.7318983000000003 0.7794466800000002 0.9926946800000004 0.8694106699999994
24.73327375360094 -0.03958761000000002 4.9165053899999975 -1.549697169999999 0.7316322600000004 0.7784774400000002 0.9915876200000003 0.8683832899999994
24.737513547555263 -0.039160390000000024 4.916758749999998 -1.549404969999999 0.7316641400000004 0.7785805800000002 0.9917493000000004 0.8685111299999994
24.737513608724967 -0.03879159000000002 4.917089849999998 -1.549029949999999 0.7316658800000003 0.7785726000000002 0.9918489200000004 0.8685485499999993
24.73751365144633 -0.03800079000000002 4.917752049999998 -1.548231789999999 0.7316161200000003 0.7786150400000001 0.9920330400000004 0.8686507499999994
24.737513712616032 -0.03712539000000002 4.918258729999998 -1.5476394299999991 0.7316780400000004 0.7788361600000001 0.9923349600000003 0.8689059499999994
24.769987161393807 -0.03557009000000002 4.919645429999998 -1.5461124099999992 0.7317201600000004 0.7788223200000001 0.9922717000000003 0.8688712499999993
24.76998724276433 -0.03534003000000002 4.919771989999998 -1.5459212099999993 0.7316915800000005 0.7788897600000001 0.9922962800000004 0.8689206099999993
24.769987717988194 -0.03487627000000002 4.920025109999998 -1.5455506499999994 0.7316245400000004 0.7790500000000001 0.9923608000000004 0.8690404499999993
24.76998779935871 -0.03179519000000002 4.922798589999998 -1.5424902899999993 0.7317065000000005 0.7789887600000002 0.9922772400000004 0.8689698099999993
24.819519306165972 -0.029998190000000022 4.924820549999999 -1.5404829099999993 0.7316443200000005 0.7788405400000001 0.9919830600000004 0.8687600099999992
24.8195196761135 -0.026439830000000022 4.928864349999999 -1.5364988699999993 0.7315520000000004 0.7785072200000002 0.9914030600000003 0.8683226099999992
24.851533908540212 -0.02636811000000002 4.928818709999999 -1.5366655499999993 0.7316865200000005 0.7786111000000001 0.9916646800000003 0.8684930299999992
24.851534231365836 -0.026207270000000022 4.928727469999999 -1.5370046699999993 0.7319593600000005 0.7788382200000001 0.9921763600000003 0.8688401899999992
24.879046561223944 -0.028245850000000024 4.926733769999999 -1.5389564499999993 0.7319387000000005 0.7787720600000001 0.9921519800000003 0.8687916699999992
24.879046900228126 -0.03226421000000002 4.922746409999999 -1.5428242899999993 0.7318581800000005 0.7787020600000001 0.9920746600000002 0.8687185499999992
24.908785181566262 -0.03464843000000002 4.92040633 -1.5449778899999993 0.7317909600000004 0.77853866 0.9920255600000002 0.8686033699999992
24.90878589387382 -0.03941823000000002 4.915726009999999 -1.5492422499999994 0.7316105200000005 0.77821366 0.9919755200000002 0.8683943699999992
24.91472570698167 -0.039384870000000016 4.915679289999999 -1.5493866699999994 0.7316580400000005 0.7783439400000001 0.9921339400000002 0.8685365099999992
24.914725947343143 -0.03928151000000002 4.915585849999999 -1.5496503099999994 0.7317262000000004 0.7786427800000001 0.9924334600000002 0.8688356299999992
24.917693526769497 -0.03763705000000002 4.917685489999999 -1.5476936099999994 0.7319021200000004 0.7781546000000001 0.9919905800000002 0.8683665699999992
24.917693630660565 -0.03979097000000002 4.91515221 -1.5504309299999994 0.7318926400000004 0.7787474800000002 0.9925699800000002 0.8689537699999992
24.917693647330633 -0.04081663000000002 4.913885649999999 -1.5517525099999994 0.7318309000000004 0.7791051400000002 0.9928612800000002 0.8692834299999992
24.9176937512217 -0.03746703000000002 4.918085129999999 -1.5477777099999994 0.7321109400000004 0.7781999000000002 0.9919508400000002 0.8683759899999992
24.920993300201012 -0.037692530000000016 4.918549149999999 -1.5469805699999994 0.7320483000000004 0.7772399200000002 0.9910390800000002 0.8674363499999992
24.920993367474516 -0.03888753000000002 4.918065869999999 -1.5480064499999995 0.7320751400000004 0.7770439800000002 0.9908024400000002 0.8672232299999992
24.92099386661057 -0.041360370000000014 4.917099269999999 -1.5501936099999996 0.7322773000000004 0.7765561400000002 0.9903058400000002 0.8667316699999993
24.920993933884073 -0.041774130000000013 4.918027349999999 -1.5485593699999995 0.7321165800000003 0.7746688600000001 0.9884914400000002 0.8648751499999993
24.982248771732664 -0.041298210000000016 4.920037289999999 -1.5462309499999995 0.7320167400000004 0.7729162600000001 0.9868362200000003 0.8631636499999993
25.064007925045267 -0.04148817000000002 4.919640929999999 -1.5467918299999996 0.7320150000000004 0.7732889400000001 0.9872435200000003 0.8635509299999993
25.06400839497601 -0.04187109000000002 4.918848209999999 -1.5479166699999996 0.7320181600000004 0.7740277000000001 0.9880549600000003 0.8643203699999993
25.14373775434241 -0.04278751000000002 4.918492209999999 -1.5487847299999995 0.7320845200000005 0.7739129800000001 0.9879655600000002 0.8642163299999993
25.14373833721802 -0.04465791000000002 4.9177801699999995 -1.5505676099999994 0.7322652000000005 0.77364478 0.9877850000000002 0.8639850899999993
25.15453197488462 -0.044428590000000025 4.917974169999999 -1.5502336299999995 0.7322102400000005 0.77359508 0.9876895400000002 0.8639160899999994
25.15453204217451 -0.04492733000000002 4.917528649999999 -1.5508598899999995 0.7321515800000005 0.77378124 0.9879506800000002 0.8641338899999994
25.15453278449518 -0.04587961000000002 4.916637649999998 -1.5520332899999996 0.7319579400000005 0.774196 0.9884991200000002 0.8646050499999994
25.154532851785067 -0.045395530000000024 4.917025609999999 -1.5512972899999995 0.7318271000000005 0.77407492 0.9883077600000002 0.8644543299999994
25.173393465722675 -0.045007870000000026 4.917286009999999 -1.5509224699999995 0.7318116400000005 0.7741032 0.9883409000000002 0.8644846699999994
25.17339392058077 -0.04427399000000003 4.917806849999999 -1.5502438699999994 0.7318539600000006 0.7741161599999999 0.9883952600000002 0.8645151099999994
25.253123407964686 -0.045214210000000025 4.917132749999999 -1.5503699899999994 0.7316491000000006 0.77350692 0.9879170000000003 0.8639611299999994
25.25312374987792 -0.047041530000000026 4.915784589999999 -1.5505753099999995 0.7311921400000007 0.77234184 0.9869392400000002 0.8628750499999994
25.299379471106835 -0.046917570000000026 4.916554149999999 -1.5498799699999994 0.7313657200000007 0.7715968799999999 0.9864531200000002 0.8622392899999994
25.306921071762652 -0.049535550000000025 4.9139743299999985 -1.5526526899999995 0.7312549600000007 0.77186238 0.9868409600000002 0.8625563899999994
25.365207715083194 -0.049283650000000026 4.914214349999998 -1.5523873099999994 0.7312855800000007 0.77181828 0.9868647800000002 0.8625409299999994
25.36520778484119 -0.048815130000000026 4.914505209999998 -1.5519558299999994 0.7312191200000007 0.7719218 0.9869093200000002 0.8626195699999994
25.36520827167758 -0.047907370000000025 4.9150869299999975 -1.5510963099999995 0.7310876000000006 0.77210156 0.9870359600000002 0.8627769299999994
25.365208341435576 -0.04737073000000003 4.915567049999997 -1.5505189499999994 0.7311097200000006 0.77203868 0.9870928400000002 0.8627645699999994
25.413759217147298 -0.04765909000000003 4.9150788899999975 -1.5512219299999994 0.7312319800000007 0.77233102 0.9874686800000002 0.8630921299999994
25.413759233780123 -0.04779635000000003 4.914736669999997 -1.5518920499999995 0.7313446800000006 0.77275118 0.9879798800000003 0.8635507099999994
25.413760138601386 -0.04793151000000003 4.914052229999998 -1.5531024499999995 0.7314242000000006 0.77374686 0.9889758800000003 0.8645465499999994
25.413760155234208 -0.04834019000000003 4.913075909999997 -1.5543640899999995 0.7315080800000007 0.77451594 0.9896579600000003 0.8652789499999993
25.42874399980819 -0.04844261000000003 4.912868509999997 -1.5547030899999996 0.7315730400000007 0.77468756 0.9899545400000003 0.8655032899999994
25.428744508359912 -0.04866465000000003 4.912453709999998 -1.5553705299999996 0.7316847200000006 0.77502128 0.9905893800000003 0.8659640499999993
25.45848278969805 -0.04843693000000003 4.912578669999998 -1.5552406099999996 0.7316793400000006 0.77512446 0.9907220800000003 0.8660796899999993
25.45848333245807 -0.04798213000000003 4.912828549999998 -1.5549975699999996 0.7316884600000005 0.7753270600000001 0.9909733600000002 0.8663028499999993
25.460661499073844 -0.04745855000000003 4.913213729999998 -1.5545110299999996 0.7316818600000006 0.7753707000000001 0.9909935400000003 0.8663365899999993
25.460661539083148 -0.04673359000000003 4.913784849999998 -1.5538281499999995 0.7316941800000005 0.7754004600000001 0.9910533400000003 0.8663790299999993
25.460661563972828 -0.046369210000000036 4.914070369999998 -1.5534838299999996 0.7316953600000006 0.7754193400000001 0.9910827600000003 0.8664023499999993
25.460661603982125 -0.045281690000000034 4.914840689999998 -1.5524852699999996 0.7316573600000006 0.7755463000000001 0.9911126400000003 0.8664883499999994
25.469006314894656 -0.044384050000000036 4.915669829999998 -1.5516825099999996 0.7318305800000006 0.7754679400000001 0.9912256400000004 0.8664907299999993
25.469006384139455 -0.04445547000000004 4.915367869999998 -1.5520955299999997 0.7317914400000005 0.7758486800000001 0.9916550200000004 0.8668919899999993
25.469006745130507 -0.04444855000000004 4.914763989999998 -1.5527697699999996 0.7315572400000006 0.7767640800000001 0.9924790200000004 0.8677688299999993
25.46900681437531 -0.04245971000000004 4.916422269999998 -1.5508968499999995 0.7316217200000006 0.7768155200000001 0.9927035000000004 0.8678932699999993
25.478233428562902 -0.04357553000000004 4.915550289999998 -1.5524235499999997 0.7316911400000006 0.7771570400000001 0.9931549400000004 0.8682811699999993
25.49554429246058 -0.04267117000000004 4.917144849999998 -1.5507409699999997 0.7316754600000006 0.7763945000000001 0.9923198000000004 0.8674880099999993
25.495544594496966 -0.04083909000000004 4.920333809999998 -1.5474112899999997 0.7316799000000006 0.7748924600000001 0.9905847600000004 0.8658876899999993
25.515973794691526 -0.04410571000000004 4.917439369999998 -1.5511569299999997 0.7316961200000006 0.7753552800000001 0.9911701200000004 0.8664022099999993
25.51597412570277 -0.05059075000000004 4.911650649999998 -1.5586291299999997 0.7317106800000006 0.7763278800000001 0.9922977200000004 0.8674402099999993
25.5237340374649 -0.051728570000000036 4.911051409999998 -1.5596996899999997 0.7317643000000006 0.7762070000000001 0.9921917600000004 0.8673256299999993
25.523734078119492 -0.05147221000000004 4.911990169999998 -1.5578827699999998 0.7317261600000006 0.7746845800000001 0.9908487600000004 0.8658789099999993
25.52373460387446 -0.05089873000000004 4.9138676499999985 -1.5542359299999997 0.7316127600000005 0.7717246200000001 0.9881068400000005 0.8630109499999993
25.52373464452905 -0.053156330000000036 4.912669049999998 -1.5563776899999997 0.7317205200000005 0.7715010200000001 0.9878695600000005 0.8627815899999993
25.566005815381786 -0.050326450000000036 4.916653549999998 -1.5514287699999998 0.7316443600000005 0.7694581400000001 0.9858049200000005 0.8607295299999993
25.566006236056648 -0.044662290000000035 4.924622669999998 -1.5415229699999997 0.7314846000000006 0.7653762200000002 0.9816736800000005 0.8566268099999993
25.623579554144037 -0.047934810000000036 4.921291409999998 -1.5456148499999998 0.7317183000000006 0.7659618800000002 0.9825921000000005 0.8573528699999993
25.62535919644943 -0.05018621000000004 4.918732589999998 -1.5479802099999997 0.7315753200000006 0.7662188200000002 0.9829235600000005 0.8576412499999992
25.625359790227034 -0.054690890000000034 4.913614869999997 -1.5527244899999997 0.7313001200000006 0.7667336200000002 0.9835776400000005 0.8582148099999992
25.65982546798814 -0.054070490000000034 4.913650869999997 -1.5523626299999997 0.7310543000000006 0.7672379800000002 0.9840998800000005 0.8587267299999992
25.701837762547463 -0.05418521000000003 4.913611869999997 -1.5526747499999998 0.7314537800000006 0.7670359000000002 0.9845090200000005 0.8587825299999993
25.71742893197588 -0.05474567000000003 4.913560449999997 -1.5522925499999998 0.7311998600000006 0.7663472200000002 0.9839791600000005 0.8581608099999992
25.7224946624995 -0.054640030000000034 4.913601889999997 -1.5523158699999997 0.7312087200000006 0.7664673200000002 0.9841072400000005 0.8582842699999992
25.72249527214192 -0.05440459000000003 4.913684729999997 -1.5523326299999998 0.7311928800000006 0.7667354000000002 0.9843633600000005 0.8585473099999992
25.724709473149595 -0.05377823000000003 4.914239369999997 -1.5518007699999998 0.7312182000000006 0.7668045800000002 0.9844283400000005 0.8586147299999992
25.724709543032105 -0.053780690000000034 4.9141846499999975 -1.55176963 0.7312233000000006 0.7667658800000002 0.9844531400000005 0.8586028299999993
25.72471002974398 -0.053847290000000034 4.914075209999997 -1.5517747499999999 0.7313099400000006 0.7666178000000002 0.9845061000000005 0.8585395499999993
25.724710099626485 -0.052593410000000035 4.915184489999997 -1.55072035 0.7313527400000006 0.7667744800000003 0.9846392600000005 0.8586863099999993
25.725685530757143 -0.05226611000000003 4.915489109999997 -1.55093491 0.7316696000000006 0.7669994800000003 0.9848409200000005 0.8589014699999993
25.744588566042374 -0.051284690000000036 4.916964489999996 -1.54960333 0.7317955200000006 0.7665234200000003 0.9843783200000005 0.8584310899999993
25.74458902882055 -0.04922061000000003 4.919915289999996 -1.54682477 0.7319407600000006 0.7656637000000003 0.9834500800000004 0.8575424499999993
25.74769340160603 -0.05064095000000003 4.918090209999996 -1.54876777 0.7318627200000006 0.7662644000000003 0.9841092600000004 0.8581678299999993
25.747693640851335 -0.05350975000000003 4.914440049999996 -1.55267909 0.7317360400000006 0.7674336400000003 0.9854370600000004 0.8594039499999993
25.752233553480053 -0.05377451000000003 4.914143049999996 -1.55315179 0.7317637600000005 0.7676138400000002 0.9857825200000004 0.8596538699999993
25.752233995149375 -0.05416711000000003 4.913549049999996 -1.55405067 0.7317829200000006 0.7681009600000002 0.9863340400000005 0.8601681499999992
25.769890701049256 -0.053763210000000033 4.914039429999995 -1.5535096700000002 0.7317867600000005 0.7679600000000002 0.9862161800000004 0.8600369299999993
25.76989084130772 -0.052995130000000036 4.915020269999996 -1.55245731 0.7318312400000005 0.7676312400000002 0.9859896200000005 0.8597512899999993
25.784062540331146 -0.05289309000000004 4.915621569999995 -1.55205521 0.7318889000000005 0.7672735200000002 0.9856624000000005 0.8594064299999993
25.78406254816884 -0.05498353000000004 4.914291689999995 -1.55366685 0.7318978200000005 0.7667858000000002 0.9852628800000005 0.8589559499999992
25.784062604264232 -0.056067090000000035 4.913626809999995 -1.55449959 0.7319259000000005 0.7665069000000002 0.9850878200000005 0.8587208699999992
25.784062612101923 -0.05579633000000003 4.9148294899999945 -1.55363815 0.7319819800000005 0.7658601400000002 0.9844217000000005 0.8580659499999992
25.802680372667663 -0.055166090000000036 4.915652389999995 -1.55308423 0.7325646400000004 0.7653538000000002 0.9846820400000005 0.8578830099999992
25.807780504436387 -0.054465510000000036 4.916555489999995 -1.5518751100000001 0.7325844400000004 0.7648254400000002 0.9841925400000004 0.8573710499999992
25.8077806048453 -0.05306655000000004 4.918361609999995 -1.5494413500000002 0.7326036400000004 0.7637714400000002 0.9832590200000004 0.8563678499999993
25.843821773841206 -0.05254701000000004 4.918890929999995 -1.5488374500000002 0.7323592600000004 0.7639314600000002 0.9831314000000004 0.8564064899999992
25.886397706320533 -0.05287535000000004 4.918428909999996 -1.5495040900000001 0.7323547000000004 0.7642743200000002 0.9834797200000004 0.8567516499999992
25.886397846688244 -0.053309590000000046 4.917831029999996 -1.5504283300000001 0.7323463800000004 0.7647726600000002 0.9840046800000004 0.8572612099999992
25.88639827273009 -0.05418755000000004 4.916635269999996 -1.55229849 0.7323496200000004 0.7657616200000003 0.9850406800000004 0.8582700099999993
25.8863984130978 -0.054974710000000045 4.915711269999996 -1.55380321 0.7325300200000003 0.7662987800000003 0.9857265200000005 0.8588698899999992
25.921863668610065 -0.056606290000000045 4.914309249999996 -1.55582167 0.7328456800000004 0.7663700600000003 0.9860803400000004 0.8590603299999993
25.957951930811454 -0.05628239000000004 4.914492089999996 -1.5555415700000002 0.7328415800000004 0.7664179600000003 0.9861331400000004 0.8591102899999993
25.957952564718088 -0.055698910000000046 4.914857729999996 -1.55506461 0.7329216200000004 0.7664444000000002 0.9862327400000004 0.8591676099999993
25.95807918717585 -0.05602579000000005 4.9142640299999965 -1.55554677 0.7327893800000004 0.7667319200000002 0.9864083000000003 0.8594079099999993
26.028082988765618 -0.05618363000000005 4.914158549999996 -1.5557855500000002 0.7328050400000004 0.7667972000000002 0.9864678200000003 0.8594707499999993
26.02808309774866 -0.056642730000000044 4.913793309999996 -1.5563472900000002 0.7328182400000004 0.7668866400000002 0.9866679800000003 0.8596069099999993
26.028083622672252 -0.05760029000000005 4.913062829999997 -1.55752277 0.7328952800000004 0.7670275600000002 0.9870685800000003 0.8598573899999994
26.02808373165529 -0.05791077000000005 4.912851829999997 -1.5580035300000001 0.7329299600000003 0.7671631600000002 0.9871830200000004 0.8599840699999994
26.043864449327323 -0.057779250000000046 4.912547029999996 -1.5582570900000001 0.7327235000000003 0.7677547000000001 0.9878165600000004 0.8605933099999994
26.06626540911322 -0.05710325000000004 4.9134402099999965 -1.5571317500000001 0.7326855000000003 0.7673433800000001 0.9873768800000003 0.8601700099999994
26.066265821312363 -0.05578453000000004 4.915226529999996 -1.5549363500000002 0.7326635800000003 0.7664886200000002 0.9864903200000004 0.8593018099999994
26.073809903682125 -0.05408617000000004 4.916788269999996 -1.5531367100000002 0.7324988200000003 0.7665520400000002 0.9865377200000004 0.8593585099999994
26.085046141014324 -0.054034010000000035 4.916926169999996 -1.5531438300000002 0.7327157400000003 0.7663944200000002 0.9866712000000004 0.8593236899999994
26.08504663836794 -0.05397829000000003 4.9172019299999965 -1.5531969100000003 0.7331877000000003 0.7660312600000002 0.9869597200000004 0.8592354499999995
26.090574042136076 -0.05382777000000003 4.917305389999997 -1.5530633300000003 0.7331730400000003 0.7660628600000002 0.9870606400000004 0.8592962899999994
26.09057413207085 -0.053613370000000035 4.917515709999996 -1.5530016300000002 0.7333615000000002 0.7660271000000002 0.9870665200000004 0.8592781099999994
26.090574472371934 -0.053194170000000034 4.917936309999996 -1.5528318300000001 0.7337145400000002 0.7659234600000002 0.9871004800000004 0.8592325099999994
26.090574562306703 -0.05286249000000003 4.918143189999997 -1.5525845900000002 0.7336946200000003 0.7660278600000002 0.9872622800000004 0.8593611099999995
26.09099667468484 -0.052007220000000035 4.919443449999997 -1.55051942 0.7336566400000003 0.7648559400000002 0.9862512500000004 0.8582570799999995
26.09968790200341 -0.05175212000000003 4.9195853699999965 -1.5503011 0.7336039600000003 0.7649454000000002 0.9863319100000003 0.8583428199999994
26.099687964432796 -0.05153422000000003 4.919728209999996 -1.55018738 0.7336703200000003 0.7649832200000002 0.9864100500000003 0.8583976399999994
26.099688356947894 -0.05107794000000003 4.920013849999997 -1.54993806 0.7337758800000003 0.7650846200000002 0.9865614500000003 0.8585201199999994
26.099688419377284 -0.05046674000000003 4.920297689999996 -1.5495188199999999 0.7336889200000003 0.7653635400000002 0.9865704900000003 0.8586851999999995
26.117075145935136 -0.05030660000000003 4.920330709999996 -1.54950386 0.7336896800000003 0.7655079600000002 0.9866353900000003 0.8587960799999995
26.11707575947643 -0.049996120000000026 4.920396829999996 -1.5494751 0.7336852000000004 0.7657942000000002 0.9867846300000004 0.8590245199999995
26.121866387107296 -0.050377780000000025 4.920880069999996 -1.54958832 0.7340335000000003 0.7651774600000002 0.9866794500000003 0.8586235999999995
26.1267131703874 -0.05031928000000002 4.920804189999997 -1.54962916 0.7339883200000004 0.7653219600000002 0.9867610700000004 0.8587415799999994
26.126713680454245 -0.05016524000000002 4.920652469999997 -1.5496374000000002 0.7337997200000004 0.7656728400000002 0.9869998300000004 0.8590451399999994
26.136795021767185 -0.04921610000000002 4.9214314499999965 -1.5488143200000002 0.7339073600000003 0.7656912600000002 0.9871066300000003 0.8591008199999994
26.13998649907542 -0.04983572000000002 4.921112909999996 -1.5493827000000002 0.7339894800000003 0.7655578800000002 0.9870253100000003 0.8589893999999995
26.139986660243125 -0.05106248000000002 4.920475869999996 -1.5505097800000003 0.7341391600000003 0.7653085200000003 0.9868605100000003 0.8587757199999995
26.14681404081456 -0.05114768000000002 4.920324769999996 -1.5507253600000004 0.7341494800000004 0.7654285600000003 0.9870348700000003 0.8589186799999995
26.146814478585014 -0.051328320000000024 4.920022569999996 -1.5511600400000003 0.7341572800000004 0.7656748000000002 0.9873759900000003 0.8592049599999995
26.15645196179238 -0.05076962000000002 4.920542989999996 -1.5504187000000003 0.7341094000000004 0.7655400400000002 0.9872425900000004 0.8590707799999995
26.15645250303728 -0.04955682000000002 4.921583949999996 -1.5488351000000002 0.7338876400000004 0.7653910000000002 0.9869560700000004 0.8588637399999994
26.15814824746421 -0.04892694000000002 4.922445989999996 -1.5475927800000002 0.7339132600000003 0.7647529400000002 0.9864176900000005 0.8582677199999994
26.158148878415197 -0.047724100000000026 4.924170029999996 -1.5451516600000001 0.7340115000000004 0.7634164200000002 0.9853489700000004 0.8570441599999994
26.171540919197376 -0.048169080000000024 4.923608149999996 -1.54577658 0.7340756600000004 0.7635322000000002 0.9855581100000005 0.8571993399999994
26.17154128889143 -0.04900724000000002 4.922484469999996 -1.54695354 0.7341313800000003 0.7638152800000002 0.9859760300000004 0.8575392999999994
26.17709883966573 -0.04962464000000002 4.921594629999996 -1.54773922 0.7339245800000004 0.7641903600000002 0.9863611100000005 0.8579186199999994
26.177098843520334 -0.049896160000000016 4.921325429999996 -1.54809248 0.7339162400000003 0.7642804600000002 0.9864871300000004 0.8580238599999994
26.177098926831682 -0.050395400000000014 4.920787029999996 -1.54875152 0.7338486000000003 0.7645079000000001 0.9867088100000004 0.8582488599999994
26.17709893068629 -0.05070168000000001 4.920342109999996 -1.54914482 0.7337456800000003 0.7646978400000002 0.9868975900000004 0.8584383199999994
26.180868624658714 -0.050182400000000016 4.920965509999997 -1.54792116 0.7336709400000003 0.7640682000000002 0.9862538500000004 0.8578027399999995
26.180868691336507 -0.050270820000000015 4.9209795699999965 -1.5480174 0.7337271800000004 0.7640197800000001 0.9862780500000005 0.8577849599999995
26.180868885121157 -0.05045478000000001 4.921007649999996 -1.54821256 0.7338425000000004 0.7639156600000001 0.9863207700000005 0.8577427999999995
26.18086895179895 -0.04938494000000001 4.922254569999996 -1.54571852 0.7336522600000004 0.7626816600000002 0.9850348900000006 0.8564869199999995
26.194431709114603 -0.04946020000000001 4.922121029999996 -1.54597782 0.7336947800000004 0.7628231600000002 0.9851650500000005 0.8566236399999995
26.194432136549835 -0.04959444000000001 4.921853909999996 -1.54644194 0.7337246600000005 0.7631231600000001 0.9854644500000005 0.8569233999999994
26.1953886643334 -0.04906930000000001 4.922161269999996 -1.54599222 0.7336828600000005 0.7632404000000002 0.9855664500000005 0.8570341999999994
26.195389042476428 -0.04794234000000001 4.922776069999996 -1.5450184200000001 0.7335320200000005 0.7635444000000001 0.9857290500000006 0.8572785599999995
26.1964036491417 -0.047435340000000006 4.923223969999996 -1.5444954000000002 0.7336429600000005 0.7634174400000001 0.9859193100000005 0.8572853999999994
26.198720090657602 -0.047969040000000004 4.922271649999996 -1.5449909400000001 0.7334014600000005 0.7636207800000001 0.9862521900000005 0.8575433999999994
26.203178135858955 -0.04746678000000001 4.923021149999997 -1.5446433000000002 0.7333896200000005 0.7637872400000001 0.9863571300000006 0.8576838999999994
26.20317853787835 -0.04650826000000001 4.924520229999997 -1.54401198 0.7334224600000006 0.7640816000000001 0.9865772500000006 0.8579469399999994
26.23574761875679 -0.04564222000000001 4.925125929999997 -1.54310328 0.7334017000000006 0.7640597000000001 0.9865935100000006 0.8579411799999994
26.238180423678187 -0.04645246000000001 4.924281929999998 -1.54433196 0.7333570200000006 0.7645228400000001 0.9870137300000006 0.8583861999999994
26.23818049020389 -0.04653232000000001 4.9244332099999975 -1.5442828800000001 0.7334646600000005 0.7642862600000001 0.9868233700000006 0.8581691199999995
26.238180527569256 -0.04668532000000001 4.924735809999998 -1.54415856 0.7336603800000006 0.7638132200000001 0.9864398100000007 0.8577338399999994
26.238180594094956 -0.04830348000000001 4.9230477699999975 -1.54658692 0.7335461800000006 0.7647376200000001 0.9872862100000007 0.8586253199999994
26.29445300942401 -0.05045892000000001 4.9210393299999975 -1.54853254 0.7332920800000006 0.7647818400000002 0.9875815900000007 0.8587754999999994
26.32200757764974 -0.05084388000000001 4.920404229999997 -1.54892398 0.7331053600000006 0.7649750400000002 0.9878696500000007 0.8590087199999994
26.333788707940286 -0.05203044000000001 4.920079929999997 -1.55063938 0.7333525000000006 0.7652567400000002 0.9881174500000007 0.8592761399999994
26.344597302902336 -0.05121008000000001 4.9209390699999975 -1.54971622 0.7333045800000006 0.7652018600000002 0.9879697500000008 0.8591820999999994
26.34459739340138 -0.049576280000000014 4.922657389999998 -1.54787546 0.7332145000000007 0.7650849800000002 0.9876729900000008 0.8589893399999994
26.349920566259623 -0.04979396000000001 4.922581609999997 -1.5479771 0.7333160800000007 0.7648673400000002 0.9876212900000008 0.8588417199999994
26.3499206228641 -0.05020690000000001 4.922295369999997 -1.54853952 0.7333322400000007 0.7650006600000002 0.9878483500000007 0.8590145799999994
