13.95124765637674 0.0186288 -0.13954794 -0.03247882 -0.01840598 0.0695136 0.08482216 0.0759719
13.9512476624246 0.07663497999999999 -0.26090326 0.009928600000000003 -0.05141667999999999 0.11812306 0.15215784 0.13248147999999998
13.951248577830825 0.19263534 -0.50361118 0.09473344 -0.11742388 0.21532578000000002 0.286829 0.24549119999999996
13.951248583878687 0.22988034 -0.7827109800000001 0.02975 -0.15421652 0.35434686000000004 0.45647632 0.39743271999999996
14.423885223354127 0.2482974 -0.8813727 0.03418582 -0.17657 0.39068158000000003 0.50819408 0.44025716
14.423885358539945 0.2417723 -0.97609574 -0.011974280000000004 -0.20310286 0.45684944000000005 0.58715706 0.5118229599999999
14.423885789763686 0.22874165999999999 -1.1655401 -0.10426408000000001 -0.25618918 0.5891949200000001 0.74509162 0.65496384
14.423885924949502 0.26556646 -1.3628670600000001 -0.0953832 -0.30089910000000003 0.66184876 0.8485339 0.74060656
15.300765637977996 0.37593556 -1.7747240400000002 0.04768332 -0.35445714000000006 0.6827093200000001 0.9070008399999999 0.77733232
15.444259841051514 0.39879886 -1.9236883200000001 0.08127776 -0.3732540000000001 0.6907750400000001 0.9266792199999999 0.79029714
15.444259848889207 0.44451073999999996 -2.22161776 0.14846944 -0.41084164000000006 0.7068828800000001 0.9660336999999999 0.81621214
15.838747443138548 0.4534832 -2.2435186 0.12930574 -0.41259784000000005 0.73677524 1.0094851599999999 0.85182472
16.190248417641726 0.47015794 -2.23752518 0.14544228 -0.41405304000000004 0.7387686400000001 1.0148751399999998 0.85525104
16.190249051548356 0.50349762 -2.22553826 0.17770468 -0.41695492000000006 0.74274784 1.0256626199999999 0.86210248
16.36255371909977 0.47385254 -2.25838384 0.1412103 -0.42101970000000005 0.7536619200000001 1.0390688399999999 0.87406794
16.362554528710326 0.41456926 -2.32407584 0.06824782000000001 -0.42917282000000007 0.7754942400000001 1.065883 0.89800198
16.39591473982036 0.40798318 -2.3328932399999998 0.06993372000000002 -0.43011864000000005 0.7681680800000001 1.06100682 0.89170942
16.3959148221892 0.4080635 -2.3316521199999998 0.07795086000000002 -0.42987864000000003 0.7599912600000002 1.05488586 0.88439992
16.395915661274444 0.40823078 -2.3291693999999996 0.09398378000000002 -0.42939796 0.7436449000000002 1.0426383799999999 0.86978276
16.395915743643286 0.39507194 -2.3468046399999998 0.09738966000000002 -0.43132068 0.7290029000000001 1.0328970199999998 0.8572082
16.57056134857451 0.36774086 -2.3782175399999996 0.06810410000000001 -0.43535886 0.7349955800000001 1.0413054599999998 0.86422002
16.570561982481145 0.31308154 -2.4410434199999997 0.009580660000000012 -0.4434687 0.74696954 1.0581223799999997 0.8782371
16.908217468759396 0.31710489999999997 -2.42353622 0.010412300000000011 -0.44035328 0.7470458400000001 1.0571825999999998 0.8778847399999999
16.908217608322808 0.31638106 -2.4198221799999997 0.02966798000000001 -0.44222806000000003 0.72894108 1.0399530999999997 0.8601492399999999
16.90821839021348 0.31492242 -2.41239446 0.06810486000000002 -0.44590586000000004 0.6927234 1.0054650599999997 0.82466124
16.908218529776892 0.32298494 -2.3773793 0.06978898000000001 -0.43969806000000006 0.692894 1.0035865399999997 0.8239673599999999
17.056564440613034 0.31531559 -2.36110067 0.08611843000000001 -0.43777761000000004 0.6669747500000001 0.9769014199999997 0.79772501
17.4810688070744 0.31477993 -2.35750163 0.09867051000000002 -0.43774333000000004 0.6538527300000001 0.9652912199999997 0.7852407899999999
17.481068892631576 0.31132845 -2.3545855899999997 0.10469627000000002 -0.43708063 0.6437127900000001 0.9560950399999997 0.7754990099999999
17.481069373483958 0.30443180999999997 -2.34875403 0.11675295000000002 -0.43576175 0.6234405500000001 0.9377042799999997 0.7560205299999999
17.481069459041134 0.30342288999999995 -2.3415554299999997 0.14196087000000002 -0.43579987 0.5972618300000001 0.9144901999999997 0.73109253
17.487710257301707 0.2935064499999999 -2.3455092699999995 0.13386157 -0.43521266999999997 0.5948575100000001 0.9115395199999997 0.7284577099999999
17.487710711912367 0.2735895699999999 -2.3534162299999997 0.11757225000000002 -0.43393530999999996 0.5899526300000001 0.9056403599999997 0.7231333499999999
17.517448993250504 0.24903412999999988 -2.3733918299999996 0.09771853000000003 -0.43519407 0.5865096500000001 0.9030728999999997 0.7200597299999999
17.517449589951585 0.19988588999999987 -2.41334395 0.058005970000000025 -0.43769687 0.5795767700000001 0.8979439399999998 0.7138878899999999
17.735487540035102 0.19717390999999987 -2.4095913899999997 0.057080570000000025 -0.43632241 0.5764157300000001 0.8945055999999998 0.7106098699999999
17.7354879670701 0.19175002999999988 -2.4020859499999996 0.055226530000000024 -0.43357137 0.5700948900000001 0.8876133999999998 0.7040479899999998
17.84487303781676 0.17676518999999988 -2.4114739099999998 0.051731110000000025 -0.43351617000000003 0.5585502700000001 0.8763319599999998 0.6926144099999998
17.844873535570613 0.14675078999999988 -2.4302509899999998 0.04467079000000002 -0.43334025000000004 0.5354202300000002 0.8537703999999998 0.6697242099999998
17.96702507294337 0.14101248999999988 -2.4263304299999997 0.03866411000000002 -0.43108391 0.5334322700000002 0.8507381399999998 0.6672956899999998
17.96702519065932 0.14525848999999988 -2.4163371299999996 0.06167417000000002 -0.43182381000000003 0.5154081100000002 0.8331231999999998 0.6494441699999998
17.967025639352926 0.1537669699999999 -2.3963508099999995 0.10771681000000002 -0.43332865000000004 0.4793787900000002 0.7978969599999999 0.6137536499999998
17.967025757068882 0.1423106899999999 -2.3885096099999994 0.09570957000000002 -0.42882137000000004 0.47542251000000024 0.7918267199999999 0.6089055299999998
18.2692397991557 0.14813760999999992 -2.382034129999999 0.10405877000000002 -0.42943171 0.47351059000000023 0.7899030399999999 0.6069886499999998
18.26923980699339 0.13763008999999993 -2.393006049999999 0.09863661000000003 -0.43203715000000004 0.4710306700000002 0.7880341999999999 0.6047665299999998
18.2692399317489 0.13240526999999994 -2.398491969999999 0.09603225000000003 -0.43340837000000004 0.4697814300000002 0.7870920599999999 0.6036468499999998
18.26923993958659 0.14404662999999993 -2.385540249999999 0.11274937000000003 -0.43464233 0.4659396300000002 0.7832726599999998 0.5998144899999999
18.35142428221176 0.14144177999999993 -2.381471409999999 0.11775366000000002 -0.43387579000000004 0.4575639500000002 0.7746297099999998 0.5913260499999998
18.351424571064204 0.13622843999999992 -2.373333629999999 0.12775190000000003 -0.43233497000000004 0.4408115500000002 0.7573440899999998 0.5743486899999998
18.414616046680038 0.13504857999999992 -2.369842799999999 0.13326607000000004 -0.43214874000000003 0.4339312900000002 0.7502945399999998 0.5673970099999998
18.41461632101469 0.1326883399999999 -2.362860919999999 0.14429681000000005 -0.43177974 0.4201712900000002 0.7361967199999998 0.5534944899999997
18.881755582705864 0.1397484799999999 -2.353595899999999 0.14990235000000005 -0.43164280000000005 0.4214889500000002 0.7371315199999998 0.5546506299999997
18.881755590543555 0.12779783999999988 -2.3657970999999987 0.13958703000000006 -0.43260884000000005 0.4208196700000002 0.7369530399999998 0.5541884299999997
18.88175568972233 0.12181753999999989 -2.3718975199999988 0.13441617000000006 -0.43308286000000007 0.4204842300000002 0.7368663399999998 0.5539579299999997
18.88175569756002 0.1359314199999999 -2.353366959999999 0.14558029000000006 -0.43277450000000006 0.4231256300000002 0.7387291399999999 0.5562708499999998
18.939210650773994 0.14238813999999989 -2.347647679999999 0.15135609000000005 -0.43272346000000006 0.4237555100000002 0.7402019199999998 0.5572563299999997
18.93921074011305 0.14248417999999988 -2.3501451999999987 0.15038751000000006 -0.4329857000000001 0.4250823900000002 0.7424462599999998 0.5589702499999998
18.939211460384556 0.14271365999999988 -2.3551401599999986 0.14849247000000007 -0.4335510600000001 0.4277722700000002 0.7469310199999998 0.5624173299999998
18.93921154972361 0.1556551799999999 -2.3437017999999985 0.16005135000000006 -0.4334559000000001 0.42905971000000015 0.7498501799999998 0.5643931699999998
19.05524208634813 0.1610405899999999 -2.3299299299999987 0.16607817000000005 -0.4315448900000001 0.42650729000000015 0.7463904899999998 0.5614579999999998
19.055242513705032 0.1717906299999999 -2.302386749999999 0.17812179000000006 -0.4277079500000001 0.4213767700000001 0.7394750299999998 0.5555744599999998
19.07009058474014 0.1631894499999999 -2.2939055999999987 0.19307232000000005 -0.4264779500000001 0.3965950600000001 0.7144273399999999 0.5306805199999998
19.11057972729635 0.17017002999999992 -2.294149199999999 0.20200284000000004 -0.4276387100000001 0.3958058800000001 0.7153341799999998 0.5306068399999998
19.140318561911446 0.1780581699999999 -2.2885169399999987 0.20257848000000003 -0.4272029900000001 0.40268266000000014 0.7238468599999999 0.5381737399999998
19.147124939856877 0.1974177899999999 -2.2630281199999986 0.23889646000000003 -0.4274841800000001 0.3860054900000001 0.7067203899999999 0.5213070199999998
19.147125555650106 0.2361241099999999 -2.2120491199999988 0.31151890000000004 -0.4280325600000001 0.35263775000000014 0.6724739499999999 0.48756857999999986
19.525379983546472 0.23693222999999988 -2.2126746999999987 0.31329944000000004 -0.42810876000000014 0.35174153000000014 0.6719477499999998 0.48682845999999985
19.525380055897084 0.24281254999999988 -2.2071268599999985 0.31892758000000004 -0.4280116600000001 0.3518965900000001 0.6727080499999999 0.48723885999999983
19.525380793157034 0.25456806999999987 -2.1960310999999986 0.33024962 -0.42784774000000014 0.3521661500000001 0.6742256499999999 0.4880349399999998
19.525380865507646 0.25618450999999987 -2.1972824599999985 0.33383218000000003 -0.42801618000000013 0.3503684700000001 0.6731844499999999 0.4865564199999998
19.60023763460812 0.23352388999999987 -2.2099695199999987 0.3125662 -0.4267714200000001 0.3477290700000001 0.67043075 0.48386877999999983
19.825525304856484 0.23630810999999988 -2.2082442599999985 0.31610618 -0.42692820000000015 0.34713009000000006 0.67038011 0.48350113999999983
19.825525391602923 0.2366068099999999 -2.2092533199999984 0.31459404 -0.4270324400000001 0.34904517000000007 0.67324001 0.4858148199999998
19.82552587126604 0.2371666499999999 -2.2112712399999985 0.31148824 -0.42717564000000013 0.3528540500000001 0.67895489 0.4904277799999998
19.82552595801248 0.2427794899999999 -2.2078205999999985 0.31865308000000003 -0.42757372000000016 0.3517001300000001 0.6788742099999999 0.48972661999999983
19.830997336638905 0.2559136699999999 -2.2014205199999983 0.33703498000000004 -0.42845896000000017 0.34733771000000013 0.6760320099999999 0.48600553999999985
19.93237733815271 0.25730090999999994 -2.2014303599999985 0.33871180000000006 -0.4287948400000002 0.34738399000000014 0.6766804899999999 0.48630587999999986
19.932377838780106 0.26011990999999995 -2.2014499999999986 0.34213040000000006 -0.42953292000000015 0.34752247000000014 0.6779779699999998 0.48693327999999986
19.940382854915057 0.25636402999999996 -2.2033198399999985 0.33204722000000003 -0.4284978600000002 0.35281477000000017 0.6846695299999999 0.4928158599999999
19.962116120118242 0.25979358999999996 -2.2008086999999983 0.334349 -0.4285180000000002 0.3539626900000002 0.6865110499999999 0.4942563999999999
19.962116670802587 0.26665210999999994 -2.1957864199999984 0.33894116 -0.42855264000000015 0.3562636900000002 0.6902002499999998 0.49714303999999987
20.32811000371109 0.26100456999999994 -2.1984793799999984 0.33415346 -0.42847426000000016 0.3553254900000002 0.6892280299999999 0.4961904799999999
20.32811001154878 0.2504572499999999 -2.2005975799999984 0.32524418 -0.4270415000000002 0.3522546900000002 0.6855929899999998 0.4928816399999999
20.328110078751322 0.2451739299999999 -2.2016565999999984 0.32078248 -0.4263187400000002 0.3507103300000002 0.6837839899999999 0.4912256399999999
20.328110086589014 0.2338890899999999 -2.2070426799999985 0.31118468 -0.4261496600000002 0.34885421000000016 0.6818304299999999 0.4893283999999999
20.44468007406196 0.2357829699999999 -2.2064845999999987 0.31409645999999997 -0.42639714000000023 0.3480837700000002 0.6812629099999998 0.48864355999999987
20.4446806179435 0.2395548099999999 -2.205368399999999 0.3199203 -0.4268882200000002 0.3465228100000002 0.6801428299999999 0.4872685999999999
20.474418899281638 0.2379421299999999 -2.207430019999999 0.31502086 -0.4267265800000002 0.3496479500000002 0.6833184099999998 0.49041501999999987
20.474419406711835 0.2346625299999999 -2.211553179999999 0.3051641 -0.4263420600000002 0.3558406300000002 0.6896726899999999 0.49667585999999986
20.497678552292886 0.2350150299999999 -2.211456999999999 0.30540246 -0.4263800200000002 0.3559927300000002 0.6898729699999999 0.49684827999999986
20.497678591237605 0.2339229099999999 -2.213764999999999 0.30435641999999996 -0.4265234800000002 0.3560901300000002 0.6900380899999999 0.49697423999999985
20.497679007237373 0.2317364699999999 -2.218381159999999 0.30227425999999996 -0.4268152800000002 0.3562776500000002 0.6903674099999999 0.4972215999999998
20.497679046182093 0.2324562299999999 -2.218188599999999 0.30276082 -0.4269071200000002 0.3566026900000002 0.6907622899999999 0.49757611999999984
20.551570372959763 0.2345537899999999 -2.217464999999999 0.3046119 -0.4270957000000002 0.3570377300000002 0.6914177899999999 0.49810415999999985
20.55157038525215 0.2363844499999999 -2.216460279999999 0.30422802 -0.4269913200000002 0.35914789000000025 0.6937487899999999 0.5003074999999999
20.55157129441385 0.24002444999999992 -2.2144508399999987 0.3033933 -0.4267230800000002 0.36335437000000026 0.6983855899999999 0.5046954999999999
20.551571306706233 0.24418976999999992 -2.2130035199999987 0.30700842 -0.4270250000000002 0.36420649000000027 0.6996971899999999 0.5057414599999999
20.629668406571355 0.24704352999999993 -2.2110525999999986 0.31031482 -0.4271007000000002 0.3638295500000003 0.6997368499999999 0.5055402799999998
20.62966850803613 0.24885706999999993 -2.2094399999999985 0.31205468 -0.4270755000000002 0.3638780500000003 0.6998692499999999 0.5056241799999999
20.629668861515842 0.25246266999999994 -2.2062146399999985 0.3155284 -0.4270109000000002 0.3639453300000003 0.7001301699999999 0.5057731399999998
20.629668962980617 0.25818494999999997 -2.2023128799999983 0.3221088 -0.4271423000000002 0.3632186500000003 0.7001774899999998 0.5053729799999999
20.79226051077761 0.25738257 -2.2001985399999984 0.3276183 -0.4275844400000002 0.35734885000000033 0.6943499899999999 0.49952105999999985
20.792671073531018 0.25769506999999997 -2.2018252999999985 0.32700421999999996 -0.42786070000000015 0.3585516900000003 0.6959554299999998 0.5008937399999999
20.792671551386086 0.25832031 -2.2050787399999985 0.32575017999999994 -0.42839694000000017 0.3609672100000003 0.6991653499999998 0.5036444199999999
20.82237166619746 0.23825090999999998 -2.2143854599999986 0.30935019999999996 -0.42764490000000016 0.3565456900000003 0.6943841899999998 0.49907121999999987
20.902056622132747 0.23996826999999998 -2.2124953799999987 0.31009565999999994 -0.42743392000000013 0.3573065900000003 0.6952834699999998 0.49989049999999985
20.902057069066526 0.24339834999999999 -2.2087151399999985 0.3116213399999999 -0.4270326800000001 0.3588097500000003 0.6970829499999998 0.5015186599999999
20.960881656503055 0.24505122999999998 -2.2073879399999985 0.3136732799999999 -0.42712292000000013 0.35850093000000033 0.6966413499999997 0.5011537999999999
21.168027957670304 0.24396886999999998 -2.2092847399999984 0.3130563399999999 -0.42729098000000015 0.3582035700000003 0.6965656299999997 0.5009499599999999
21.168028052164864 0.24495702999999996 -2.2088365599999986 0.31415699999999985 -0.4273351200000002 0.3581352100000003 0.6966518899999997 0.5009468199999999
21.168028061561373 0.24693838999999995 -2.2079401999999986 0.3164033199999999 -0.42746644000000017 0.3580015700000003 0.6968571299999997 0.5009561399999999
21.168028156055932 0.24483038999999995 -2.2117340399999987 0.3152268799999999 -0.4278648400000002 0.35746841000000035 0.6967125299999997 0.5005868999999998
21.176404278414584 0.24517906999999994 -2.2121529199999985 0.3149078599999999 -0.4279144000000002 0.35818567000000034 0.6974416299999997 0.5013091599999998
21.176404526575773 0.24588878999999994 -2.2129905999999986 0.31429145999999986 -0.4280312800000002 0.35962871000000035 0.6989054299999997 0.5027609599999998
21.23959600219161 0.24233616999999993 -2.2172722599999988 0.30973291999999986 -0.4281157200000002 0.36071907000000036 0.7000880499999997 0.5038902399999998
21.239596317217515 0.23519604999999993 -2.2258357399999986 0.30058959999999985 -0.4282550800000002 0.3628616300000004 0.7024516499999998 0.5061260799999998
21.278627321930124 0.23819336999999993 -2.2240914999999988 0.30446679999999987 -0.42847436000000017 0.3622010100000004 0.7019308699999998 0.5055244599999998
21.278627866883696 0.24419432999999993 -2.220603059999999 0.3122324399999999 -0.4289224400000002 0.3608844100000004 0.7008935499999998 0.5043256599999998
21.388012937630357 0.24289706999999994 -2.222008279999999 0.3091545199999999 -0.4287927800000002 0.3625354100000004 0.7025653899999997 0.5059854599999998
21.388013317465628 0.24030718999999995 -2.224818799999999 0.30302511999999987 -0.4285496200000002 0.3658317300000004 0.7059067899999998 0.5093007799999998
21.459898648320856 0.24185264999999995 -2.223895459999999 0.3047030999999999 -0.4286673400000002 0.36581693000000043 0.7061703699999998 0.5094034199999998
21.459899282227486 0.24491624999999995 -2.222048819999999 0.3080386199999999 -0.4288823400000002 0.3657600100000004 0.7067151699999998 0.5096003399999999
21.51953245249795 0.24688202999999995 -2.222969939999999 0.30685661999999986 -0.4289491800000002 0.3689746300000004 0.7105798299999998 0.5130892199999999
21.63189897217559 0.24540020999999995 -2.225415639999999 0.30475439999999987 -0.4290584800000002 0.3697043500000004 0.7115398899999998 0.5139161199999999
21.63189948880338 0.24246928999999995 -2.230306879999999 0.30053143999999987 -0.4292726800000002 0.37121063000000043 0.7134471299999998 0.5155915599999998
21.69210970859887 0.24880642999999994 -2.225101219999999 0.3073629799999999 -0.4294406800000002 0.37088417000000046 0.7130220899999998 0.5152235199999998
21.723781914955225 0.24594274999999993 -2.227781579999999 0.3023974199999999 -0.4291689800000002 0.37271435000000047 0.7149686699999999 0.5171027999999999
21.72378244147757 0.24019386999999992 -2.233142499999999 0.2924515399999999 -0.4286013800000002 0.3763437500000005 0.7188591099999999 0.5208423599999998
21.752405661181264 0.23936400999999993 -2.234132319999999 0.2912251199999999 -0.4285825800000002 0.3767215100000005 0.7192860499999999 0.5212408599999998
21.75240573362888 0.24082554999999994 -2.2329916599999993 0.2941160399999999 -0.4287578000000002 0.3754673500000005 0.7181100499999999 0.5200196799999998
21.752406227590825 0.24374618999999995 -2.2307103399999995 0.2998826399999999 -0.4291000400000002 0.3729636300000005 0.7157594899999999 0.5175805599999997
21.752406300038437 0.24209114999999995 -2.2326899799999995 0.29744575999999995 -0.4290692000000002 0.3737146300000005 0.71660085 0.5183696799999997
21.755139387961272 0.23944254999999995 -2.2344725199999997 0.29472659999999995 -0.4289891400000002 0.3737051300000005 0.71655143 0.5183433399999997
21.755139507430428 0.24528136999999994 -2.2272012799999996 0.30564051999999997 -0.4291567400000002 0.3687976100000005 0.71161127 0.5134220399999997
21.755140197571833 0.25699268999999997 -2.2126588 0.32748716 -0.4295216200000002 0.3590271700000005 0.70172227 0.5036015999999996
21.75514031704099 0.25170801 -2.216224 0.3220644 -0.42937362000000023 0.3590172500000005 0.70160983 0.5035484399999997
21.774131287312294 0.26042139 -2.2088092 0.33422352 -0.42952164000000026 0.3557195300000005 0.69852817 0.5003418599999997
21.78891998357104 0.25967450999999997 -2.21060196 0.3332484 -0.42963796000000026 0.3560640900000005 0.69895231 0.5007199999999997
21.788920362942914 0.25819838999999994 -2.2141876 0.33138448 -0.42994152000000024 0.3567554500000005 0.69981899 0.5014853199999997
21.80758419052196 0.25894382999999993 -2.21350576 0.33075664 -0.4297665000000002 0.35795377000000045 0.70131257 0.5028081999999997
21.843037563902328 0.25771970999999994 -2.21743276 0.32851288 -0.4301706600000002 0.3593775700000004 0.70312685 0.5043967599999997
21.847617682695155 0.25654406999999996 -2.21980444 0.32580958 -0.43032216000000023 0.36105673000000044 0.70479941 0.5060731599999997
21.85211183855875 0.25577332999999997 -2.2208519 0.3246679 -0.43033584000000025 0.36144135000000044 0.70520549 0.5064668399999996
21.852112022373966 0.25421857 -2.2229467 0.32238578 -0.4303646800000002 0.3621975500000004 0.70604189 0.5072568799999997
21.864404386263658 0.25498231 -2.22272536 0.32283832 -0.4304213400000002 0.3625654100000004 0.7065300099999999 0.5076754599999996
21.864404469228216 0.25675103 -2.2215079600000003 0.32464566 -0.4304505400000002 0.36255599000000044 0.7066311099999999 0.5077126599999996
21.86440519587422 0.26034955 -2.2190731200000005 0.32834826 -0.4306041400000002 0.36260547000000043 0.7068582299999999 0.5078370999999996
21.864405278838774 0.26185654999999997 -2.2186304800000003 0.32923382 -0.4306992200000002 0.36332195000000045 0.7078421899999999 0.5086664199999996
21.89228140880445 0.26289856999999994 -2.21844738 0.33100756000000003 -0.4309366400000002 0.36282765000000045 0.70739051 0.5081900999999996
21.892281484440396 0.26286396999999995 -2.2190545200000003 0.33056428000000004 -0.4309895200000002 0.3632892100000005 0.7079098699999999 0.5086760399999997
21.892282330258535 0.26280756999999993 -2.22026884 0.32965180000000005 -0.4310850400000002 0.36424081000000047 0.7089438299999999 0.5096623999999996
21.892282405894484 0.26490900999999994 -2.21990256 0.3332011200000001 -0.4315689200000002 0.36327681000000045 0.7080341499999999 0.5087213199999996
21.910809420519918 0.26583774999999993 -2.2185306 0.3347678400000001 -0.4316216600000002 0.36269151000000044 0.7071933699999999 0.5080282599999996
21.944369496975547 0.2658195099999999 -2.2191209799999996 0.3342930400000001 -0.4316869400000002 0.36321335000000043 0.7078603699999999 0.5086113399999995
21.94436950481324 0.27024238999999994 -2.2145163399999994 0.3384900800000001 -0.43149946000000017 0.3632516700000004 0.7077991699999999 0.5086076999999996
21.944369568844742 0.27246510999999995 -2.212214039999999 0.34059716000000007 -0.43141426000000016 0.36328211000000044 0.7077639699999999 0.5086104399999996
21.944369576682433 0.27240038999999994 -2.2133948399999994 0.3396091600000001 -0.43150234000000015 0.36429347000000045 0.7091056499999999 0.5097611599999996
21.963919941576727 0.2734088699999999 -2.208579179999999 0.3484441000000001 -0.43158640000000015 0.35655107000000047 0.7011887099999999 0.5019451399999996
21.9803657393959 0.2704013899999999 -2.210917919999999 0.3461878400000001 -0.43153956000000016 0.3557530100000005 0.7003644899999999 0.5011360399999996
21.980365853596155 0.2664605499999999 -2.2140359199999993 0.3423612200000001 -0.43151570000000017 0.3556149300000005 0.7002690699999999 0.5010159599999996
21.98036637330253 0.25863302999999993 -2.220271999999999 0.33477782000000006 -0.4315373800000002 0.3553925300000005 0.7000769899999999 0.5008063599999996
21.980366487502785 0.25260390999999993 -2.224949439999999 0.33023782000000007 -0.4314284200000002 0.3537944500000005 0.6984530699999999 0.49919739999999957
22.02913019108836 0.2516476899999999 -2.226300999999999 0.3281272600000001 -0.4314642400000002 0.3549846700000005 0.6995901299999999 0.5003651799999995
22.044306030475077 0.24984336999999993 -2.227770579999999 0.3215002600000001 -0.4309752400000002 0.3593183500000005 0.7040961899999999 0.5047715799999996
22.067897564101578 0.25077726999999994 -2.228836419999999 0.32319520000000007 -0.4313327800000002 0.3589148500000005 0.7041741899999999 0.5045712399999995
22.104191232460714 0.25065742999999996 -2.229505559999999 0.3224462600000001 -0.4312977400000002 0.3595089300000005 0.7050860499999999 0.5052993799999995
22.104191866367344 0.25042614999999996 -2.230843839999999 0.3209532600000001 -0.4312331800000002 0.3607060500000005 0.7069016499999999 0.5067574199999996
22.148829907828613 0.24926430999999996 -2.233447599999999 0.31842978000000005 -0.4313171800000002 0.3621516900000005 0.70857337 0.5082984599999996
22.178440595960808 0.24648542999999995 -2.236893539999999 0.31456822000000007 -0.4313813200000002 0.3632985100000005 0.7098141099999999 0.5094848999999996
22.178440731742334 0.24609260999999996 -2.237787739999999 0.31320270000000006 -0.4312738200000002 0.36416371000000053 0.71085957 0.5104261599999996
22.17844085642325 0.24530876999999995 -2.239576019999999 0.31046866000000006 -0.4310567000000002 0.3658967900000005 0.71294985 0.5123099199999996
22.17844099220478 0.23975124999999994 -2.246467979999999 0.30278178000000006 -0.4312065400000002 0.3681759900000005 0.71543417 0.5146756399999997
22.18951934701327 0.23443584999999995 -2.251353299999999 0.29283630000000005 -0.4310174800000002 0.3726170100000005 0.72006293 0.5191958599999996
22.21806830057048 0.23326858999999994 -2.253415279999999 0.29105966000000005 -0.43106234000000015 0.3732712500000005 0.72089409 0.5199247399999997
22.21806880896501 0.23094186999999994 -2.257539279999999 0.28753922000000004 -0.43117586000000013 0.3745784900000005 0.7225605700000001 0.5213835399999996
22.24295637460093 0.22985508999999993 -2.257535699999999 0.28653612000000006 -0.43102384000000016 0.3743427900000005 0.7222511100000001 0.5211167199999996
22.2429565359542 0.23352530999999993 -2.2526903799999993 0.29393270000000005 -0.4311091200000002 0.37070171000000046 0.7185282900000001 0.5174411599999996
22.24295700850756 0.24088750999999994 -2.2429997399999992 0.30875694000000004 -0.4312991600000002 0.36342971000000046 0.71105541 0.5100844399999996
22.24295716986083 0.23870274999999994 -2.242992659999999 0.30671626 -0.4309709600000002 0.36295743000000047 0.71041277 0.5095402799999996
22.28408398112134 0.24008598999999994 -2.242208759999999 0.30826982 -0.4310900200000002 0.36290617000000047 0.71052603 0.5095584199999996
22.28408404861294 0.24073562999999995 -2.241833899999999 0.30840272 -0.4310475400000002 0.3633804100000005 0.71108125 0.5100668199999996
22.284084241583788 0.24201998999999996 -2.241084179999999 0.30863632 -0.43094118000000015 0.3643248100000005 0.71220973 0.5110888599999995
22.284084309075382 0.24479322999999997 -2.239516459999999 0.31173192 -0.4311749400000002 0.3642362100000005 0.71242697 0.5111292999999996
22.287954260719864 0.25049478999999997 -2.233487359999999 0.31720338 -0.4308132000000002 0.3641045100000005 0.71243261 0.5110555599999995
22.30131404678496 0.25305408999999995 -2.232493459999999 0.32077476 -0.4311457200000002 0.3634250100000005 0.71203229 0.5104938399999995
22.30995123511686 0.25035268999999993 -2.235118619999999 0.31599698 -0.4309413400000002 0.3652969900000005 0.71399477 0.5124039999999995
22.309951769872455 0.24496520999999993 -2.240369059999999 0.30646969999999996 -0.4305594200000002 0.3690548700000005 0.71792269 0.5162336399999995
22.334371298867097 0.24166254999999992 -2.244405439999999 0.30249309999999996 -0.4306700200000002 0.3698394100000005 0.71882371 0.5170673199999994
22.334371344782035 0.2376184299999999 -2.248723939999999 0.2969227 -0.4305977800000002 0.37129345000000047 0.72036389 0.5185576999999995
22.33437185546148 0.2295469899999999 -2.257361139999999 0.28583482 -0.4304997800000002 0.3742118900000005 0.72344457 0.5215445799999995
22.334371901376414 0.2229469499999999 -2.2654338999999992 0.27787842 -0.4307241400000002 0.3757926500000005 0.7252484899999999 0.5232194999999995
22.53003743303477 0.2224260099999999 -2.266678899999999 0.27739648 -0.4308546200000002 0.3758841300000005 0.72541461 0.5233424799999995
22.530037473044075 0.2236016899999999 -2.265648179999999 0.27845172 -0.4308754600000002 0.37602537000000047 0.72561477 0.5235085999999995
22.530037489826878 0.2241800499999999 -2.265132919999999 0.2789737 -0.4308790800000002 0.3760853700000005 0.72572005 0.5235876999999995
22.53003752983618 0.2231668899999999 -2.267622999999999 0.27805146 -0.4311833600000002 0.37629873000000047 0.72605325 0.5238516199999995
22.590250584087112 0.2227705899999999 -2.267076439999999 0.27771125999999996 -0.43105146000000016 0.3761107500000005 0.72589133 0.5236746399999995
22.590250651831276 0.22208874999999992 -2.266799139999999 0.27810441999999996 -0.43108394000000017 0.3750682300000005 0.72476665 0.5225974599999995
22.5902515055412 0.22064290999999991 -2.266244539999999 0.27874481999999995 -0.43100878000000015 0.3729068300000005 0.72250609 0.5203942199999995
22.59025157328536 0.21985054999999992 -2.265151459999999 0.27808117999999993 -0.43075918000000013 0.3725285500000005 0.72219089 0.5200425399999995
22.684928466386417 0.22041278999999991 -2.2650031599999987 0.27827603999999995 -0.43076706000000015 0.3729038100000005 0.72268981 0.5204699599999995
22.684929100293047 0.2215501099999999 -2.2647065199999985 0.2787064799999999 -0.43080878000000017 0.3736524100000005 0.72368285 0.5213216799999995
22.709104599260087 0.2272394899999999 -2.2602745599999987 0.2857148399999999 -0.4307669000000002 0.37229155000000047 0.72285683 0.5201864799999995
22.716550547604264 0.2331039499999999 -2.255669139999999 0.2925242999999999 -0.4310378000000002 0.37161745000000046 0.72246575 0.5196317799999994
22.77344389027437 0.2328627899999999 -2.2556167599999988 0.2921057599999999 -0.4309721600000002 0.37172917000000044 0.7226350500000001 0.5197677999999994
22.773443963896764 0.2319375499999999 -2.256427259999999 0.2908798199999999 -0.4309637400000002 0.3720214500000004 0.7229117500000001 0.5200534999999995
22.773444456683926 0.2300263499999999 -2.2580482199999987 0.2883834199999999 -0.4308777000000002 0.3725206100000004 0.7234698700000001 0.5205775399999995
22.77344453030632 0.2295377899999999 -2.257943419999999 0.2876226999999999 -0.4307936600000002 0.37270873000000043 0.72383127 0.5208387799999995
22.79619723126532 0.2331065299999999 -2.255260519999999 0.2908958199999999 -0.4308029000000002 0.37301359000000045 0.72450987 0.5213013199999995
22.800987547556684 0.2306556499999999 -2.258435959999999 0.28632267999999994 -0.4308137600000002 0.37514671000000044 0.72772791 0.5238921199999995
22.802188236790812 0.23241364999999992 -2.255707139999999 0.2884815399999999 -0.43073198000000024 0.3746640500000004 0.72713583 0.5233632999999995
22.80218855102868 0.23591116999999992 -2.250249419999999 0.29278061999999994 -0.43054990000000026 0.37368045000000044 0.7259550300000001 0.5222964999999995
22.826035926470652 0.23286674999999993 -2.252800759999999 0.2888551999999999 -0.4304861600000003 0.37449769000000044 0.72685047 0.5231467399999995
22.826036360069864 0.22675934999999992 -2.257903759999999 0.2809793199999999 -0.4303404800000003 0.37612053000000045 0.7286519100000001 0.5248449399999995
22.886973174827485 0.2270376699999999 -2.257389219999999 0.28127393999999994 -0.4302720000000003 0.37603573000000046 0.7285214700000001 0.5247408999999995
22.886973226602418 0.2262862699999999 -2.258274379999999 0.27986743999999997 -0.43025424000000034 0.37667307000000044 0.7291860500000001 0.5253897399999995
22.88697409628157 0.2247748699999999 -2.260044819999999 0.27703795999999997 -0.4302067200000003 0.37794359000000044 0.7305158100000001 0.5266852599999995
22.886974148056506 0.2253083099999999 -2.259015619999999 0.27762427999999995 -0.43006800000000034 0.37775195000000045 0.73028621 0.5264776199999995
22.897536120372667 0.2219571299999999 -2.2623678199999993 0.27428215999999994 -0.43006206000000036 0.37773695000000046 0.73020905 0.5264363999999996
22.934178098039496 0.2202968699999999 -2.2639446799999994 0.2725016599999999 -0.43005124000000033 0.37784635000000044 0.73033603 0.5265532199999996
22.93417846085699 0.2169482299999999 -2.2670984399999994 0.26894265999999994 -0.43000944000000035 0.3780149100000004 0.73057547 0.5267516999999996
22.951122723197443 0.2161045699999999 -2.2679142599999995 0.26976459999999997 -0.4303359000000003 0.3766757700000004 0.72919841 0.5253965399999996
22.955355117793893 0.21642298999999993 -2.2673034599999995 0.26852607999999994 -0.4301048400000003 0.3780016500000004 0.73059341 0.5267515799999996
22.95802583629896 0.21519820999999992 -2.2685515599999997 0.2674528199999999 -0.43019486000000035 0.3779401500000004 0.73055589 0.5267001999999995
22.958026221318544 0.21277560999999992 -2.27104772 0.2653250199999999 -0.4303955000000003 0.3778459900000004 0.73045669 0.5266039199999996
23.137127575690698 0.21267160999999993 -2.27165122 0.2647133599999999 -0.4304184200000003 0.3783765700000004 0.7311229100000001 0.5271917199999996
23.13712804597984 0.21244584999999994 -2.27285814 0.2634534799999999 -0.43043366000000033 0.3794259300000004 0.7324548700000001 0.5283603199999996
23.160104427989456 0.21193198999999993 -2.27324502 0.26252683999999993 -0.43034080000000036 0.3797458500000004 0.73277451 0.5286801199999995
23.160105027997105 0.21098550999999993 -2.27401882 0.2609070399999999 -0.43033016000000035 0.3804085300000004 0.73344735 0.5293471199999995
23.189843309335238 0.20965884999999992 -2.27548222 0.2588370599999999 -0.43031162000000034 0.3811333100000004 0.73417785 0.5300743199999995
23.189843760639334 0.20703216999999993 -2.2784089400000003 0.2547415799999999 -0.43032882000000033 0.3826193100000004 0.73567457 0.5315648399999996
23.23527443274562 0.20803380999999993 -2.2779967400000003 0.2558263199999999 -0.43042498000000035 0.3826323500000004 0.73570103 0.5315835399999996
23.235274723802554 0.21001264999999994 -2.2771722600000004 0.2579478399999999 -0.43057290000000037 0.3826375900000004 0.7357584699999999 0.5316107799999996
23.246513116726497 0.21044426999999993 -2.2769269400000005 0.2581548599999999 -0.43056690000000036 0.38285619000000043 0.7360034099999999 0.5318404799999996
23.246513571226206 0.21112018999999993 -2.2764363800000007 0.2581826999999999 -0.4302369800000004 0.38317435000000044 0.7364985299999999 0.5322332799999996
23.25552864110063 0.21071196999999994 -2.2759242400000006 0.25787517999999987 -0.43015190000000036 0.3829885700000004 0.7362838499999999 0.5320352999999995
23.255528715360732 0.21023000999999994 -2.2763488400000007 0.2590930599999999 -0.43034162000000037 0.3814784500000004 0.7347882899999999 0.5305313199999996
23.255529562554717 0.20926696999999994 -2.277198120000001 0.2614998999999999 -0.4307045800000004 0.3784715300000004 0.7317872499999999 0.5275268799999996
23.255529636814817 0.20853412999999993 -2.276173800000001 0.2609407799999999 -0.4306174600000004 0.3782106900000004 0.7313534499999998 0.5271930799999995
23.276528099350344 0.20817994999999992 -2.276936560000001 0.25993913999999985 -0.4305856000000004 0.3788263100000004 0.7321856099999998 0.5279000399999996
23.276528733256974 0.20749246999999993 -2.278462080000001 0.25794853999999984 -0.4305310400000004 0.3800748700000004 0.7338268899999998 0.5293142799999996
23.277826656860036 0.20955534999999992 -2.275771580000001 0.25978329999999983 -0.43038632000000043 0.3801582700000004 0.7338332499999998 0.5293651799999995
23.277827305000763 0.21371174999999992 -2.270390460000001 0.26349737999999984 -0.4301350400000004 0.3803493100000004 0.7338519699999998 0.5294835399999995
23.298466199418392 0.21539708999999993 -2.268842600000001 0.26563499999999984 -0.43016706000000043 0.3799290500000004 0.7333939499999999 0.5290473599999995
23.298466471548544 0.21874668999999994 -2.265746840000001 0.26992595999999985 -0.43023878000000043 0.3790594100000004 0.7324973499999998 0.5281663199999995
23.307565586338896 0.22273156999999993 -2.261167180000001 0.27604515999999985 -0.43031688000000046 0.3770031900000004 0.7303237499999998 0.5260605799999996
23.30756598950991 0.23046240999999992 -2.252007860000001 0.2880331999999998 -0.43015236000000046 0.37258147000000036 0.7259161899999999 0.5216448199999996
23.30851037793991 0.23112432999999993 -2.250313520000001 0.2903602599999998 -0.43016616000000046 0.37093015000000035 0.7242274099999999 0.5199776799999996
23.308510568963985 0.23244396999999994 -2.246924680000001 0.2949804999999998 -0.43016744000000046 0.36763087000000033 0.7208316499999999 0.5166376799999995
23.330707629161907 0.23114946999999994 -2.2474038600000013 0.29349975999999983 -0.43009404000000045 0.36774371000000033 0.7209569699999999 0.5167557799999996
23.330707817641606 0.22854870999999993 -2.248362140000001 0.2905366799999998 -0.42994396000000046 0.3679559500000003 0.7212174899999999 0.5169883799999996
23.40788267719043 0.22873946999999994 -2.2476628200000013 0.2911006199999998 -0.42981924000000044 0.3674580500000003 0.7206976299999999 0.5164812199999996
23.407883043320872 0.22919782999999994 -2.246264180000001 0.2923334599999998 -0.42967904000000046 0.36654333000000033 0.7196515899999999 0.5155110999999997
23.517268114067534 0.22872320999999993 -2.2467681200000014 0.2916400599999998 -0.42964396000000044 0.36672705000000033 0.7198025499999999 0.5156809999999996
23.51726867272594 0.22776352999999994 -2.2477759600000016 0.29029293999999983 -0.42960260000000045 0.3670730900000003 0.7201165099999999 0.5160135199999996
23.525604811564918 0.23013312999999994 -2.2447625000000015 0.29303609999999986 -0.4294756600000004 0.3665725900000003 0.7195102099999999 0.5154683999999996
23.525605453248886 0.23483964999999993 -2.2387355400000017 0.29849901999999984 -0.4291849400000004 0.36552551000000033 0.7182832899999999 0.5143454399999996
23.607211036886262 0.23491076999999994 -2.239070760000002 0.2985539999999998 -0.4292422400000004 0.3655989500000003 0.7183331099999999 0.5144089199999996
23.607211068502373 0.23630726999999993 -2.238070020000002 0.3004591799999998 -0.4293183800000004 0.3651663900000003 0.7179562899999998 0.5139998799999996
23.607211140777327 0.23911114999999994 -2.236068540000002 0.3042658999999998 -0.4294726200000004 0.3643177900000003 0.7172076499999999 0.5131934399999997
23.60721117239344 0.23928546999999994 -2.236739020000002 0.3044473399999998 -0.42964798000000043 0.3644860300000003 0.7173073699999999 0.5133327999999997
23.619559791188287 0.23572184999999996 -2.2404861000000023 0.2994919199999998 -0.42966936000000044 0.3658992300000003 0.7188248499999998 0.5147899999999997
23.619559913763254 0.23267320999999996 -2.244434980000002 0.2957510799999998 -0.42978360000000043 0.3667056700000003 0.7197180699999999 0.5156330399999998
23.619560221424138 0.22657420999999997 -2.252332780000002 0.28828863999999976 -0.4300152400000004 0.36830075000000034 0.7214872299999999 0.5173015599999997
23.619560343999108 0.21937464999999998 -2.259826980000002 0.27824119999999974 -0.4299286000000004 0.37106199000000034 0.7245129899999999 0.5201743999999997
23.634990523995548 0.22292422999999997 -2.255899560000002 0.2830174599999997 -0.42993940000000036 0.36984611000000034 0.7232364699999999 0.5189329399999997
23.63499080710043 0.23001694999999997 -2.248044880000002 0.2925578599999997 -0.42995084000000033 0.36740987000000036 0.72067615 0.5164443399999997
23.646419003417805 0.23254378999999997 -2.246963800000002 0.29482477999999973 -0.43014836000000034 0.36786731000000034 0.72101659 0.5168523999999998
23.86703124673151 0.23199006999999996 -2.2474976800000017 0.29394909999999974 -0.4300956600000003 0.36813657000000033 0.7212870899999999 0.5171221799999998
23.867031317068292 0.23257482999999995 -2.247009400000002 0.2953049599999997 -0.4301864800000003 0.3674562700000003 0.7206401899999999 0.5164559799999998
23.867031701675998 0.23373466999999995 -2.246032800000002 0.2979778399999997 -0.4303414000000003 0.3660981500000003 0.7193545499999999 0.5151284199999998
23.867031772012776 0.23262218999999995 -2.247100600000002 0.2962317199999997 -0.43023768000000034 0.3666280700000003 0.7198941899999999 0.5156624599999998
24.04344947316761 0.23377484999999995 -2.2425305200000016 0.2995963999999997 -0.42988602000000037 0.3640643900000003 0.7169653199999999 0.5129447299999998
24.08803295641487 0.23372960999999995 -2.2428176800000017 0.2992529799999997 -0.42989690000000036 0.3643734500000003 0.7173701399999999 0.5132941899999999
24.08803344375016 0.23362832999999994 -2.243391920000002 0.2985218199999997 -0.4298893800000004 0.36499585000000034 0.7181973399999999 0.5140029899999998
24.117771725088296 0.23383330999999993 -2.243438980000002 0.29848295999999974 -0.42989500000000036 0.3652453100000003 0.7184879 0.5142697899999998
24.117772289064746 0.23422222999999992 -2.243533100000002 0.29844543999999973 -0.42994040000000033 0.3657171500000003 0.7191142199999999 0.5148067899999998
24.141540763478098 0.23370856999999992 -2.244057540000002 0.29752321999999976 -0.4298554400000003 0.3660407300000003 0.71946428 0.5151415499999998
24.141540964574673 0.23274500999999992 -2.245106380000002 0.2957869399999998 -0.4297971200000003 0.3667551300000003 0.72016952 0.5158521099999999
24.159227545277997 0.23392970999999993 -2.244345340000002 0.2965294999999998 -0.42970016000000033 0.3671003100000003 0.72056204 0.5162172699999998
24.204732440190504 0.23302152999999992 -2.245381560000002 0.2948898599999998 -0.42966744000000034 0.36779907000000034 0.72124002 0.5169072699999998
24.204732802281026 0.23120244999999992 -2.247453920000002 0.2916128599999998 -0.42960148000000037 0.36919103000000036 0.72260278 0.5182869099999998
24.248639681221555 0.2327420699999999 -2.2451862000000022 0.2938150799999998 -0.4295199200000004 0.3684468500000004 0.72183892 0.5175344299999998
24.248639910246645 0.23577806999999992 -2.2406508000000023 0.29815903999999976 -0.4292982000000004 0.3669171700000004 0.7203140400000001 0.5160067899999997
24.249985473636517 0.2375912699999999 -2.2391746200000022 0.29910211999999975 -0.4293438000000004 0.3678328900000004 0.7210990800000001 0.5168673699999997
24.327656408039907 0.23870162999999991 -2.237187260000002 0.30069693999999975 -0.4292688800000004 0.3672734900000004 0.7205348000000001 0.5163059099999997
24.32765678636529 0.2409101899999999 -2.2332125800000022 0.3038630999999997 -0.4290979200000004 0.3661449700000004 0.7194059600000001 0.5151772299999997
24.328919046771667 0.2399002299999999 -2.2335482400000024 0.3030802799999997 -0.4289873200000004 0.3658072300000004 0.7190946200000001 0.5148506299999998
24.32891936007164 0.2379040299999999 -2.2342196800000025 0.3015458799999997 -0.4288009200000004 0.3651589900000004 0.7184707800000001 0.5142126699999997
24.35428299868787 0.2367002299999999 -2.2353238000000024 0.3001003199999997 -0.4287519000000004 0.36535173000000043 0.7187034800000001 0.5144222699999997
24.35428329481147 0.2343407099999999 -2.2375320400000023 0.29725507999999967 -0.4287021400000004 0.36578769000000044 0.7191624000000001 0.5148679099999998
24.356704734748426 0.2342506899999999 -2.2380798200000025 0.29718783999999965 -0.4287673000000004 0.36583007000000045 0.7192319400000001 0.5149217499999997
24.356704774757723 0.2351677299999999 -2.2376749400000024 0.29758647999999965 -0.4287934200000004 0.36637459000000044 0.7197899800000002 0.5154719899999998
24.356704860013018 0.2355923899999999 -2.2374725200000025 0.29774091999999963 -0.4287615800000004 0.3666129700000004 0.7200680600000001 0.5157271299999998
24.35670490002232 0.2355098699999999 -2.2385680800000025 0.29772583999999963 -0.4290174200000004 0.3668013700000004 0.7201985400000002 0.5158910899999998
24.381119523189007 0.2386022099999999 -2.2346487600000025 0.30273741999999965 -0.42906266000000043 0.3649273900000004 0.7182400000000002 0.5139814299999997
24.381120011451543 0.2447835299999999 -2.2268099600000024 0.31274189999999963 -0.4291430600000004 0.3611846300000004 0.7143238000000002 0.5101655099999998
24.40031945551442 0.2459164699999999 -2.2251242600000025 0.3138519199999996 -0.4290663200000004 0.3611308300000004 0.7142335600000002 0.5100963299999998
24.400319575621282 0.2460409499999999 -2.2248377200000027 0.3144261799999996 -0.42909568000000037 0.3607103900000004 0.7138110600000002 0.5096750299999998
24.400319910458904 0.2462868699999999 -2.2242647600000027 0.3155194599999996 -0.42911688000000037 0.35988423000000036 0.7129561000000002 0.5088367099999999
24.40032003056577 0.2485838699999999 -2.2208932400000028 0.3176792999999996 -0.42891548000000035 0.35982003000000035 0.7127035000000002 0.5086930299999999
24.434562431336495 0.2479339099999999 -2.221317340000003 0.3177218999999996 -0.42890048000000036 0.35911247000000035 0.7119912400000001 0.5079834899999999
24.434562677537958 0.2466477499999999 -2.222165620000003 0.3177905799999996 -0.42884344000000035 0.35770063000000035 0.7105093200000001 0.5065420899999998
24.447827689268614 0.24870282999999987 -2.2200306400000027 0.3203929999999996 -0.4288328400000003 0.3571426900000004 0.7099868000000001 0.5059990899999999
24.447828276215013 0.25283710999999987 -2.2157606000000025 0.32554839999999957 -0.42880308000000034 0.3560918100000004 0.7089504000000001 0.5049543299999999
24.451891730312777 0.24907582999999986 -2.2187817200000026 0.32143851999999956 -0.42891990000000035 0.3565572300000004 0.70938078 0.5054049899999999
24.50056179017313 0.24832692999999986 -2.2186989600000024 0.32074755999999954 -0.42877324000000033 0.3563526300000004 0.7091961600000001 0.5052088299999999
24.500562176632254 0.24686220999999986 -2.2185334400000025 0.31947151999999956 -0.4285643600000003 0.3559550700000004 0.70883448 0.50482639
24.51792992279497 0.24586860999999985 -2.2188274800000025 0.3185422399999996 -0.4285219400000003 0.35584835000000037 0.7086850800000001 0.50470167
24.517930101608957 0.24383424999999984 -2.2194155600000025 0.3166039999999996 -0.4283578600000003 0.3555881500000004 0.7083855600000001 0.50442487
24.530300457970387 0.24331138999999985 -2.2196790600000025 0.3173367999999996 -0.4283764200000003 0.3543510500000004 0.7071504200000001 0.50318859
24.530301122823005 0.24230258999999985 -2.2202059800000025 0.3188839599999996 -0.4284785000000003 0.3518972100000004 0.7046673800000001 0.50072243
24.53971070236686 0.24295088999999984 -2.2193266600000023 0.3190881399999996 -0.42838354000000034 0.3522463900000004 0.7050288200000001 0.50107679
24.53971115857059 0.24424860999999984 -2.2175680600000023 0.31948997999999956 -0.42819674000000035 0.3529554700000004 0.7057529000000001 0.5017921900000001
24.557092700695044 0.24405088999999983 -2.218062040000002 0.31892079999999956 -0.42818360000000033 0.35331377000000036 0.7061784400000001 0.5021788500000001
24.557093224888757 0.2436417699999998 -2.219050000000002 0.3177489599999996 -0.42813304000000035 0.35402589000000034 0.70703168 0.50295049
24.581131071433212 0.24417988999999982 -2.217853540000002 0.3195285599999996 -0.4281667400000004 0.35281813000000034 0.7058083 0.5017361300000001
24.581131177480163 0.2452764099999998 -2.215460580000002 0.32310315999999956 -0.4282520200000004 0.35042529000000033 0.70335314 0.49931701000000006
24.595565491653065 0.2451629499999998 -2.215546520000002 0.32303911999999957 -0.4282893600000004 0.3504132100000003 0.7032766800000001 0.49927777000000007
24.595565499490753 0.2434207099999998 -2.217391120000002 0.32131587999999955 -0.4283264400000004 0.3504312900000003 0.7033234800000001 0.49930797000000005
24.59556556636744 0.24254590999999978 -2.218313420000002 0.32043885999999955 -0.4283338200000004 0.3504408900000003 0.7033499200000001 0.49932469000000007
24.595565574205132 0.24214710999999978 -2.218485220000002 0.32018137999999957 -0.4282122200000004 0.35017801000000026 0.70319684 0.4991081300000001
24.641556648785283 0.2404662699999998 -2.219812000000002 0.3191520199999996 -0.42816788000000044 0.34948219000000025 0.7026793400000001 0.4984875500000001
24.64788478181689 0.2415883299999998 -2.2183917400000017 0.3202048399999996 -0.42815702000000044 0.3495405700000003 0.7027625000000001 0.49855637000000014
24.648975651040605 0.2417483099999998 -2.218336540000002 0.3202915199999996 -0.4281696000000004 0.34962645000000026 0.7029685200000001 0.49869293000000015
24.648976169997024 0.2420496299999998 -2.218226260000002 0.3203442799999996 -0.4281112800000004 0.34981673000000024 0.7033834400000001 0.49897797000000016
24.727636206811518 0.2437206699999998 -2.216551660000002 0.3224649599999996 -0.4281271400000004 0.34938295000000025 0.70291378 0.49852905000000014
24.727636880014124 0.2470609099999998 -2.213202460000002 0.3266848399999996 -0.4281441000000004 0.34852027000000024 0.70197038 0.4976323300000001
24.73327375360094 0.2471638099999998 -2.213820160000002 0.3281559199999996 -0.4284034200000004 0.34741135000000023 0.70087892 0.4965307900000001
24.737513547555263 0.24759158999999978 -2.2135870200000016 0.3285124199999996 -0.4284293000000004 0.3475085100000002 0.70102932 0.4966504100000001
24.737513608724967 0.24800362999999978 -2.2132777800000016 0.3288782399999996 -0.4284107600000004 0.3475361700000002 0.7010719999999999 0.4966844100000001
24.73751365144633 0.2488502699999998 -2.2126592600000015 0.3296549999999996 -0.42841260000000037 0.3476078900000002 0.70115732 0.49676185000000006
24.737513712616032 0.2496541499999998 -2.2121929400000013 0.3303023199999996 -0.42839472000000034 0.3477465700000002 0.70146236 0.49697069000000005
24.769987161393807 0.2511860899999998 -2.210622220000001 0.33188779999999957 -0.42838656000000036 0.3476848900000002 0.70134484 0.49688545000000006
24.76998724276433 0.2513512299999998 -2.2105338600000013 0.33204547999999956 -0.42837900000000034 0.3476847700000002 0.70132776 0.49687817000000006
24.769987717988194 0.2517503899999998 -2.2103571000000013 0.33246863999999954 -0.4284779600000003 0.3477596900000002 0.7012942 0.49690733000000004
24.76998779935871 0.2548209499999998 -2.2072155400000013 0.3356484799999995 -0.4284684800000003 0.3476409300000002 0.70105884 0.49673937
24.819519306165972 0.2565468699999998 -2.205188200000001 0.33756199999999953 -0.4284422400000003 0.34742709000000016 0.70078728 0.49650119000000004
24.8195196761135 0.25994230999999984 -2.2011335200000013 0.34132119999999955 -0.4283166000000003 0.3469376900000002 0.70024424 0.49598919
24.851533908540212 0.26015862999999984 -2.201190460000001 0.34129643999999953 -0.4283331800000003 0.3471953300000002 0.7004036 0.49620537000000003
24.851534231365836 0.26037510999999985 -2.2013044200000014 0.34113367999999955 -0.4282042200000003 0.3474456100000002 0.70082096 0.49652613
24.879046561223944 0.2583493299999999 -2.2031063000000013 0.33922395999999955 -0.4282547800000003 0.3473801100000002 0.7007791400000001 0.49647061000000003
24.879046900228126 0.2542633699999999 -2.206710060000001 0.3352303199999995 -0.4282341800000003 0.34726719000000017 0.7006732600000001 0.49636065
24.908785181566262 0.25181896999999986 -2.209053780000001 0.3329836599999995 -0.42822558000000027 0.34706085000000014 0.7005865000000001 0.49620475
24.90878589387382 0.24691708999999987 -2.213741380000001 0.3284674599999995 -0.4281846200000003 0.34663421000000016 0.7003994600000001 0.49587919
24.91472570698167 0.24696262999999988 -2.213806160000001 0.3283757999999995 -0.4281898600000003 0.3467766500000002 0.7005579800000001 0.49602841000000003
24.914725947343143 0.24711078999999989 -2.213935720000001 0.3282208799999995 -0.42822546000000034 0.34711533000000017 0.7008252200000001 0.49633693
24.917693526769497 0.2488375699999999 -2.211895960000001 0.33026733999999947 -0.42815944000000034 0.3467296300000002 0.7003982200000002 0.49593381000000003
24.917693630660565 0.2465102099999999 -2.214307880000001 0.32755577999999946 -0.42815720000000035 0.3471115900000002 0.7009066200000001 0.49636913000000005
24.917693647330633 0.2453758499999999 -2.2155138200000013 0.32622127999999945 -0.42817800000000034 0.3473325100000002 0.7011405400000001 0.49659553000000006
24.9176937512217 0.2488130499999999 -2.2114341400000015 0.33026179999999944 -0.4280123600000003 0.3465635500000002 0.7002892600000001 0.49579181000000005
24.920993300201012 0.2486615299999999 -2.2110404200000016 0.3310407799999994 -0.4280735200000003 0.3456942100000002 0.6993966600000001 0.49491265000000007
24.920993367474516 0.24751992999999992 -2.2113373200000015 0.3300026999999994 -0.42801230000000035 0.3455294700000002 0.6992012000000001 0.49473495000000006
24.92099386661057 0.24515884999999993 -2.2119312400000015 0.32783761999999944 -0.42778690000000036 0.3451080700000002 0.6987999200000001 0.4943220300000001
24.920993933884073 0.24486280999999993 -2.2111437200000017 0.32937337999999944 -0.4278991800000004 0.3433885100000002 0.6970272400000002 0.4925800700000001
24.982248771732664 0.24546274999999992 -2.2088910200000016 0.3316893799999994 -0.42792630000000037 0.3416995100000002 0.6952703200000001 0.4908623900000001
25.064007925045267 0.24524406999999993 -2.209339500000002 0.3311438399999994 -0.4279391400000004 0.3420392100000002 0.6956730000000001 0.4912286500000001
25.06400839497601 0.24478118999999993 -2.210236420000002 0.33000499999999944 -0.4279202600000004 0.3426962900000002 0.6964773200000001 0.4919478500000001
25.14373775434241 0.24392314999999992 -2.2103728800000018 0.32917025999999944 -0.42786746000000037 0.34262019000000016 0.6963808400000001 0.4918631500000001
25.14373833721802 0.24210850999999992 -2.210645840000002 0.32746361999999946 -0.4276907800000004 0.3423355100000002 0.6962124800000001 0.4916275500000001
25.15453197488462 0.24231500999999991 -2.210426120000002 0.32777727999999945 -0.4277055200000004 0.3422430900000002 0.6961049200000001 0.49152875000000007
25.15453204217451 0.24182674999999992 -2.210931120000002 0.32707617999999944 -0.4277014000000004 0.3424518100000002 0.6963344800000001 0.49174625000000005
25.15453278449518 0.24084830999999993 -2.211941080000002 0.32568573999999945 -0.4276980800000004 0.34286053000000016 0.6967947600000001 0.49217669000000003
25.154532851785067 0.24128842999999991 -2.2115016800000022 0.32636125999999943 -0.4277777200000004 0.34270477000000016 0.6965884400000001 0.49199961000000003
25.173393465722675 0.2416265099999999 -2.211233460000002 0.3266884399999994 -0.42774234000000044 0.34268029000000017 0.6966342000000001 0.49200477000000004
25.17339392058077 0.24229670999999992 -2.210696980000002 0.3273637999999994 -0.42768494000000046 0.3426177300000002 0.6967292400000001 0.49200869
25.253123407964686 0.24135336999999993 -2.211708740000002 0.3271038599999994 -0.42779948000000045 0.3420488500000002 0.6962289000000002 0.49146873
25.25312374987792 0.23945508999999993 -2.213732300000002 0.3265304999999994 -0.42798900000000045 0.3409134900000002 0.6952178200000001 0.49038581000000003
25.299379471106835 0.23981046999999991 -2.212911860000002 0.3274060199999994 -0.42797694000000047 0.3403813500000002 0.69466846 0.48984641
25.306921071762652 0.2373232299999999 -2.215774880000002 0.3245324399999994 -0.4280253000000005 0.34081611000000017 0.6951587800000001 0.49030463
25.365207715083194 0.2375959099999999 -2.215534420000002 0.3248263999999994 -0.4280303200000005 0.3407998500000002 0.6951822000000001 0.49030511000000004
25.36520778484119 0.2379138899999999 -2.2152289400000016 0.3250649599999994 -0.42792450000000054 0.34077343000000015 0.6952173800000001 0.49030467000000005
25.36520827167758 0.2386623699999999 -2.2146180600000016 0.3258011599999994 -0.42789926000000056 0.34076043000000017 0.6952896600000001 0.49032767000000005
25.365208341435576 0.2391740899999999 -2.2141372600000016 0.3263581199999994 -0.4278699000000006 0.3406858300000002 0.6953329800000001 0.49030283
25.413759217147298 0.2388740099999999 -2.2146534400000015 0.32573783999999945 -0.4278352800000006 0.3409714300000002 0.6956630000000001 0.49060717000000004
25.413759233780123 0.23877144999999989 -2.2149008200000013 0.32515201999999943 -0.4278036000000006 0.3414230100000002 0.6960682600000001 0.49103921000000006
25.413760138601386 0.23859964999999989 -2.215395620000001 0.3240321399999994 -0.4277938000000006 0.3423612900000002 0.6968807000000001 0.49192441000000003
25.413760155234208 0.23801524999999987 -2.2164281000000012 0.3228053799999994 -0.4277426800000006 0.3429525300000002 0.6975484200000002 0.49254793
25.42874399980819 0.23803664999999988 -2.2166567800000014 0.32261751999999944 -0.4278442400000006 0.3432633300000002 0.6977855400000001 0.49282765
25.428744508359912 0.23808324999999989 -2.2171142200000014 0.32224159999999946 -0.42804720000000057 0.3438888100000002 0.6982542600000001 0.49338701
25.45848278969805 0.2383221099999999 -2.217008220000001 0.32238053999999944 -0.4280643400000006 0.3440058700000002 0.6983853800000002 0.49350999
25.45848333245807 0.2389026299999999 -2.2167963000000013 0.32301089999999943 -0.4283359800000006 0.3442277100000002 0.6986488600000001 0.49374939
25.460661499073844 0.2394083699999999 -2.2164043200000014 0.3235441399999994 -0.42835428000000064 0.3442185300000002 0.6986529800000002 0.49374581
25.460661539083148 0.2400676099999999 -2.2158454800000014 0.3241761799999994 -0.42826080000000066 0.3441522900000002 0.6986515800000002 0.49370693
25.460661563972828 0.2403949699999999 -2.2155660400000015 0.3244892199999994 -0.42821212000000064 0.3441179300000002 0.6986634800000001 0.49369209
25.460661603982125 0.2413730499999999 -2.2147820800000013 0.3255126199999994 -0.42820400000000064 0.3440644500000002 0.6986726000000001 0.49366505
25.469006314894656 0.2423808299999999 -2.2138022800000012 0.3264900599999994 -0.4282136200000006 0.3441044100000002 0.6986939600000001 0.49369717
25.469006384139455 0.2422870899999999 -2.214102200000001 0.32606775999999943 -0.42825514000000064 0.3444744700000002 0.6990721400000001 0.49407065
25.469006745130507 0.2421074899999999 -2.214702000000001 0.32515231999999944 -0.42827222000000065 0.3452273900000002 0.6997658600000001 0.49479861
25.46900681437531 0.2441075299999999 -2.212742360000001 0.3271336799999994 -0.4283118200000006 0.3452856300000002 0.6998311800000001 0.49485985000000005
25.478233428562902 0.2429867899999999 -2.213330060000001 0.32578025999999943 -0.42832244000000064 0.3455289300000002 0.7000890000000001 0.49510927000000005
25.49554429246058 0.2438815699999999 -2.211740800000001 0.3273485399999994 -0.42824366000000064 0.3447766500000002 0.6993354 0.49435643000000007
25.495544594496966 0.2457190499999999 -2.2085624000000013 0.3305437399999994 -0.4281513000000006 0.3433265300000002 0.69783448 0.49288491000000006
25.515973794691526 0.2425073499999999 -2.2113825000000014 0.32676147999999944 -0.4281154800000006 0.3438612900000002 0.6984513800000001 0.49345433000000005
25.51597412570277 0.2360596699999999 -2.2170225000000015 0.31912051999999946 -0.4279871600000006 0.3449262500000002 0.69967802 0.4945874900000001
25.5237340374649 0.23496640999999988 -2.2174804000000012 0.31810851999999945 -0.4279534200000006 0.3448112300000002 0.69960508 0.4944902300000001
25.523734078119492 0.23532462999999987 -2.2168307600000015 0.31993103999999944 -0.4280490400000006 0.3434425300000002 0.69826768 0.4931347300000001
25.52373460387446 0.23596798999999988 -2.2155315200000016 0.32352303999999943 -0.4281806400000006 0.3406255300000002 0.6956111599999999 0.4903854100000001
25.52373464452905 0.23379002999999987 -2.2164473600000014 0.32144719999999943 -0.4281030400000006 0.3404458100000002 0.6954934399999999 0.4902318500000001
25.566005815381786 0.23668148999999988 -2.2126047800000013 0.3263279599999994 -0.4281106000000006 0.3384640700000002 0.69342648 0.48821415000000007
25.566006236056648 0.24248008999999987 -2.2049195000000013 0.33615003999999943 -0.42816932000000063 0.33449931000000016 0.68929884 0.4841806700000001
25.623579554144037 0.23929930999999988 -2.208532400000001 0.33233907999999945 -0.42823280000000064 0.33519297000000015 0.6901356 0.4849346900000001
25.62535919644943 0.2369842099999999 -2.211083720000001 0.32992125999999944 -0.42829752000000065 0.33536041000000016 0.69039422 0.4851405900000001
25.625359790227034 0.2323628499999999 -2.216186520000001 0.32507633999999946 -0.42842620000000065 0.33571265000000017 0.69090334 0.4855590300000001
25.65982546798814 0.2329774299999999 -2.216156100000001 0.3253937399999995 -0.42859120000000067 0.3361747700000002 0.69124846 0.4859718300000001
25.701837762547463 0.2332279299999999 -2.216157900000001 0.32541665999999947 -0.42856390000000066 0.3363750500000002 0.69145024 0.4861727700000001
25.71742893197588 0.23263698999999988 -2.2166849400000013 0.32574077999999945 -0.42877210000000066 0.33566825000000017 0.69078826 0.48548487000000007
25.7224946624995 0.23275138999999986 -2.2166707400000014 0.3257389399999995 -0.42878856000000065 0.33580095000000015 0.69090536 0.4856109900000001
25.72249527214192 0.23299618999999985 -2.2166423400000013 0.32569445999999946 -0.42880008000000064 0.33610175000000014 0.6911184 0.4858747500000001
25.724709473149595 0.23363852999999984 -2.215996920000001 0.3262858599999995 -0.42882958000000065 0.33618219000000016 0.69114606 0.48593291000000005
25.724709543032105 0.23365856999999984 -2.216218860000001 0.3263718199999995 -0.42891130000000066 0.33619799000000017 0.69116904 0.48595173
25.72471002974398 0.23369716999999984 -2.216662700000001 0.32648629999999945 -0.4290495400000007 0.33626035000000015 0.69121796 0.48600841
25.724710099626485 0.23496576999999985 -2.215371940000001 0.32763361999999946 -0.4290829400000007 0.33641503000000017 0.69128604 0.48612653
25.725685530757143 0.23547708999999986 -2.2151435800000012 0.32788123999999946 -0.4292112800000007 0.33680707000000015 0.69164568 0.48650489
25.744588566042374 0.23650694999999985 -2.2136134600000013 0.32916523999999947 -0.4290851200000007 0.33642677000000015 0.6912266 0.48610823000000003
25.74458902882055 0.23864598999999986 -2.2105531400000014 0.33188811999999945 -0.4289579200000007 0.33571573000000016 0.69038908 0.48534383000000003
25.74769340160603 0.23714374999999988 -2.212304980000001 0.32994431999999946 -0.4289882000000007 0.33618757000000016 0.69090578 0.48583461000000006
25.747693640851335 0.23414966999999987 -2.2158087400000013 0.32606139999999945 -0.4290522400000007 0.33714045000000015 0.69192982 0.48681753000000005
25.752233553480053 0.23392440999999986 -2.2161491000000013 0.3256026799999994 -0.4290277000000007 0.33734939000000014 0.69218292 0.48704511000000006
25.752233995149375 0.23344052999999987 -2.216829860000001 0.32459875999999943 -0.42890730000000066 0.3377490300000001 0.6927006800000001 0.48749459000000006
25.769890701049256 0.23386044999999986 -2.2163339000000013 0.32509691999999946 -0.42887332000000067 0.3376368100000001 0.6925486200000001 0.4873655700000001
25.76989084130772 0.23472836999999985 -2.215341980000001 0.32615915999999945 -0.4288620000000007 0.33743113000000013 0.6922409 0.4871168500000001
25.784062540331146 0.23493730999999984 -2.2147664400000013 0.32666273999999945 -0.42888504000000066 0.33715951000000016 0.69193294 0.4868299100000001
25.78406254816884 0.23299982999999985 -2.2162240800000013 0.3249954199999995 -0.42884824000000066 0.3368525900000002 0.6916793 0.4865454700000001
25.784062604264232 0.23201416999999985 -2.2169528600000015 0.3241348399999995 -0.42880598000000064 0.33668525000000016 0.69155652 0.4863969300000001
25.784062612101923 0.23247072999999985 -2.2158017400000016 0.32518455999999946 -0.42890006000000064 0.3361861700000002 0.69093824 0.4858475700000001
25.802680372667663 0.23360604999999984 -2.2149646200000017 0.32630103999999943 -0.42886142000000066 0.33616637000000016 0.69088898 0.4858153500000001
25.807780504436387 0.23434156999999983 -2.2141176400000018 0.32748493999999945 -0.42886394000000067 0.33572049000000015 0.6904214599999999 0.4853603500000001
25.8077806048453 0.23581296999999984 -2.212423760000002 0.32990869999999944 -0.4289112600000007 0.33481549000000016 0.6894940199999999 0.4844458700000001
25.843821773841206 0.23593320999999984 -2.211693260000002 0.33005257999999943 -0.4286481000000007 0.3345286900000002 0.6892884599999999 0.4841933300000001
25.886397706320533 0.23554416999999983 -2.212231060000002 0.32936427999999945 -0.4286350000000007 0.33481485000000016 0.6896119999999999 0.4844952700000001
25.886397846688244 0.23506446999999983 -2.212832060000002 0.32843613999999943 -0.4286345000000007 0.33526279000000014 0.6900870999999998 0.4849546700000001
25.88639827273009 0.23410150999999982 -2.214034060000002 0.32652365999999944 -0.4286043000000007 0.33618207000000017 0.6910410199999999 0.4858885500000001
25.8863984130978 0.2331713499999998 -2.215109780000002 0.3250119799999994 -0.4284003400000007 0.33655967000000014 0.6916902599999999 0.4863807500000001
25.921863668610065 0.2316174099999998 -2.216581040000002 0.3232720399999994 -0.4283591800000007 0.3367045100000001 0.6920151599999999 0.4866015500000001
25.957951930811454 0.2319347099999998 -2.216390380000002 0.32352745999999943 -0.4283625000000007 0.3367697100000001 0.6920360399999999 0.4866480500000001
25.957952564718088 0.23258126999999978 -2.216009100000002 0.32408237999999945 -0.4284085800000007 0.3369074300000001 0.6920792799999999 0.4867459300000001
25.95807918717585 0.2321776499999998 -2.216608740000002 0.32359247999999946 -0.4284670800000007 0.33705221000000013 0.6921936999999998 0.4868779300000001
26.028082988765618 0.2320075299999998 -2.216750080000002 0.32332597999999946 -0.42843954000000073 0.33712103000000015 0.6923144399999998 0.4869686500000001
26.02808309774866 0.2316311099999998 -2.217165300000002 0.32278149999999944 -0.42846390000000073 0.3373134500000002 0.6924897399999997 0.4871538500000001
26.028083622672252 0.2308290299999998 -2.217995740000002 0.32165809999999945 -0.42847482000000076 0.3376456500000002 0.6928663399999997 0.4875047700000001
26.02808373165529 0.2306004299999998 -2.218278580000002 0.32125089999999945 -0.42855354000000073 0.3379029700000002 0.6930920999999997 0.4877487700000001
26.043864449327323 0.2307476099999998 -2.218633060000002 0.32146785999999944 -0.4290535800000007 0.3383332300000002 0.6936946199999997 0.4882516900000001
26.06626540911322 0.2315013299999998 -2.217640220000002 0.3226057399999994 -0.4291223200000007 0.3380178300000002 0.6932025199999997 0.4878617300000001
26.066265821312363 0.23292864999999982 -2.215654660000002 0.3247974999999994 -0.4291569600000007 0.3372880300000002 0.6922248799999997 0.4870273700000001
26.073809903682125 0.23453436999999983 -2.213997220000002 0.3264514599999994 -0.4291537200000007 0.3372365500000002 0.6921508999999997 0.4869664100000001
26.085046141014324 0.23481132999999982 -2.2138534600000024 0.3266915399999994 -0.4292069600000007 0.3373266900000002 0.6922018799999997 0.4870400300000001
26.08504663836794 0.23537980999999983 -2.2135660200000022 0.3271830599999994 -0.42933356000000067 0.33753029000000023 0.6923123199999998 0.48720431000000014
26.090574042136076 0.23554600999999983 -2.213461100000002 0.3273020399999994 -0.4293258400000007 0.33756979000000026 0.6923416599999997 0.48723953000000014
26.09057413207085 0.23585500999999984 -2.213252720000002 0.3275516999999994 -0.4293401600000007 0.33764345000000023 0.6923952599999997 0.48730473000000013
26.090574472371934 0.23648448999999983 -2.2128359600000023 0.32810869999999936 -0.4294079600000007 0.3377837300000002 0.6925020199999997 0.48743085000000014
26.090574562306703 0.23681308999999984 -2.2126262400000023 0.32833673999999935 -0.4293894000000007 0.33786573000000025 0.6925749799999997 0.4875090500000001
26.09099667468484 0.23783248999999984 -2.2111849500000025 0.3304337099999993 -0.4294324200000007 0.33683118000000023 0.6914735599999997 0.4864463000000001
26.09968790200341 0.23807798999999985 -2.2110443300000027 0.3306154699999993 -0.4294251400000007 0.3368876400000002 0.6914819199999998 0.4864824600000001
26.099687964432796 0.23831206999999985 -2.2109014300000025 0.3307357299999993 -0.4293820200000007 0.3369583200000002 0.6915326399999997 0.4865447200000001
26.099688356947894 0.23876402999999985 -2.2106156700000024 0.3310033699999993 -0.4293050200000007 0.3370656400000002 0.6916406799999997 0.4866523200000001
26.099688419377284 0.23924394999999984 -2.2103343500000023 0.3313640099999993 -0.4292801400000007 0.3371600400000002 0.6916533999999996 0.4867122800000001
26.117075145935136 0.23934532999999986 -2.2103167900000025 0.3313701299999993 -0.4292778400000007 0.33725302000000024 0.6917817999999997 0.4868202000000001
26.11707575947643 0.23951180999999985 -2.2102816300000026 0.33125988999999934 -0.4291862000000007 0.3374381400000002 0.6920340799999997 0.4870336400000001
26.121866387107296 0.23946152999999984 -2.2097967700000027 0.33143058999999936 -0.42909638000000067 0.3371273400000002 0.6917803999999996 0.4867469600000001
26.1267131703874 0.23948168999999983 -2.2098707900000027 0.33142996999999935 -0.42915400000000065 0.3372057400000002 0.6918730599999996 0.4868313800000001
26.126713680454245 0.23946204999999984 -2.2100188300000028 0.33124632999999937 -0.42912436000000065 0.3373401000000002 0.6920403799999996 0.4869796600000001
26.136795021767185 0.24050322999999985 -2.2092295300000027 0.3322288899999994 -0.42916666000000064 0.3374410200000002 0.6920622799999996 0.4870472200000001
26.13998649907542 0.23996956999999985 -2.209596910000003 0.3317631899999994 -0.4291980200000006 0.3374044000000002 0.6920158399999996 0.48700646000000014
26.139986660243125 0.23890336999999987 -2.2103316700000026 0.33083462999999935 -0.42926422000000064 0.33733296000000024 0.6919249999999996 0.48692682000000015
26.14681404081456 0.23887372999999987 -2.2105000500000025 0.33066196999999936 -0.42929370000000067 0.33750546000000026 0.6920428599999996 0.48707628000000014
26.146814478585014 0.23881132999999988 -2.2108366900000025 0.3302822499999994 -0.4293304600000007 0.33785954000000024 0.6922771399999996 0.48737980000000014
26.15645196179238 0.23930288999999988 -2.2102811100000026 0.3309723099999994 -0.4292865400000007 0.3376171200000002 0.6921005799999996 0.48716516000000015
26.15645250303728 0.2402809299999999 -2.2091699900000026 0.3323505099999994 -0.4291968200000007 0.3371272400000002 0.6917528199999996 0.4867352400000002
26.15814824746421 0.2409627899999999 -2.2084008300000026 0.33359764999999936 -0.4291943600000007 0.3365595200000002 0.6911874599999996 0.48616852000000016
26.158148878415197 0.2423440699999999 -2.2068624700000026 0.33613260999999933 -0.42922144000000073 0.33543292000000025 0.6900530599999997 0.48503864000000013
26.171540919197376 0.2419421099999999 -2.2074466900000025 0.33560600999999934 -0.4292601600000007 0.33559628000000025 0.6902127799999996 0.4852004600000001
26.17154128889143 0.2410563499999999 -2.2086151300000023 0.33443756999999935 -0.42923828000000075 0.3358570400000003 0.6905703399999996 0.4855020600000001
26.17709883966573 0.2403175899999999 -2.209676730000002 0.33347556999999933 -0.42928032000000077 0.33612232000000025 0.6908425399999996 0.4857702600000001
26.177098843520334 0.24003088999999989 -2.2099784900000023 0.33312500999999933 -0.4292965200000008 0.33620236000000026 0.6909404999999995 0.48585786000000014
26.177098926831682 0.23948560999999988 -2.2105820500000024 0.33245284999999936 -0.4293632800000008 0.33639604000000023 0.6911266199999995 0.48604834000000013
26.17709893068629 0.2391180499999999 -2.2111128100000026 0.33197540999999936 -0.4293880400000008 0.33653068000000025 0.6912654399999995 0.4861847400000001
26.180868624658714 0.23960314999999988 -2.2106231500000026 0.33314022999999937 -0.4294158400000008 0.3358787600000003 0.6906181999999994 0.4855348000000001
26.180868691336507 0.23953964999999988 -2.210555610000003 0.3331055899999994 -0.4294156600000008 0.3358497200000003 0.6905724599999994 0.4854987200000001
26.180868885121157 0.23941276999999989 -2.2104206100000026 0.33303486999999937 -0.4294117000000008 0.3357896000000003 0.6904795399999993 0.4854247600000001
26.18086895179895 0.24042532999999988 -2.2094412100000027 0.3354378299999994 -0.4295320200000008 0.3345195200000003 0.6891750599999993 0.4841401600000001
26.194431709114603 0.2403397899999999 -2.209600410000003 0.3351891099999994 -0.42950570000000077 0.3346563800000003 0.6893298799999993 0.4842846000000001
26.194432136549835 0.24016382999999988 -2.209918850000003 0.3347183499999994 -0.42946934000000075 0.33491482000000034 0.6896549199999993 0.4845711600000001
26.1953886643334 0.24065830999999988 -2.209558030000003 0.33524960999999937 -0.42956354000000074 0.3349722200000003 0.6897006999999993 0.4846236600000001
26.195389042476428 0.24156166999999987 -2.208836350000003 0.33614076999999937 -0.42959730000000074 0.3350181400000003 0.6897877399999993 0.4846869400000001
26.1964036491417 0.24203482999999987 -2.208348070000003 0.33668940999999936 -0.42946092000000075 0.3348062800000003 0.6898654399999993 0.4845972400000001
26.198720090657602 0.24137218999999988 -2.209569010000003 0.33599622999999934 -0.4295622000000007 0.3349381000000003 0.6899718199999992 0.4847183200000001
26.203178135858955 0.24187246999999987 -2.2088177500000032 0.33629554999999933 -0.42952886000000073 0.3351057200000003 0.6900914799999992 0.48486570000000007
26.20317853787835 0.24278746999999987 -2.2073151100000032 0.33680006999999934 -0.42935618000000075 0.33534356000000026 0.6903385999999992 0.48510746000000005
26.23574761875679 0.24374344999999986 -2.206663630000003 0.33781916999999934 -0.42951320000000076 0.33543746000000024 0.6903191599999993 0.4851536
26.238180423678187 0.24283966999999987 -2.2074380900000032 0.33649724999999936 -0.42945978000000073 0.3358021800000002 0.6906976199999992 0.48552412
26.23818049020389 0.24283890999999988 -2.207249230000003 0.3366413899999994 -0.42945494000000073 0.3356524400000002 0.6905121199999993 0.4853593
26.238180527569256 0.24281082999999987 -2.206871470000003 0.33693078999999937 -0.42944070000000073 0.33532072000000024 0.6901675599999992 0.48502217999999997
26.238180594094956 0.24096826999999987 -2.2084204700000027 0.33426078999999936 -0.4293154600000007 0.33602296000000026 0.6909595599999993 0.4857623
26.29445300942401 0.23889580999999988 -2.2105796900000025 0.33212820999999937 -0.4293760600000007 0.3361436800000003 0.6911321799999992 0.48590491999999996
26.32200757764974 0.23842990999999988 -2.2111623500000026 0.33152688999999935 -0.4293511000000007 0.3362540800000003 0.6912669399999992 0.48602557999999996
26.333788707940286 0.2372810299999999 -2.2111160900000026 0.32998248999999935 -0.4292075800000007 0.3365061400000003 0.6915119799999992 0.48627464
26.344597302902336 0.23803726999999988 -2.2102873300000025 0.3308780299999993 -0.4292072800000007 0.33636654000000027 0.6913401599999992 0.48612143999999996
26.34459739340138 0.2396368699999999 -2.2086296900000026 0.3327820699999993 -0.4293374400000007 0.33619226000000024 0.6910111599999992 0.48588187999999993
26.349920566259623 0.23956590999999988 -2.2087474700000027 0.3328422899999993 -0.4294222200000007 0.33614586000000024 0.6909087999999992 0.4858118799999999
26.3499206228641 0.23916416999999987 -2.2090242900000026 0.33227928999999934 -0.4294041600000007 0.33628906000000025 0.6910563399999992 0.4859569199999999
